Pedestrian -1 -1 -10 585.000000 177.000000 618.000000 265.000000 1.708161 0.573042 0.740804 -0.172711 1.634140 12.937518 2.649614 0.996533
Car -1 -1 -10 297.000000 197.000000 389.000000 283.000000 1.441936 1.598671 3.896294 -5.597837 1.983890 13.935966 1.498214 0.994464
Car -1 -1 -10 758.000000 177.000000 1060.000000 363.000000 1.508016 1.576070 3.630550 2.685848 1.516401 7.404739 -1.598859 0.993686
Car -1 -1 -10 363.000000 189.000000 429.000000 251.000000 1.511811 1.604867 3.893512 -6.049033 1.999732 20.048832 -1.547402 0.992734
Car -1 -1 -10 684.000000 183.000000 798.000000 276.000000 1.513083 1.605146 3.779120 2.809451 1.630494 13.102454 -0.159414 0.988487
Car -1 -1 -10 658.000000 186.000000 714.000000 250.000000 1.465690 1.601636 3.865545 2.126392 1.709656 18.306116 -1.600233 0.973271
Car -1 -1 -10 625.000000 176.000000 668.000000 213.000000 1.525181 1.556147 3.577777 1.709681 1.925855 34.502648 -1.539831 0.966243
Pedestrian -1 -1 -10 518.000000 174.000000 531.000000 207.000000 1.773161 0.611785 0.741905 -4.568901 1.558421 37.449372 -1.690062 0.949300
Car -1 -1 -10 2.000000 180.000000 310.000000 356.000000 1.658549 1.633869 3.956898 -5.266409 1.812584 9.017071 1.520208 0.942639
Car -1 -1 -10 643.000000 180.000000 670.000000 234.000000 1.509696 1.523886 3.438887 2.147061 2.069397 34.480804 -0.846442 0.908650
Car -1 -1 -10 569.000000 170.000000 597.000000 202.000000 1.539541 1.591131 3.857352 -1.817362 1.428097 41.789316 -0.064580 0.876144
Car -1 -1 -10 615.000000 176.000000 632.000000 203.000000 1.535299 1.528864 3.477428 0.463421 1.847711 40.266883 -2.200160 0.870301
Pedestrian -1 -1 -10 328.000000 173.000000 346.000000 198.000000 1.750127 0.611183 0.669361 -10.423690 1.446239 27.310127 -1.951052 0.809269
Car -1 -1 -10 646.000000 179.000000 694.000000 235.000000 1.517687 1.603852 3.802361 2.125234 1.870911 23.264001 -1.549771 0.798926
Car -1 -1 -10 625.000000 178.000000 647.000000 211.000000 1.502707 1.532318 3.341370 1.291121 1.550045 38.679691 -2.228373 0.546558
Car -1 -1 -10 423.000000 176.000000 488.000000 217.000000 1.560304 1.538419 3.481393 -7.240972 2.012381 34.924767 -1.115668 0.542967
Car -1 -1 -10 607.000000 175.000000 628.000000 200.000000 1.514143 1.527930 3.344661 0.355723 1.427399 39.516020 1.053991 0.524998
