Cyclist -1 -1 -10 960.000000 184.000000 1073.000000 248.000000 1.698839 0.633632 1.615288 15.302642 1.602710 27.459845 1.550610 0.999213
Pedestrian -1 -1 -10 799.000000 168.000000 894.000000 340.000000 1.692579 0.607165 0.839715 1.928930 1.425359 6.107878 2.950805 0.997334
Cyclist -1 -1 -10 798.000000 254.000000 908.000000 368.000000 1.677343 0.484866 1.669980 2.048134 1.691252 5.801981 0.737780 0.990165
Cyclist -1 -1 -10 1203.000000 204.000000 1241.000000 256.000000 1.727062 0.555267 1.557892 15.041733 1.717974 17.989592 -1.403486 0.935638
Cyclist -1 -1 -10 690.000000 187.000000 739.000000 229.000000 1.679841 0.670496 1.637012 2.219974 1.654132 15.490838 3.256704 0.934703
Car -1 -1 -10 445.000000 168.000000 509.000000 208.000000 1.648137 1.642317 3.927337 -7.081887 1.683830 37.637264 1.923608 0.926568
Cyclist -1 -1 -10 476.000000 198.000000 521.000000 237.000000 1.701606 0.471883 1.470412 -2.826758 1.930010 17.571044 -1.738734 0.826430
Cyclist -1 -1 -10 446.000000 199.000000 474.000000 236.000000 1.717940 0.557476 1.585018 -5.511714 1.817743 25.731714 -1.820341 0.820776
Car -1 -1 -10 284.000000 157.000000 416.000000 260.000000 1.727970 1.655079 3.946306 -5.799642 1.675214 15.655030 -2.156630 0.813964
Car -1 -1 -10 182.000000 186.000000 225.000000 211.000000 1.566676 1.507799 3.318006 -20.478688 1.649313 37.035614 0.478950 0.774425
Car -1 -1 -10 423.000000 172.000000 440.000000 198.000000 1.682980 1.518232 3.396319 -11.976971 1.831626 47.574848 1.350712 0.644618
