Car -1 -1 -10 8.000000 201.000000 270.000000 335.000000 1.502803 1.585535 3.836871 -6.307767 2.029834 10.318005 1.500815 0.997758
Pedestrian -1 -1 -10 530.000000 177.000000 563.000000 260.000000 1.697773 0.575440 0.727717 -1.188187 1.610693 13.277589 -1.693694 0.997371
Car -1 -1 -10 701.000000 186.000000 983.000000 346.000000 1.488056 1.593655 3.746342 2.263433 1.579004 7.963340 -1.706377 0.997077
Car -1 -1 -10 611.000000 174.000000 724.000000 263.000000 1.499240 1.562694 3.574475 1.030677 1.547841 14.971252 -1.770914 0.992441
Car -1 -1 -10 332.000000 192.000000 369.000000 243.000000 1.534009 1.527439 3.436122 -8.600140 2.616064 25.194682 -2.574253 0.990770
Car -1 -1 -10 341.000000 187.000000 384.000000 232.000000 1.529035 1.620848 3.812903 -10.098334 2.151211 27.059717 -2.550000 0.987742
Car -1 -1 -10 577.000000 180.000000 627.000000 239.000000 1.488499 1.616904 3.925470 0.313861 1.853106 20.786806 -0.122262 0.978670
Car -1 -1 -10 234.000000 181.000000 341.000000 276.000000 1.706429 1.610153 3.855410 -7.009552 2.005456 15.516648 1.453378 0.970996
Car -1 -1 -10 1083.000000 182.000000 1242.000000 371.000000 1.524534 1.619893 3.892282 4.111890 1.330703 3.093396 -0.257126 0.967457
Pedestrian -1 -1 -10 786.000000 163.000000 812.000000 190.000000 1.803992 0.588765 0.663913 7.087949 1.196368 27.230075 0.816828 0.960417
Car -1 -1 -10 482.000000 170.000000 515.000000 205.000000 1.578349 1.651743 3.956926 -6.716597 1.588041 40.268403 -3.131807 0.953366
Cyclist -1 -1 -10 539.000000 215.000000 559.000000 272.000000 1.719354 0.535862 1.603223 -1.225372 1.664826 13.511034 -2.150860 0.932447
Car -1 -1 -10 373.000000 181.000000 411.000000 212.000000 1.562645 1.589800 3.861069 -13.314581 2.009050 42.331341 -3.344721 0.836659
Car -1 -1 -10 560.000000 180.000000 603.000000 227.000000 1.495632 1.624503 3.759331 -0.101423 1.789266 25.131706 -0.996984 0.568693
Car -1 -1 -10 366.000000 162.000000 442.000000 209.000000 1.521254 1.525193 3.420469 -14.050984 0.995866 46.432987 -2.498306 0.538199
