Car -1 -1 -10 718.000000 187.000000 868.000000 301.000000 1.514537 1.622633 3.749851 2.855599 1.635547 10.956936 -1.155806 0.997020
Pedestrian -1 -1 -10 541.000000 182.000000 578.000000 272.000000 1.719802 0.599209 0.787608 -0.984940 1.758591 13.406849 2.582647 0.996995
Car -1 -1 -10 601.000000 188.000000 719.000000 266.000000 1.477765 1.572341 3.611325 1.003699 1.722446 14.852320 -1.897587 0.994857
Car -1 -1 -10 188.000000 197.000000 314.000000 275.000000 1.498425 1.606549 3.866135 -7.890382 2.126613 16.376296 1.413398 0.993704
Car -1 -1 -10 273.000000 187.000000 346.000000 243.000000 1.536778 1.633184 3.910728 -9.674300 2.124369 22.211042 -3.307956 0.982427
Car -1 -1 -10 423.000000 177.000000 461.000000 214.000000 1.630128 1.663457 3.868780 -8.923814 1.973724 37.443335 -0.297640 0.945303
Car -1 -1 -10 558.000000 183.000000 615.000000 238.000000 1.468639 1.635564 3.867645 -1.351961 1.773732 21.792094 -2.097814 0.941828
Car -1 -1 -10 484.000000 184.000000 505.000000 216.000000 1.576336 1.559249 3.528347 -7.633686 2.321248 47.579422 -2.326919 0.926528
Car -1 -1 -10 488.000000 185.000000 529.000000 219.000000 1.502135 1.578196 3.777468 -3.517141 2.073929 31.015533 -0.685857 0.915771
Car -1 -1 -10 510.000000 185.000000 547.000000 226.000000 1.541722 1.588796 3.726031 -2.715398 2.324738 28.712427 -1.024457 0.904088
Cyclist -1 -1 -10 548.000000 221.000000 573.000000 276.000000 1.722527 0.541841 1.618577 -0.996357 1.694843 13.312826 -2.148393 0.829765
Car -1 -1 -10 321.000000 187.000000 349.000000 219.000000 1.508293 1.502719 3.274516 -11.764693 1.967656 30.831022 -1.942552 0.736222
Car -1 -1 -10 514.000000 183.000000 610.000000 232.000000 1.503285 1.581984 3.702782 -2.014648 1.941580 24.346732 -2.335570 0.720554
Car -1 -1 -10 303.000000 167.000000 379.000000 211.000000 1.507060 1.498032 3.326674 -13.975114 1.898696 37.187203 1.747773 0.642777
Car -1 -1 -10 233.000000 189.000000 327.000000 257.000000 1.529978 1.605942 3.863766 -8.086799 2.104508 17.625075 -1.836254 0.543530
Car -1 -1 -10 342.000000 170.000000 381.000000 209.000000 1.728851 1.575536 3.513956 -15.376622 1.120850 44.579134 0.817368 0.506361
