Pedestrian -1 -1 -10 514.000000 181.000000 549.000000 269.000000 1.720509 0.583383 0.740020 -1.486397 1.741660 13.319519 2.554097 0.997510
Car -1 -1 -10 768.000000 182.000000 957.000000 327.000000 1.512875 1.655977 3.872259 2.651879 1.530952 8.467208 -1.220175 0.996642
Car -1 -1 -10 609.000000 186.000000 763.000000 282.000000 1.478583 1.574037 3.622428 1.166685 1.631826 12.348526 -1.867161 0.995170
Car -1 -1 -10 124.000000 200.000000 284.000000 297.000000 1.502203 1.588745 3.852250 -7.612151 2.150166 13.944494 1.437511 0.992899
Car -1 -1 -10 244.000000 185.000000 322.000000 257.000000 1.546381 1.618945 3.913646 -8.934480 2.115887 19.347976 1.285306 0.983024
Car -1 -1 -10 310.000000 189.000000 341.000000 237.000000 1.549681 1.611922 3.751251 -11.096157 2.344152 25.391624 -2.612198 0.981713
Car -1 -1 -10 545.000000 179.000000 629.000000 246.000000 1.496848 1.574845 3.618039 -0.729288 1.725258 19.387286 -1.968805 0.981460
Car -1 -1 -10 488.000000 180.000000 509.000000 216.000000 1.580877 1.562956 3.516069 -7.288456 2.117228 47.205178 -2.313108 0.971244
Car -1 -1 -10 425.000000 174.000000 462.000000 212.000000 1.547564 1.626338 3.858938 -9.178739 1.845372 38.586046 -0.217647 0.951625
Car -1 -1 -10 499.000000 184.000000 521.000000 222.000000 1.527724 1.528474 3.478811 -4.208423 2.082672 29.409859 -2.343389 0.948083
Car -1 -1 -10 475.000000 182.000000 494.000000 207.000000 1.505122 1.591339 3.808945 -7.534842 1.880650 47.371238 -0.677041 0.930228
Car -1 -1 -10 481.000000 179.000000 505.000000 207.000000 1.554688 1.534385 3.426972 -7.038660 1.645535 41.671107 -2.413341 0.734618
Car -1 -1 -10 332.000000 167.000000 383.000000 211.000000 1.562005 1.596433 3.740660 -18.356015 2.561727 51.743837 -1.920231 0.575610
Cyclist -1 -1 -10 527.000000 224.000000 546.000000 277.000000 1.726274 0.565463 1.651022 -1.405966 1.726514 13.106168 -2.228534 0.564033
