Car -1 -1 -10 668.000000 182.000000 892.000000 316.000000 1.478729 1.571134 3.634959 1.973390 1.531698 9.103436 -1.750531 0.996063
Car -1 -1 -10 58.000000 198.000000 275.000000 314.000000 1.529187 1.599873 3.898394 -6.734287 2.036742 11.370515 1.465120 0.995934
Car -1 -1 -10 962.000000 176.000000 1241.000000 372.000000 1.529390 1.618364 3.787792 3.551659 1.467851 4.609758 -0.981233 0.994338
Pedestrian -1 -1 -10 521.000000 175.000000 557.000000 262.000000 1.721476 0.605990 0.758062 -1.342710 1.651406 13.330226 2.553058 0.993251
Car -1 -1 -10 591.000000 172.000000 687.000000 252.000000 1.510601 1.579430 3.702193 0.522294 1.526399 16.456424 -1.758186 0.993230
Car -1 -1 -10 328.000000 186.000000 366.000000 232.000000 1.526735 1.599657 3.748924 -10.577161 2.101548 26.982509 -2.552117 0.988008
Car -1 -1 -10 555.000000 178.000000 605.000000 232.000000 1.523893 1.631488 3.960800 0.544548 1.699069 20.893202 -0.927001 0.972116
Car -1 -1 -10 240.000000 179.000000 333.000000 266.000000 1.622014 1.606368 3.866727 -7.370046 1.981697 16.600030 1.366957 0.970363
Car -1 -1 -10 463.000000 168.000000 497.000000 204.000000 1.521254 1.525193 3.420469 -7.351837 1.134931 41.898626 -2.398572 0.943522
Pedestrian -1 -1 -10 430.000000 172.000000 442.000000 198.000000 1.753304 0.553054 0.827595 -9.345926 1.771284 38.286344 -2.302492 0.911256
Cyclist -1 -1 -10 528.000000 212.000000 553.000000 273.000000 1.718195 0.528142 1.579303 -1.564478 1.720101 15.047616 -1.694122 0.862760
Car -1 -1 -10 360.000000 180.000000 393.000000 209.000000 1.543725 1.616132 3.874062 -13.957898 1.996232 43.980479 2.238546 0.642570
Car -1 -1 -10 350.000000 160.000000 424.000000 207.000000 1.590876 1.503699 3.247764 -12.909731 1.701556 41.622448 1.769601 0.626530
