Pedestrian -1 -1 -10 517.000000 183.000000 554.000000 271.000000 1.719381 0.606337 0.793514 -1.473261 1.793601 13.377366 2.544416 0.997284
Car -1 -1 -10 748.000000 183.000000 923.000000 317.000000 1.526020 1.647316 3.831343 2.473824 1.597166 9.099563 -1.242129 0.996794
Car -1 -1 -10 602.000000 188.000000 747.000000 278.000000 1.487238 1.574087 3.590058 1.076883 1.721603 13.096457 -1.838695 0.993655
Car -1 -1 -10 137.000000 199.000000 290.000000 295.000000 1.513575 1.607324 3.907672 -7.773078 2.198706 14.664236 1.385846 0.991397
Car -1 -1 -10 546.000000 181.000000 621.000000 245.000000 1.518172 1.586828 3.691515 -0.888852 1.791252 20.145755 -1.933274 0.985399
Car -1 -1 -10 251.000000 189.000000 323.000000 254.000000 1.563898 1.610402 3.849448 -9.276796 2.160682 20.061444 1.273947 0.982307
Car -1 -1 -10 310.000000 192.000000 340.000000 236.000000 1.534016 1.500824 3.304369 -12.403451 2.341675 30.486032 -2.654342 0.954103
Car -1 -1 -10 485.000000 182.000000 507.000000 219.000000 1.521254 1.525193 3.420469 -4.674887 2.796172 30.354806 -2.377032 0.949080
Car -1 -1 -10 421.000000 178.000000 457.000000 215.000000 1.528528 1.618563 3.849070 -9.323715 1.889252 38.147012 -3.221943 0.945163
Car -1 -1 -10 491.000000 184.000000 521.000000 225.000000 1.531166 1.555802 3.576172 -4.343489 2.243364 31.995545 -1.687547 0.901810
Car -1 -1 -10 471.000000 184.000000 490.000000 209.000000 1.521254 1.525193 3.420470 -8.964419 2.027852 47.311582 -2.397901 0.890056
Cyclist -1 -1 -10 527.000000 224.000000 549.000000 280.000000 1.719026 0.543339 1.614618 -1.400538 1.699618 13.260186 -2.178336 0.819991
Car -1 -1 -10 333.000000 172.000000 381.000000 213.000000 1.866385 1.643141 3.956117 -18.519856 2.239078 49.777564 -1.393024 0.672524
Car -1 -1 -10 475.000000 182.000000 500.000000 209.000000 1.528011 1.464500 3.143378 -7.017778 1.760250 41.041841 0.811705 0.612524
