Cyclist -1 -1 -10 908.000000 190.000000 1006.000000 251.000000 1.685083 0.525765 1.697795 7.146764 1.508924 15.003474 1.488695 0.998383
Pedestrian -1 -1 -10 805.000000 167.000000 897.000000 362.000000 1.708233 0.624775 0.803137 1.924007 1.548834 5.954040 2.958894 0.997989
Cyclist -1 -1 -10 1114.000000 198.000000 1234.000000 259.000000 1.749108 0.631536 1.580874 14.605067 1.696146 18.901123 -1.458110 0.997610
Cyclist -1 -1 -10 801.000000 248.000000 919.000000 368.000000 1.676894 0.458799 1.657548 2.091297 1.727963 5.705236 -1.788161 0.983529
Cyclist -1 -1 -10 655.000000 191.000000 705.000000 231.000000 1.695721 0.697236 1.729544 1.548524 1.786547 15.513449 3.215742 0.944413
Car -1 -1 -10 285.000000 161.000000 421.000000 266.000000 1.739752 1.656558 4.073375 -5.599205 1.724062 15.274283 -2.151753 0.923714
Car -1 -1 -10 433.000000 172.000000 481.000000 210.000000 1.573815 1.605638 3.732025 -8.471573 1.821386 38.119170 1.855363 0.818331
Cyclist -1 -1 -10 456.000000 201.000000 501.000000 240.000000 1.697808 0.449312 1.435927 -3.465736 1.993902 18.331555 -1.765341 0.784644
Cyclist -1 -1 -10 423.000000 200.000000 454.000000 238.000000 1.698212 0.493320 1.540698 -5.950022 2.080661 24.552257 -3.319073 0.682737
Pedestrian -1 -1 -10 154.000000 188.000000 171.000000 217.000000 1.719732 0.562171 0.691252 -20.290263 2.069154 32.658563 -2.698517 0.562342
