Car -1 -1 -10 843.000000 187.000000 942.000000 244.000000 1.475404 1.595304 3.769760 8.011913 1.748101 20.564370 -0.898877 0.992718
Pedestrian -1 -1 -10 801.000000 178.000000 839.000000 274.000000 1.719644 0.579713 0.778783 3.637533 1.595501 12.572415 2.941153 0.992013
Car -1 -1 -10 757.000000 180.000000 805.000000 219.000000 1.520027 1.619098 3.882664 8.129368 1.881795 33.619599 -1.440106 0.987877
Car -1 -1 -10 112.000000 180.000000 249.000000 270.000000 1.492599 1.503050 3.315383 -8.514236 2.084847 15.070324 1.551755 0.985491
Car -1 -1 -10 569.000000 176.000000 623.000000 218.000000 1.542941 1.601107 3.775735 -0.745379 1.771453 28.230094 2.071326 0.966770
Car -1 -1 -10 735.000000 182.000000 764.000000 211.000000 1.509364 1.510896 3.360150 7.528188 1.934290 39.057148 2.300308 0.951789
Car -1 -1 -10 681.000000 169.000000 726.000000 213.000000 1.612919 1.654834 3.910986 4.593361 1.646719 34.527894 0.068016 0.949468
Car -1 -1 -10 793.000000 187.000000 854.000000 226.000000 1.501476 1.593577 3.706492 7.560900 1.942674 25.231404 -1.794069 0.889833
Car -1 -1 -10 822.000000 186.000000 852.000000 224.000000 1.500392 1.589433 3.803928 7.766004 1.682621 24.362740 -1.897061 0.862835
Pedestrian -1 -1 -10 571.000000 169.000000 585.000000 194.000000 1.751759 0.548293 0.917589 -1.748326 1.864223 35.434250 -2.123905 0.792339
Car -1 -1 -10 723.000000 179.000000 741.000000 206.000000 1.518622 1.512690 3.290939 6.593603 1.843537 39.792070 -2.100006 0.750701
Pedestrian -1 -1 -10 271.000000 180.000000 296.000000 221.000000 1.745660 0.614197 0.766406 -10.813093 1.488189 23.863844 0.101885 0.593082
