Car -1 -1 -10 801.000000 188.000000 904.000000 252.000000 1.474143 1.597315 3.817698 6.176465 1.774472 18.235116 -0.933775 0.996340
Pedestrian -1 -1 -10 762.000000 183.000000 801.000000 268.000000 1.685501 0.612067 0.782265 2.966980 1.693025 12.946695 -1.765239 0.993435
Car -1 -1 -10 0.000000 200.000000 161.000000 316.000000 1.509046 1.600574 3.861567 -7.301898 1.978520 8.938490 -2.881801 0.992332
Car -1 -1 -10 694.000000 181.000000 748.000000 223.000000 1.524462 1.585475 3.810275 5.062602 1.920184 31.382611 -1.435944 0.984723
Car -1 -1 -10 488.000000 180.000000 549.000000 226.000000 1.525297 1.590478 3.724698 -3.233472 1.835561 25.741829 1.548443 0.983326
Car -1 -1 -10 737.000000 188.000000 807.000000 235.000000 1.500935 1.613746 3.848993 5.683207 1.904917 23.388442 -0.709563 0.963120
Car -1 -1 -10 671.000000 183.000000 702.000000 215.000000 1.521254 1.525193 3.420469 3.863467 2.692712 32.160371 -2.114737 0.957450
Car -1 -1 -10 609.000000 171.000000 653.000000 212.000000 1.538290 1.638089 3.854584 1.427080 1.719297 35.839358 -0.133967 0.942589
Car -1 -1 -10 736.000000 190.000000 769.000000 236.000000 1.506730 1.501926 3.233098 6.855382 1.921071 35.241299 2.293781 0.904439
Car -1 -1 -10 658.000000 182.000000 689.000000 209.000000 1.525694 1.524634 3.460043 3.546866 1.870410 40.013644 -0.857119 0.856557
Pedestrian -1 -1 -10 108.000000 183.000000 139.000000 237.000000 1.743300 0.607032 0.613889 -16.975944 1.639351 24.880003 -2.166750 0.845360
Car -1 -1 -10 651.000000 181.000000 677.000000 209.000000 1.523815 1.557990 3.624930 2.708178 2.161971 44.575496 -0.859309 0.806512
Cyclist -1 -1 -10 774.000000 224.000000 796.000000 281.000000 1.707422 0.558018 1.626047 3.070734 1.706714 12.843513 -2.869721 0.507235
