Pedestrian -1 -1 -10 709.000000 182.000000 746.000000 275.000000 1.734464 0.590394 0.758647 2.151973 1.807645 13.157197 2.806544 0.998333
Car -1 -1 -10 766.000000 191.000000 878.000000 262.000000 1.485581 1.593925 3.707936 4.831653 1.793371 16.279274 -0.979941 0.996884
Car -1 -1 -10 414.000000 178.000000 490.000000 232.000000 1.517335 1.622818 3.859537 -5.138721 1.807570 23.022648 1.507488 0.986425
Car -1 -1 -10 647.000000 182.000000 702.000000 228.000000 1.498721 1.586559 3.711242 2.476003 1.879667 27.800847 -1.670037 0.981316
Car -1 -1 -10 690.000000 190.000000 776.000000 242.000000 1.508453 1.579846 3.692601 3.693268 1.837687 20.642025 -1.903759 0.959982
Car -1 -1 -10 620.000000 184.000000 657.000000 217.000000 1.545756 1.597870 3.890514 0.766976 2.721294 34.638948 -3.055306 0.944952
Car -1 -1 -10 550.000000 171.000000 590.000000 212.000000 1.582432 1.660050 3.860082 -2.037699 1.711237 36.610311 -1.591885 0.925982
Car -1 -1 -10 0.000000 275.000000 19.000000 335.000000 1.500308 1.454592 3.157750 -8.942909 1.943627 10.707588 0.252048 0.906805
Car -1 -1 -10 596.000000 181.000000 619.000000 208.000000 1.514287 1.515608 3.337483 -0.206302 1.927642 40.517812 2.097616 0.902076
Car -1 -1 -10 607.000000 183.000000 639.000000 212.000000 1.667998 1.556048 3.469754 0.632185 1.883382 46.505242 -2.180112 0.853446
Car -1 -1 -10 589.000000 179.000000 609.000000 204.000000 1.521254 1.525193 3.420468 -1.146330 2.497167 50.540924 -2.235637 0.818323
Car -1 -1 -10 731.000000 190.000000 774.000000 238.000000 1.436390 1.618088 3.874029 3.093875 1.827815 20.735198 -1.888533 0.535565
