Car -1 -1 -10 738.000000 189.000000 860.000000 272.000000 1.484201 1.587957 3.670702 3.887924 1.746275 14.652323 -1.079256 0.997111
Car -1 -1 -10 352.000000 179.000000 439.000000 238.000000 1.517064 1.611210 3.865893 -6.364108 1.832924 21.144875 1.441753 0.992225
Pedestrian -1 -1 -10 658.000000 181.000000 697.000000 270.000000 1.713745 0.593046 0.840070 1.202124 1.697962 13.322723 2.763075 0.986500
Car -1 -1 -10 502.000000 171.000000 544.000000 210.000000 1.533326 1.674488 3.968891 -4.293180 1.746118 37.227713 -1.699717 0.984642
Car -1 -1 -10 605.000000 180.000000 663.000000 227.000000 1.490933 1.593572 3.780987 0.856547 1.853954 26.324886 -1.690320 0.980381
Car -1 -1 -10 677.000000 188.000000 748.000000 246.000000 1.424967 1.612235 3.720584 2.198243 1.795285 19.010177 -1.945872 0.979142
Car -1 -1 -10 579.000000 184.000000 616.000000 218.000000 1.526164 1.555724 3.572560 -1.734631 2.650132 32.826696 -2.247420 0.973879
Cyclist -1 -1 -10 666.000000 216.000000 692.000000 273.000000 1.692600 0.438898 1.421867 1.631283 2.066286 18.177978 -1.477399 0.911215
Car -1 -1 -10 560.000000 181.000000 593.000000 212.000000 1.517977 1.532119 3.486979 -1.305789 2.442395 33.753096 1.002740 0.888351
Car -1 -1 -10 554.000000 180.000000 580.000000 209.000000 1.541208 1.521075 3.418177 -2.218494 1.770251 41.183061 -0.983099 0.862946
Car -1 -1 -10 552.000000 179.000000 570.000000 205.000000 1.531597 1.590687 3.666933 -3.438627 1.723279 49.191216 -1.645796 0.836582
Pedestrian -1 -1 -10 656.000000 180.000000 681.000000 248.000000 1.746837 0.618326 0.766427 1.958239 1.417670 25.613816 2.687423 0.787202
Car -1 -1 -10 390.000000 172.000000 440.000000 201.000000 1.509201 1.491486 3.232197 -9.915236 1.749009 36.500008 0.785279 0.758316
