Pedestrian -1 -1 -10 990.000000 171.000000 1048.000000 297.000000 1.703006 0.587506 0.742524 4.664671 1.554379 8.314586 3.159813 0.998848
Car -1 -1 -10 1156.000000 161.000000 1241.000000 283.000000 1.640319 1.668800 4.027084 10.692269 1.490277 12.091183 -0.356100 0.978670
Cyclist -1 -1 -10 567.000000 190.000000 638.000000 244.000000 1.721201 0.564547 1.582878 -0.276905 1.786572 19.146575 -1.055392 0.972319
Pedestrian -1 -1 -10 819.000000 175.000000 842.000000 236.000000 1.719737 0.564319 0.666001 5.599653 1.553069 18.455798 2.993791 0.942475
Cyclist -1 -1 -10 996.000000 235.000000 1030.000000 315.000000 1.719289 0.530738 1.588529 5.791176 1.585833 10.544104 -0.556100 0.934137
Cyclist -1 -1 -10 90.000000 208.000000 191.000000 271.000000 1.732863 0.578795 1.741090 -8.404650 2.088680 13.207014 -1.718748 0.932558
Car -1 -1 -10 1103.000000 163.000000 1191.000000 236.000000 1.630596 1.675304 3.892983 14.299652 1.551621 18.706683 -0.900681 0.880304
Car -1 -1 -10 328.000000 196.000000 430.000000 236.000000 1.492775 1.592074 3.789850 -6.762485 1.904458 21.332888 -0.364756 0.829482
Cyclist -1 -1 -10 566.000000 203.000000 597.000000 243.000000 1.704029 0.509780 1.539862 -1.203350 2.023634 24.768295 -2.186364 0.649576
Car -1 -1 -10 394.000000 193.000000 443.000000 227.000000 1.510645 1.502301 3.233034 -9.355617 1.933676 34.865711 1.845192 0.604330
Car -1 -1 -10 563.000000 182.000000 638.000000 224.000000 1.504725 1.497285 3.236657 -0.402716 1.865409 28.435241 2.066436 0.510673
