Pedestrian -1 -1 -10 788.000000 180.000000 826.000000 262.000000 1.705448 0.583940 0.777999 3.454581 1.599108 12.630828 -1.362889 0.995117
Car -1 -1 -10 823.000000 186.000000 924.000000 246.000000 1.484345 1.610500 3.868651 7.330796 1.729897 19.829082 -0.886554 0.993013
Car -1 -1 -10 1.000000 180.000000 215.000000 290.000000 1.504859 1.598446 3.981424 -8.135009 1.699482 10.810598 -0.056398 0.990302
Car -1 -1 -10 732.000000 179.000000 781.000000 219.000000 1.491422 1.606720 3.798543 6.683950 1.750229 31.830784 -1.506966 0.989010
Car -1 -1 -10 651.000000 169.000000 696.000000 211.000000 1.569341 1.616392 3.821168 3.079978 1.590687 35.181076 0.026979 0.978374
Car -1 -1 -10 541.000000 177.000000 593.000000 219.000000 1.554786 1.602149 3.851706 -2.580843 1.795973 28.555875 -3.100571 0.973917
Car -1 -1 -10 708.000000 182.000000 739.000000 211.000000 1.521254 1.525193 3.420469 5.618224 2.000816 41.080282 -2.064309 0.947084
Car -1 -1 -10 767.000000 186.000000 836.000000 229.000000 1.520651 1.602313 3.845344 7.283504 1.919036 24.814350 -0.128667 0.946164
Pedestrian -1 -1 -10 1164.000000 116.000000 1239.000000 371.000000 1.765400 0.605154 0.772208 8.961816 1.747498 11.145143 3.301943 0.821224
Pedestrian -1 -1 -10 211.000000 180.000000 236.000000 228.000000 1.738632 0.609490 0.791073 -10.118487 1.719802 18.858576 -0.014467 0.813574
Car -1 -1 -10 693.000000 178.000000 711.000000 206.000000 1.516748 1.514471 3.303262 5.003536 1.866536 40.212405 -2.136114 0.802082
Pedestrian -1 -1 -10 541.000000 168.000000 555.000000 193.000000 1.724954 0.557958 0.802135 -3.426181 1.976991 38.298397 -2.194596 0.766064
Car -1 -1 -10 697.000000 179.000000 725.000000 206.000000 1.537967 1.520566 3.377087 6.018109 1.670543 41.188521 -0.759170 0.752193
Car -1 -1 -10 807.000000 186.000000 833.000000 216.000000 1.492743 1.493467 3.257806 10.405311 1.758271 35.941860 1.315108 0.725254
Car -1 -1 -10 769.000000 185.000000 795.000000 229.000000 1.503946 1.501648 3.255151 8.385487 1.916064 35.532716 -1.361288 0.724868
Pedestrian -1 -1 -10 1165.000000 205.000000 1219.000000 372.000000 1.783059 0.610644 0.691696 5.689744 1.217489 7.091559 -0.894758 0.699852
