Pedestrian -1 -1 -10 509.000000 177.000000 549.000000 270.000000 1.726482 0.590256 0.745521 -1.527298 1.749171 13.346812 -2.142448 0.996061
Car -1 -1 -10 791.000000 177.000000 1005.000000 355.000000 1.508832 1.643795 3.789398 3.086250 1.507735 7.788628 -1.162349 0.996057
Car -1 -1 -10 114.000000 199.000000 283.000000 299.000000 1.509562 1.598023 3.939566 -7.513943 2.110295 13.583067 1.388034 0.995863
Car -1 -1 -10 617.000000 183.000000 781.000000 283.000000 1.480570 1.570104 3.595079 1.305507 1.612364 11.738895 -1.833597 0.992758
Car -1 -1 -10 547.000000 176.000000 639.000000 246.000000 1.520220 1.570797 3.660881 -0.461981 1.629413 18.881103 -1.804102 0.982978
Car -1 -1 -10 248.000000 183.000000 321.000000 257.000000 1.563650 1.592263 3.607570 -8.645891 2.126427 17.744473 0.539961 0.982866
Car -1 -1 -10 310.000000 187.000000 344.000000 238.000000 1.507658 1.599388 3.808128 -10.661023 2.166305 24.253382 -2.598228 0.982663
Car -1 -1 -10 429.000000 172.000000 466.000000 209.000000 1.544625 1.537463 3.496358 -9.119767 1.832744 39.274795 -2.440684 0.912590
Car -1 -1 -10 496.000000 178.000000 521.000000 214.000000 1.510853 1.497150 3.372223 -4.538441 2.189082 34.640480 -1.069191 0.906357
Car -1 -1 -10 481.000000 176.000000 512.000000 204.000000 1.505445 1.586583 3.750918 -7.304420 1.809372 46.798160 -1.043334 0.887659
Car -1 -1 -10 495.000000 179.000000 563.000000 219.000000 1.496970 1.593028 3.804433 -3.051338 1.817452 29.764325 -1.028105 0.716533
Car -1 -1 -10 538.000000 181.000000 563.000000 207.000000 1.495081 1.500452 3.256234 -3.014473 1.896056 35.437793 2.003995 0.687364
Car -1 -1 -10 943.000000 174.000000 1008.000000 216.000000 1.490416 1.507296 3.280463 13.486086 1.851088 26.817087 2.581029 0.623137
