Pedestrian -1 -1 -10 515.000000 174.000000 552.000000 260.000000 1.707465 0.608323 0.752060 -1.432244 1.588929 13.294728 2.547863 0.998893
Car -1 -1 -10 87.000000 196.000000 282.000000 309.000000 1.514643 1.599272 3.901201 -7.108027 2.064581 12.557282 1.443079 0.997121
Car -1 -1 -10 641.000000 179.000000 827.000000 295.000000 1.474029 1.569780 3.584838 1.619687 1.549877 10.520678 -1.772535 0.996331
Car -1 -1 -10 861.000000 174.000000 1144.000000 364.000000 1.495097 1.629139 3.810564 2.941783 1.429004 6.549447 -1.462293 0.994300
Car -1 -1 -10 568.000000 171.000000 660.000000 247.000000 1.516280 1.559494 3.585091 0.023009 1.518302 17.609392 -1.785482 0.991265
Car -1 -1 -10 317.000000 185.000000 355.000000 236.000000 1.529107 1.606455 3.803513 -10.921250 2.284910 27.464185 -2.968826 0.985084
Car -1 -1 -10 245.000000 179.000000 327.000000 260.000000 1.625212 1.613934 3.808751 -8.035781 2.000519 17.449364 1.383328 0.973091
Car -1 -1 -10 445.000000 168.000000 480.000000 205.000000 1.521254 1.525193 3.420469 -8.276102 1.154291 41.378376 -2.421938 0.963819
Car -1 -1 -10 501.000000 173.000000 532.000000 202.000000 1.521254 1.525193 3.420470 -5.873012 2.270068 40.486876 -2.349217 0.931262
Pedestrian -1 -1 -10 412.000000 172.000000 422.000000 198.000000 1.736762 0.594571 0.660195 -10.945852 2.375152 40.442572 -2.362854 0.911814
Car -1 -1 -10 539.000000 177.000000 581.000000 224.000000 1.492428 1.606198 3.782742 -0.576859 1.600820 21.944273 0.936383 0.909902
Car -1 -1 -10 498.000000 174.000000 515.000000 200.000000 1.532880 1.609069 3.814451 -5.677068 1.527817 45.888670 -1.019847 0.888475
Cyclist -1 -1 -10 527.000000 219.000000 547.000000 270.000000 1.717154 0.544622 1.612733 -1.414065 1.694295 13.236329 -2.182006 0.835234
Car -1 -1 -10 336.000000 160.000000 408.000000 203.000000 1.521254 1.525193 3.420469 -16.773600 0.790059 49.934314 -2.538760 0.593715
Car -1 -1 -10 511.000000 176.000000 579.000000 216.000000 1.522166 1.550568 3.377508 -2.936952 1.871745 30.222043 -0.979441 0.593441
