Pedestrian -1 -1 -10 510.000000 174.000000 549.000000 264.000000 1.719174 0.581818 0.715807 -1.493430 1.646391 13.308082 2.555712 0.997758
Car -1 -1 -10 626.000000 180.000000 799.000000 287.000000 1.472463 1.577041 3.632714 1.470774 1.537010 11.185044 -1.805352 0.995375
Car -1 -1 -10 99.000000 196.000000 280.000000 306.000000 1.510000 1.602175 3.931924 -7.330985 2.093330 12.966930 1.419333 0.994572
Car -1 -1 -10 823.000000 174.000000 1061.000000 364.000000 1.522965 1.648088 3.840195 3.213549 1.459104 7.069359 -1.117093 0.994332
Car -1 -1 -10 560.000000 172.000000 647.000000 245.000000 1.517113 1.565116 3.588873 -0.269834 1.553530 18.289127 -1.796291 0.993392
Car -1 -1 -10 311.000000 186.000000 350.000000 234.000000 1.543983 1.581102 3.748751 -9.878276 2.276753 25.471021 -2.542332 0.989976
Car -1 -1 -10 245.000000 181.000000 325.000000 260.000000 1.602811 1.593633 3.589341 -8.255103 2.139100 17.529540 0.490331 0.969385
Car -1 -1 -10 437.000000 169.000000 471.000000 207.000000 1.548956 1.629132 3.924218 -9.108749 1.626247 38.750334 -3.208303 0.969210
Car -1 -1 -10 502.000000 175.000000 522.000000 211.000000 1.570034 1.566423 3.518406 -6.313209 1.960172 46.633020 -2.280880 0.921672
Car -1 -1 -10 489.000000 176.000000 507.000000 202.000000 1.528883 1.487698 3.333129 -6.804454 1.943661 40.258190 -2.409124 0.910578
Car -1 -1 -10 534.000000 178.000000 572.000000 224.000000 1.500778 1.592183 3.762646 -1.234971 1.453889 22.683974 -1.001565 0.797487
Car -1 -1 -10 502.000000 176.000000 568.000000 217.000000 1.500066 1.598878 3.820215 -2.374416 1.522193 29.209814 -0.286646 0.756226
Cyclist -1 -1 -10 529.000000 219.000000 544.000000 268.000000 1.723312 0.544853 1.620406 -1.445479 1.778366 12.931618 -2.221239 0.664146
Car -1 -1 -10 338.000000 162.000000 397.000000 206.000000 1.596846 1.617803 3.895236 -15.842473 1.750016 47.836689 -0.887090 0.565273
