Pedestrian -1 -1 -10 546.000000 177.000000 579.000000 265.000000 1.705377 0.565163 0.690509 -0.862702 1.664334 13.116731 0.425613 0.998271
Car -1 -1 -10 0.000000 208.000000 247.000000 368.000000 1.537900 1.588589 3.809540 -5.887362 2.017540 8.682558 1.522738 0.997656
Car -1 -1 -10 763.000000 189.000000 1216.000000 372.000000 1.494176 1.598743 3.829448 2.559610 1.501297 5.872599 -1.635569 0.995911
Car -1 -1 -10 645.000000 174.000000 787.000000 273.000000 1.501741 1.578972 3.678080 1.722928 1.514597 13.007015 -1.723511 0.994635
Car -1 -1 -10 337.000000 193.000000 382.000000 249.000000 1.501371 1.594703 3.774973 -7.563431 2.249850 19.734827 -2.559951 0.993139
Car -1 -1 -10 357.000000 187.000000 405.000000 232.000000 1.542977 1.626611 3.905941 -9.017334 2.025661 25.301782 -3.287432 0.992430
Car -1 -1 -10 608.000000 179.000000 668.000000 247.000000 1.479214 1.595437 3.770909 0.882024 1.702927 18.732735 -1.680062 0.991545
Pedestrian -1 -1 -10 860.000000 162.000000 896.000000 202.000000 1.798912 0.595471 0.646364 9.600728 1.088823 25.976400 2.949995 0.979884
Car -1 -1 -10 217.000000 180.000000 346.000000 286.000000 1.705011 1.621368 3.965838 -6.385359 1.942903 13.881824 1.465123 0.976043
Car -1 -1 -10 579.000000 177.000000 602.000000 217.000000 1.501618 1.496244 3.297831 -0.899458 2.041048 31.044686 -0.930152 0.944102
Pedestrian -1 -1 -10 474.000000 172.000000 485.000000 202.000000 1.754597 0.572495 0.721406 -7.386342 1.923519 40.478520 -2.252867 0.931509
Car -1 -1 -10 589.000000 181.000000 623.000000 226.000000 1.539059 1.579014 3.773625 0.263936 1.670394 22.651161 -0.537203 0.919730
Car -1 -1 -10 510.000000 169.000000 543.000000 204.000000 1.578327 1.559176 3.475902 -4.892594 1.688337 42.660685 -1.025820 0.832983
Car -1 -1 -10 379.000000 158.000000 470.000000 209.000000 1.529086 1.560151 3.593035 -11.661973 0.757336 45.029071 -1.179536 0.698859
Car -1 -1 -10 358.000000 193.000000 385.000000 241.000000 1.504280 1.511627 3.271144 -10.094285 1.978782 30.185635 0.727513 0.691074
Car -1 -1 -10 570.000000 176.000000 596.000000 212.000000 1.485198 1.488326 3.252105 -1.392795 1.815751 34.129359 2.062654 0.611018
Car -1 -1 -10 602.000000 182.000000 632.000000 233.000000 1.522313 1.609254 3.898485 1.513561 1.631062 19.055811 -0.879901 0.511031
