Car -1 -1 -10 776.000000 190.000000 883.000000 259.000000 1.480802 1.608582 3.810246 5.208280 1.775402 16.931700 -0.979578 0.994912
Pedestrian -1 -1 -10 723.000000 183.000000 762.000000 278.000000 1.722105 0.603330 0.714305 2.406269 1.796714 13.080369 1.822134 0.994789
Car -1 -1 -10 1.000000 251.000000 64.000000 339.000000 1.535621 1.602650 3.816225 -6.392346 2.014915 6.240887 1.498312 0.988866
Car -1 -1 -10 657.000000 182.000000 713.000000 226.000000 1.498831 1.579530 3.644736 3.071294 1.871318 28.261892 -1.663403 0.985643
Car -1 -1 -10 435.000000 178.000000 505.000000 230.000000 1.518323 1.591674 3.782039 -4.575628 1.800497 23.614965 1.509166 0.977103
Car -1 -1 -10 703.000000 188.000000 781.000000 237.000000 1.536545 1.579839 3.701112 4.021716 1.851549 21.279993 -1.946073 0.969808
Car -1 -1 -10 564.000000 171.000000 606.000000 212.000000 1.533380 1.611652 3.824016 -0.576899 1.846895 36.764803 -0.038615 0.951507
Car -1 -1 -10 634.000000 184.000000 667.000000 217.000000 1.523350 1.538773 3.494507 2.090727 1.915519 32.095655 -0.871676 0.903408
Car -1 -1 -10 610.000000 182.000000 635.000000 209.000000 1.521776 1.520091 3.419354 0.635676 1.926133 39.749171 1.059712 0.882131
Car -1 -1 -10 621.000000 183.000000 652.000000 212.000000 1.664553 1.556117 3.465279 1.496617 1.883240 46.421182 -2.163198 0.853725
Car -1 -1 -10 704.000000 189.000000 733.000000 238.000000 1.508701 1.506808 3.317626 5.437118 1.988898 36.285159 2.259340 0.704286
Car -1 -1 -10 744.000000 189.000000 782.000000 233.000000 1.507893 1.609086 3.856579 3.622641 1.666031 20.866664 -1.883091 0.634892
Cyclist -1 -1 -10 1143.000000 227.000000 1236.000000 303.000000 1.703110 0.574389 1.659821 8.657773 2.382391 10.870987 -0.356254 0.585267
