Car -1 -1 -10 749.000000 190.000000 867.000000 272.000000 1.485173 1.601857 3.710691 4.248862 1.794881 15.351743 -1.055947 0.996867
Car -1 -1 -10 376.000000 177.000000 455.000000 233.000000 1.516561 1.597964 3.864616 -6.019164 1.824919 21.878454 1.505303 0.989389
Car -1 -1 -10 619.000000 180.000000 678.000000 227.000000 1.496338 1.591408 3.750328 1.452503 1.871248 26.628865 -1.881158 0.986054
Pedestrian -1 -1 -10 675.000000 182.000000 715.000000 275.000000 1.739305 0.594836 0.771387 1.553445 1.779285 13.279213 2.751023 0.984636
Car -1 -1 -10 594.000000 183.000000 630.000000 219.000000 1.580179 1.563049 3.680214 -0.511797 2.132927 35.473050 1.003813 0.981881
Car -1 -1 -10 517.000000 170.000000 559.000000 210.000000 1.513303 1.633205 3.840344 -3.289912 1.622332 36.934040 -0.241530 0.979688
Car -1 -1 -10 682.000000 189.000000 754.000000 247.000000 1.451442 1.629947 3.827100 2.696246 1.802957 19.533426 -1.913235 0.978263
Car -1 -1 -10 569.000000 180.000000 595.000000 209.000000 1.587809 1.564427 3.524660 -1.871759 2.119952 47.400674 -2.221895 0.871656
Car -1 -1 -10 575.000000 181.000000 607.000000 212.000000 1.510968 1.567659 3.659877 -0.730061 2.400379 34.587362 1.030551 0.852468
Car -1 -1 -10 407.000000 170.000000 459.000000 200.000000 1.514170 1.497555 3.236152 -9.084332 1.745422 36.889120 0.808826 0.791900
