Pedestrian -1 -1 -10 694.000000 168.000000 771.000000 311.000000 1.677680 0.622193 0.800214 1.187748 1.409219 7.297765 2.794973 0.998445
Cyclist -1 -1 -10 861.000000 187.000000 946.000000 249.000000 1.742557 0.665685 1.643677 9.377981 1.612500 23.412501 3.452940 0.991724
Cyclist -1 -1 -10 687.000000 236.000000 790.000000 341.000000 1.682776 0.471033 1.673635 1.261137 1.533295 7.108098 0.707534 0.985577
Cyclist -1 -1 -10 582.000000 199.000000 640.000000 258.000000 1.677109 0.707957 1.708976 0.058688 1.730853 16.630256 3.097888 0.959540
Car -1 -1 -10 560.000000 162.000000 627.000000 205.000000 1.559013 1.633148 3.836532 -1.032329 1.306708 34.819644 -2.232614 0.938695
Cyclist -1 -1 -10 544.000000 202.000000 581.000000 250.000000 1.714318 0.594464 1.642371 -0.960962 1.954775 13.926207 -2.124054 0.838869
Pedestrian -1 -1 -10 457.000000 170.000000 469.000000 203.000000 1.789465 0.598386 0.837776 -6.435806 1.079135 31.688215 -3.337527 0.705982
Car -1 -1 -10 285.000000 180.000000 331.000000 212.000000 1.615438 1.531115 3.366606 -17.123505 1.881220 41.059113 -1.344423 0.700549
Car -1 -1 -10 328.000000 159.000000 417.000000 250.000000 1.614679 1.648671 3.912253 -5.829504 1.637076 17.365332 -1.902183 0.689581
Car -1 -1 -10 664.000000 160.000000 697.000000 189.000000 1.528952 1.529333 3.343742 3.580278 1.120006 37.328909 -0.858871 0.657981
Cyclist -1 -1 -10 555.000000 194.000000 627.000000 251.000000 1.727049 0.581641 1.738393 -0.530242 1.568454 13.930555 -2.069907 0.525392
