Car -1 -1 -10 714.000000 186.000000 859.000000 292.000000 1.503075 1.628605 3.712819 2.887952 1.631151 11.583768 -1.164916 0.996807
Car -1 -1 -10 604.000000 188.000000 720.000000 262.000000 1.495525 1.569924 3.555045 1.028098 1.755270 15.306796 -1.898146 0.994091
Pedestrian -1 -1 -10 554.000000 180.000000 590.000000 272.000000 1.715557 0.595617 0.774870 -0.737600 1.746941 13.391553 2.601121 0.993922
Car -1 -1 -10 214.000000 192.000000 329.000000 267.000000 1.511014 1.609261 3.871339 -7.882108 2.093811 16.950555 1.366720 0.991930
Car -1 -1 -10 285.000000 184.000000 353.000000 243.000000 1.563022 1.632212 3.944591 -9.659910 2.062283 22.876699 -1.881675 0.978393
Car -1 -1 -10 490.000000 184.000000 536.000000 216.000000 1.528837 1.613930 3.762699 -5.175429 2.584237 37.002513 -1.135030 0.963591
Car -1 -1 -10 428.000000 174.000000 467.000000 213.000000 1.546179 1.603051 3.674991 -8.389651 1.783942 37.713041 -0.283889 0.903185
Car -1 -1 -10 515.000000 185.000000 553.000000 225.000000 1.497649 1.529138 3.377974 -4.048999 1.999312 37.865988 -1.021466 0.880269
Car -1 -1 -10 541.000000 180.000000 615.000000 229.000000 1.540028 1.620859 3.789858 -0.962553 1.821096 23.199847 -1.726718 0.857072
Car -1 -1 -10 489.000000 182.000000 511.000000 213.000000 1.503170 1.505085 3.394942 -6.096592 1.923172 39.322281 -1.065525 0.855912
Cyclist -1 -1 -10 562.000000 225.000000 585.000000 273.000000 1.703749 0.436982 1.448203 -0.935183 2.124233 16.040811 -3.114061 0.709192
Car -1 -1 -10 328.000000 184.000000 355.000000 233.000000 1.550014 1.571797 3.665519 -8.919884 2.413039 23.583515 -1.322524 0.647297
Car -1 -1 -10 330.000000 167.000000 385.000000 206.000000 1.525556 1.545726 3.535075 -19.055576 1.510046 52.228059 -1.264688 0.560919
Car -1 -1 -10 274.000000 189.000000 328.000000 249.000000 1.506047 1.609112 3.787826 -8.489595 2.007829 17.211121 -2.667054 0.501161
