Car -1 -1 -10 724.000000 188.000000 850.000000 275.000000 1.484793 1.610508 3.735951 3.402942 1.684350 13.791572 -1.113886 0.995600
Pedestrian -1 -1 -10 618.000000 180.000000 657.000000 265.000000 1.721455 0.598487 0.806961 0.465180 1.752454 13.373121 -2.003980 0.995188
Car -1 -1 -10 301.000000 180.000000 401.000000 244.000000 1.519802 1.612001 3.923696 -7.042172 1.862695 19.742961 1.413311 0.993484
Car -1 -1 -10 647.000000 187.000000 731.000000 250.000000 1.479104 1.567612 3.617668 1.737776 1.750081 17.815088 -1.854025 0.988986
Car -1 -1 -10 580.000000 179.000000 631.000000 230.000000 1.528099 1.600462 3.665049 0.086851 1.765982 25.353910 -1.710759 0.980025
Car -1 -1 -10 552.000000 181.000000 590.000000 220.000000 1.521931 1.595633 3.748957 -1.189243 1.781532 31.549466 -0.953520 0.964165
Car -1 -1 -10 470.000000 170.000000 511.000000 210.000000 1.583455 1.633857 3.874076 -6.396051 1.629968 36.454635 -0.151987 0.957863
Car -1 -1 -10 527.000000 180.000000 568.000000 210.000000 1.518795 1.518882 3.418812 -2.689385 2.356996 33.165093 0.962625 0.931464
Car -1 -1 -10 350.000000 175.000000 405.000000 222.000000 1.557468 1.640463 3.866784 -9.229778 1.763328 27.061788 -2.492266 0.913132
Car -1 -1 -10 527.000000 179.000000 548.000000 209.000000 1.630821 1.540634 3.407850 -4.692627 1.589239 44.597504 -1.687571 0.834070
Cyclist -1 -1 -10 629.000000 218.000000 655.000000 274.000000 1.717628 0.538042 1.602014 0.473740 1.667938 13.788314 -2.054401 0.708608
Car -1 -1 -10 390.000000 162.000000 426.000000 195.000000 1.612072 1.596071 3.751843 -16.330460 0.997783 56.488054 -1.817693 0.601077
Car -1 -1 -10 348.000000 160.000000 425.000000 198.000000 1.536846 1.545050 3.302759 -11.288886 1.480293 36.582419 -2.555013 0.538142
