Pedestrian -1 -1 -10 558.000000 173.000000 592.000000 252.000000 1.691572 0.584940 0.750509 -0.648405 1.558523 13.178853 -1.635900 0.997403
Car -1 -1 -10 0.000000 203.000000 225.000000 374.000000 1.531173 1.604757 3.910426 -5.773356 1.954597 7.407675 1.536134 0.997329
Car -1 -1 -10 826.000000 192.000000 1242.000000 371.000000 1.497230 1.601698 3.950625 2.767437 1.503609 4.407250 -1.630592 0.996174
Car -1 -1 -10 671.000000 172.000000 831.000000 281.000000 1.503072 1.583652 3.696334 2.070695 1.445808 11.612205 -1.689991 0.995876
Car -1 -1 -10 361.000000 182.000000 415.000000 230.000000 1.532756 1.627775 3.880688 -8.204107 1.877401 23.988377 -3.278773 0.994000
Car -1 -1 -10 337.000000 190.000000 392.000000 250.000000 1.476403 1.611940 3.905233 -7.179715 1.950940 18.896413 -2.586863 0.993365
Car -1 -1 -10 629.000000 177.000000 692.000000 251.000000 1.489014 1.597454 3.811342 1.375440 1.585889 17.107056 -1.645630 0.990760
Car -1 -1 -10 195.000000 176.000000 345.000000 294.000000 1.667797 1.622083 3.938314 -5.990470 1.867596 12.658276 1.477421 0.979404
Pedestrian -1 -1 -10 918.000000 158.000000 964.000000 224.000000 1.721298 0.640311 0.864420 5.187690 1.150319 11.381043 2.052210 0.971840
Car -1 -1 -10 598.000000 175.000000 622.000000 217.000000 1.506834 1.502087 3.233855 -0.113657 1.925207 34.078768 2.099075 0.967575
Car -1 -1 -10 609.000000 177.000000 643.000000 227.000000 1.508895 1.628782 3.928592 1.510697 1.619873 21.721836 -0.901033 0.962735
Pedestrian -1 -1 -10 488.000000 168.000000 500.000000 199.000000 1.793584 0.559753 0.856467 -6.427223 1.289985 39.642153 -3.205054 0.957648
Car -1 -1 -10 528.000000 167.000000 561.000000 199.000000 1.521254 1.525193 3.420469 -3.930745 2.031821 41.220012 -2.310902 0.893456
Car -1 -1 -10 584.000000 173.000000 608.000000 203.000000 1.564872 1.598641 3.723604 -0.230348 1.598423 35.095373 -1.597983 0.889719
Car -1 -1 -10 407.000000 176.000000 450.000000 209.000000 1.524315 1.567554 3.636067 -8.948759 2.274266 35.866555 -2.492620 0.881733
Car -1 -1 -10 615.000000 176.000000 660.000000 234.000000 1.483127 1.600801 3.920993 1.646285 1.502924 17.973128 -0.898726 0.791785
Cyclist -1 -1 -10 563.000000 213.000000 585.000000 272.000000 1.714723 0.525947 1.581413 -0.800322 1.647547 14.321599 -1.622483 0.734377
Car -1 -1 -10 596.000000 175.000000 639.000000 206.000000 1.493665 1.486824 3.216993 0.294402 1.775964 37.391122 2.100293 0.604255
