Pedestrian -1 -1 -10 993.000000 173.000000 1044.000000 310.000000 1.706977 0.569339 0.747290 4.845456 1.538375 8.583730 -0.628501 0.999149
Cyclist -1 -1 -10 530.000000 199.000000 604.000000 250.000000 1.693951 0.559525 1.635811 -1.055917 1.295349 15.359127 -0.065080 0.985699
Car -1 -1 -10 1144.000000 160.000000 1240.000000 299.000000 1.677275 1.643895 3.880442 10.059481 1.542931 11.366616 -0.859673 0.974299
Car -1 -1 -10 1107.000000 165.000000 1178.000000 243.000000 1.643123 1.674437 3.905279 14.271422 1.608380 19.742561 -0.943187 0.967254
Pedestrian -1 -1 -10 792.000000 176.000000 816.000000 240.000000 1.730248 0.569230 0.664654 4.763748 1.592542 17.900698 2.941915 0.951170
Car -1 -1 -10 539.000000 185.000000 603.000000 215.000000 1.532432 1.561073 3.436084 -2.185787 1.834605 36.106335 -2.309432 0.759307
Pedestrian -1 -1 -10 1.000000 216.000000 38.000000 278.000000 1.750175 0.606148 0.648820 -11.084037 1.865600 13.395994 0.875295 0.665593
Pedestrian -1 -1 -10 455.000000 208.000000 493.000000 255.000000 1.743125 0.607224 0.642913 -3.290306 1.739610 17.067359 1.378050 0.638285
Cyclist -1 -1 -10 184.000000 211.000000 230.000000 245.000000 1.714439 0.588963 1.572785 -10.304535 1.892572 18.260167 -1.549610 0.539310
Cyclist -1 -1 -10 38.000000 216.000000 112.000000 281.000000 1.714817 0.557384 1.654309 -9.875377 2.407023 13.371749 -1.724951 0.513948
