Car -1 -1 -10 757.000000 191.000000 872.000000 267.000000 1.486647 1.635969 3.883411 4.381613 1.803707 16.040269 -1.033001 0.997416
Pedestrian -1 -1 -10 694.000000 183.000000 732.000000 273.000000 1.725268 0.571834 0.746659 1.866303 1.793496 13.159140 2.825834 0.996084
Car -1 -1 -10 398.000000 177.000000 471.000000 232.000000 1.550326 1.630014 3.931232 -5.896744 1.866708 22.922690 1.505116 0.990743
Car -1 -1 -10 632.000000 181.000000 691.000000 229.000000 1.489729 1.587556 3.740221 2.023782 1.850964 27.278546 -1.709337 0.986191
Car -1 -1 -10 607.000000 183.000000 644.000000 218.000000 1.540181 1.587095 3.781876 0.272071 2.816606 34.137086 -3.092942 0.960940
Car -1 -1 -10 532.000000 171.000000 575.000000 211.000000 1.516174 1.610712 3.811795 -2.184565 1.644438 36.625338 -0.170627 0.950517
Car -1 -1 -10 680.000000 190.000000 767.000000 242.000000 1.487749 1.600769 3.756433 3.312727 1.836865 20.128873 -1.835943 0.939947
Car -1 -1 -10 591.000000 182.000000 624.000000 212.000000 1.521254 1.525193 3.420470 -1.050473 2.173357 41.489298 -2.223858 0.858016
Car -1 -1 -10 583.000000 180.000000 609.000000 210.000000 1.593774 1.563207 3.517526 -0.955692 2.097502 47.506634 -2.198844 0.854038
Car -1 -1 -10 430.000000 173.000000 473.000000 199.000000 1.522703 1.525776 3.426927 -8.090757 1.376700 36.156199 -2.452759 0.802137
Cyclist -1 -1 -10 702.000000 221.000000 728.000000 278.000000 1.715098 0.543835 1.621346 1.866701 1.595147 13.359889 -1.942633 0.578493
