Car -1 -1 -10 732.000000 189.000000 852.000000 274.000000 1.483967 1.614128 3.770454 3.624454 1.708242 14.351743 -1.085938 0.996785
Pedestrian -1 -1 -10 638.000000 180.000000 677.000000 267.000000 1.703199 0.613641 0.795180 0.818476 1.702702 13.372875 2.696428 0.992438
Car -1 -1 -10 664.000000 187.000000 737.000000 247.000000 1.454503 1.598417 3.876381 1.755538 1.737316 18.578450 -1.928759 0.986363
Car -1 -1 -10 593.000000 179.000000 655.000000 228.000000 1.493816 1.583411 3.713063 0.529316 1.777016 25.535599 -1.749714 0.984877
Car -1 -1 -10 330.000000 180.000000 417.000000 244.000000 1.526944 1.603159 3.815285 -6.689836 1.875737 20.275190 1.430500 0.983351
Car -1 -1 -10 485.000000 171.000000 527.000000 211.000000 1.577596 1.653228 3.948191 -5.372419 1.742215 37.488867 -1.728628 0.965755
Car -1 -1 -10 566.000000 182.000000 603.000000 219.000000 1.535214 1.582297 3.599810 -1.179616 1.993729 33.956700 -1.641392 0.959854
Car -1 -1 -10 541.000000 180.000000 583.000000 210.000000 1.518555 1.552779 3.566859 -3.088665 2.108409 39.288455 -0.981734 0.937548
Cyclist -1 -1 -10 647.000000 217.000000 673.000000 273.000000 1.717391 0.524722 1.585083 0.821007 1.692598 13.958964 -1.544957 0.903560
Car -1 -1 -10 370.000000 175.000000 424.000000 225.000000 1.559678 1.623428 3.747626 -8.460509 1.787520 27.169050 -1.861822 0.857363
Car -1 -1 -10 538.000000 178.000000 561.000000 207.000000 1.531364 1.521618 3.447210 -3.545061 1.842336 40.393080 -2.306248 0.704286
Car -1 -1 -10 559.000000 183.000000 587.000000 214.000000 1.694392 1.530937 3.436349 -2.678923 1.806828 49.214266 1.543618 0.627250
