Pedestrian -1 -1 -10 931.000000 167.000000 988.000000 321.000000 1.757165 0.588602 0.752469 3.762445 1.598135 7.793562 -0.623290 0.995269
Car -1 -1 -10 1164.000000 160.000000 1241.000000 261.000000 1.486649 1.496276 3.252594 21.531451 1.865974 26.326674 2.785658 0.985354
Cyclist -1 -1 -10 295.000000 203.000000 352.000000 253.000000 1.719967 0.661945 1.714089 -8.730235 2.856207 21.771860 -1.935089 0.911160
Cyclist -1 -1 -10 933.000000 240.000000 964.000000 328.000000 1.713323 0.568671 1.626204 3.432077 1.888739 7.539346 -1.136114 0.886512
Car -1 -1 -10 1024.000000 159.000000 1179.000000 245.000000 1.672288 1.687847 4.048458 11.954850 1.420300 17.776143 -0.457009 0.796110
Car -1 -1 -10 637.000000 183.000000 720.000000 235.000000 1.607715 1.562580 3.577016 2.453684 1.721129 19.067541 -2.093948 0.786521
Pedestrian -1 -1 -10 881.000000 175.000000 902.000000 200.000000 1.788046 0.598162 0.698097 10.115854 1.075695 26.221072 -1.221067 0.643782
Cyclist -1 -1 -10 314.000000 205.000000 369.000000 253.000000 1.736604 0.640077 1.595231 -8.165083 2.842365 21.413869 -1.883817 0.620954
Pedestrian -1 -1 -10 600.000000 199.000000 633.000000 235.000000 1.710837 0.601738 0.808739 0.049892 1.939760 23.593580 0.013588 0.545544
Pedestrian -1 -1 -10 879.000000 174.000000 901.000000 226.000000 1.753634 0.618463 0.795973 8.118305 1.444738 20.958323 0.893923 0.526387
