Car -1 -1 -10 1.000000 201.000000 263.000000 347.000000 1.505754 1.583436 3.837401 -6.192853 2.013972 9.744519 1.492091 0.998121
Pedestrian -1 -1 -10 535.000000 178.000000 569.000000 260.000000 1.678176 0.575033 0.696217 -1.103827 1.571624 13.239074 -1.655342 0.997779
Car -1 -1 -10 1164.000000 232.000000 1242.000000 375.000000 1.525876 1.562131 3.642902 4.039989 1.683095 4.288700 0.079447 0.996889
Car -1 -1 -10 333.000000 193.000000 373.000000 248.000000 1.479689 1.619396 3.870934 -8.518629 2.210905 20.993860 -2.582350 0.994327
Car -1 -1 -10 585.000000 181.000000 639.000000 241.000000 1.551280 1.591469 3.715543 0.502076 1.664415 18.724564 -0.914493 0.993467
Car -1 -1 -10 718.000000 188.000000 1041.000000 366.000000 1.492714 1.579747 3.716533 2.366082 1.610071 7.131283 -1.699018 0.991825
Car -1 -1 -10 345.000000 188.000000 391.000000 232.000000 1.544975 1.623404 3.889458 -9.622705 2.094731 26.523243 -3.112581 0.991105
Car -1 -1 -10 622.000000 174.000000 742.000000 264.000000 1.492670 1.573315 3.651136 1.294650 1.536619 14.350171 -1.703152 0.990058
Car -1 -1 -10 228.000000 181.000000 344.000000 279.000000 1.718594 1.631035 4.003015 -6.777129 2.008052 14.973415 1.438564 0.974426
Pedestrian -1 -1 -10 810.000000 162.000000 839.000000 194.000000 1.815412 0.608668 0.757466 7.146781 1.123919 23.951639 0.840809 0.970508
Car -1 -1 -10 491.000000 169.000000 524.000000 206.000000 1.558390 1.611349 3.801069 -5.850750 1.713661 40.701944 -3.245112 0.930963
Car -1 -1 -10 569.000000 182.000000 602.000000 226.000000 1.522256 1.570221 3.689602 -0.473019 1.837750 24.763617 -1.000375 0.872043
Car -1 -1 -10 376.000000 181.000000 422.000000 211.000000 1.546147 1.602857 3.918245 -12.887082 2.050903 41.896751 -3.342972 0.832640
Cyclist -1 -1 -10 540.000000 215.000000 564.000000 273.000000 1.717494 0.568021 1.623045 -1.133454 1.641191 13.240790 -2.214760 0.669878
Car -1 -1 -10 566.000000 179.000000 597.000000 210.000000 1.487760 1.521060 3.291145 -1.533157 1.939894 35.467031 -0.953775 0.502927
