Pedestrian -1 -1 -10 875.000000 169.000000 936.000000 301.000000 1.694603 0.576748 0.760544 3.228341 1.379442 7.745339 -0.766064 0.994291
Car -1 -1 -10 1141.000000 153.000000 1241.000000 256.000000 1.666562 1.627142 3.672468 12.159209 1.290694 14.571570 1.712397 0.988009
Cyclist -1 -1 -10 878.000000 234.000000 913.000000 331.000000 1.712830 0.557461 1.628665 2.985066 1.919424 7.561864 -1.624327 0.934813
Car -1 -1 -10 969.000000 157.000000 1139.000000 243.000000 1.686762 1.658388 3.971660 10.682091 1.315811 17.822360 -0.558004 0.810879
Pedestrian -1 -1 -10 904.000000 170.000000 939.000000 292.000000 1.751435 0.588163 0.740487 3.339784 1.349918 7.755293 1.476507 0.771742
Cyclist -1 -1 -10 368.000000 203.000000 401.000000 242.000000 1.717394 0.565705 1.580482 -7.525119 1.857797 23.765327 -1.339059 0.709830
Car -1 -1 -10 645.000000 179.000000 730.000000 224.000000 1.558908 1.573608 3.691348 3.110119 1.585423 20.414918 -2.048724 0.693481
Cyclist -1 -1 -10 327.000000 196.000000 376.000000 243.000000 1.693669 0.483225 1.505145 -6.195467 1.940551 16.955926 -3.408042 0.606646
Pedestrian -1 -1 -10 616.000000 193.000000 650.000000 229.000000 1.725081 0.609327 0.711251 0.771974 1.632685 26.341672 1.596299 0.597509
Pedestrian -1 -1 -10 631.000000 187.000000 653.000000 223.000000 1.736314 0.607121 0.639623 1.171724 1.642161 30.127509 -1.537740 0.568680
Pedestrian -1 -1 -10 910.000000 169.000000 940.000000 231.000000 1.777327 0.603967 0.760075 8.772702 1.459334 20.283745 0.943397 0.518068
