Car 0.5 3 0 80.165474 193.80978 172.22812 226.15878 0.5 0.5 0.5 0.5 0.5 0.5 0.5 0.99211454 
Pedestrian 0.5 3 0 1194.8943 128.4656 1240.6045 222.9863 0.5 0.5 0.5 0.5 0.5 0.5 0.5 0.98435736 
Pedestrian 0.5 3 0 877.76447 144.4395 897.46515 190.66039 0.5 0.5 0.5 0.5 0.5 0.5 0.5 0.9785574 
Car 0.5 3 0 171.2 181.10896 262.09232 211.0425 0.5 0.5 0.5 0.5 0.5 0.5 0.5 0.95815194 
Cyclist 0.5 3 0 1183.4805 161.28563 1240.4781 229.54497 0.5 0.5 0.5 0.5 0.5 0.5 0.5 0.90655255 
Car 0.5 3 0 137.85985 192.71654 202.7617 216.32838 0.5 0.5 0.5 0.5 0.5 0.5 0.5 0.89695317 
Car 0.5 3 0 281.6838 183.29294 303.9825 196.92049 0.5 0.5 0.5 0.5 0.5 0.5 0.5 0.79868984 
Car 0.5 3 0 397.71002 175.08134 432.47165 185.63576 0.5 0.5 0.5 0.5 0.5 0.5 0.5 0.7874883 
Car 0.5 3 0 306.41132 180.93509 346.38712 195.09021 0.5 0.5 0.5 0.5 0.5 0.5 0.5 0.66087174 
Car 0.5 3 0 368.06583 176.60672 412.5915 190.16754 0.5 0.5 0.5 0.5 0.5 0.5 0.5 0.6573386 
Car 0.5 3 0 419.43768 165.02101 445.8006 181.49942 0.5 0.5 0.5 0.5 0.5 0.5 0.5 0.6432108 
Car 0.5 3 0 321.1639 180.86505 349.89606 191.84628 0.5 0.5 0.5 0.5 0.5 0.5 0.5 0.5620356 
