Cyclist 0.5 3 0 1092.0387 188.15535 1151.8839 237.77621 0.5 0.5 0.5 0.5 0.5 0.5 0.5 0.9904731 
Pedestrian 0.5 3 0 1101.3538 147.7524 1146.9033 232.27304 0.5 0.5 0.5 0.5 0.5 0.5 0.5 0.9807647 
Car 0.5 3 0 290.6513 176.67903 350.6601 197.69118 0.5 0.5 0.5 0.5 0.5 0.5 0.5 0.9270101 
Pedestrian 0.5 3 0 835.99274 159.7091 850.30286 197.30084 0.5 0.5 0.5 0.5 0.5 0.5 0.5 0.923288 
Car 0.5 3 0 242.05432 182.84276 286.64612 205.52078 0.5 0.5 0.5 0.5 0.5 0.5 0.5 0.8134704 
Car 0.5 3 0 101.935646 184.09866 196.40677 210.03209 0.5 0.5 0.5 0.5 0.5 0.5 0.5 0.7943795 
Car 0.5 3 0 436.75296 166.65297 473.5224 182.34122 0.5 0.5 0.5 0.5 0.5 0.5 0.5 0.7575945 
Car 0.5 3 0 433.18 174.57162 459.7118 184.8103 0.5 0.5 0.5 0.5 0.5 0.5 0.5 0.7195292 
Car 0.5 3 0 269.75977 180.47664 323.01385 202.44836 0.5 0.5 0.5 0.5 0.5 0.5 0.5 0.7115212 
Car 0.5 3 0 387.68756 175.67657 419.97357 188.5379 0.5 0.5 0.5 0.5 0.5 0.5 0.5 0.6685141 
Car 0.5 3 0 600.48535 167.39075 610.3975 176.95116 0.5 0.5 0.5 0.5 0.5 0.5 0.5 0.6072598 
Car 0.5 3 0 163.52335 184.04483 216.95189 209.02715 0.5 0.5 0.5 0.5 0.5 0.5 0.5 0.5561365 
