Cyclist 0.5 3 0 1129.1859 185.08134 1204.9944 242.12485 0.5 0.5 0.5 0.5 0.5 0.5 0.5 0.9961273 
Pedestrian 0.5 3 0 853.15393 156.49815 869.54193 197.56613 0.5 0.5 0.5 0.5 0.5 0.5 0.5 0.98280764 
Pedestrian 0.5 3 0 1138.7585 147.7222 1189.0106 232.08978 0.5 0.5 0.5 0.5 0.5 0.5 0.5 0.9792981 
Car 0.5 3 0 36.70209 187.04355 162.16672 217.92947 0.5 0.5 0.5 0.5 0.5 0.5 0.5 0.92812675 
Car 0.5 3 0 235.20526 184.59375 296.4029 208.24908 0.5 0.5 0.5 0.5 0.5 0.5 0.5 0.9270191 
Car 0.5 3 0 269.3446 177.59323 334.0457 202.26009 0.5 0.5 0.5 0.5 0.5 0.5 0.5 0.8913154 
Car 0.5 3 0 343.7463 179.96155 365.927 193.52641 0.5 0.5 0.5 0.5 0.5 0.5 0.5 0.840166 
Car 0.5 3 0 421.27032 175.62549 453.46216 185.90823 0.5 0.5 0.5 0.5 0.5 0.5 0.5 0.7677857 
Car 0.5 3 0 432.0633 167.71193 471.11026 183.7849 0.5 0.5 0.5 0.5 0.5 0.5 0.5 0.7608481 
Car 0.5 3 0 213.94489 183.93227 259.1832 210.37856 0.5 0.5 0.5 0.5 0.5 0.5 0.5 0.73775095 
Car 0.5 3 0 371.48364 176.99925 404.44238 191.2874 0.5 0.5 0.5 0.5 0.5 0.5 0.5 0.6375679 
Car 0.5 3 0 0.6722057 190.22345 24.405909 204.89056 0.5 0.5 0.5 0.5 0.5 0.5 0.5 0.5201971 
