Pedestrian 0.5 3 0 870.423 152.80363 890.0307 195.97508 0.5 0.5 0.5 0.5 0.5 0.5 0.5 0.9867025 
Car 0.5 3 0 215.5784 177.5975 290.8108 205.0018 0.5 0.5 0.5 0.5 0.5 0.5 0.5 0.9014231 
Cyclist 0.5 3 0 1174.0266 177.69485 1241.4595 240.97916 0.5 0.5 0.5 0.5 0.5 0.5 0.5 0.88771635 
Pedestrian 0.5 3 0 1181.7501 129.35612 1238.3036 221.83133 0.5 0.5 0.5 0.5 0.5 0.5 0.5 0.86884767 
Car 0.5 3 0 173.82396 187.35855 245.7811 206.46245 0.5 0.5 0.5 0.5 0.5 0.5 0.5 0.8395599 
Car 0.5 3 0 153.22899 188.32379 221.88208 215.42574 0.5 0.5 0.5 0.5 0.5 0.5 0.5 0.8246926 
Car 0.5 3 0 304.93024 180.22906 330.68747 194.9449 0.5 0.5 0.5 0.5 0.5 0.5 0.5 0.7458556 
Car 0.5 3 0 343.1435 179.17868 371.71234 191.96404 0.5 0.5 0.5 0.5 0.5 0.5 0.5 0.73924387 
Car 0.5 3 0 425.97656 164.69666 458.13394 182.45139 0.5 0.5 0.5 0.5 0.5 0.5 0.5 0.7280515 
Car 0.5 3 0 3.2500577 191.38063 68.99096 217.10504 0.5 0.5 0.5 0.5 0.5 0.5 0.5 0.6586879 
Car 0.5 3 0 0.38301978 205.39998 36.56249 227.07603 0.5 0.5 0.5 0.5 0.5 0.5 0.5 0.6448903 
Car 0.5 3 0 408.84302 175.24313 433.84625 185.34175 0.5 0.5 0.5 0.5 0.5 0.5 0.5 0.6168626 
Car 0.5 3 0 157.74202 186.99606 226.13676 202.04768 0.5 0.5 0.5 0.5 0.5 0.5 0.5 0.5792995 
Car 0.5 3 0 599.6093 165.53964 609.895 173.64673 0.5 0.5 0.5 0.5 0.5 0.5 0.5 0.54819465 
Car 0.5 3 0 45.489685 190.01753 91.94891 215.64401 0.5 0.5 0.5 0.5 0.5 0.5 0.5 0.5138535 
