Cyclist 0.5 3 0 1099.6443 185.5876 1162.8604 239.95476 0.5 0.5 0.5 0.5 0.5 0.5 0.5 0.9892657 
Pedestrian 0.5 3 0 1109.3628 144.29425 1158.4086 234.40608 0.5 0.5 0.5 0.5 0.5 0.5 0.5 0.9870433 
Pedestrian 0.5 3 0 839.09357 158.72704 854.0422 198.66333 0.5 0.5 0.5 0.5 0.5 0.5 0.5 0.97601014 
Car 0.5 3 0 264.1146 182.73764 312.05795 204.76321 0.5 0.5 0.5 0.5 0.5 0.5 0.5 0.9224366 
Car 0.5 3 0 290.1164 177.6923 350.70358 199.70547 0.5 0.5 0.5 0.5 0.5 0.5 0.5 0.9159959 
Car 0.5 3 0 86.24321 185.28255 185.35295 211.89246 0.5 0.5 0.5 0.5 0.5 0.5 0.5 0.8584809 
Car 0.5 3 0 236.88788 183.97382 276.8897 206.31743 0.5 0.5 0.5 0.5 0.5 0.5 0.5 0.76931876 
Car 0.5 3 0 433.57925 175.45921 457.1477 185.1551 0.5 0.5 0.5 0.5 0.5 0.5 0.5 0.7431021 
Car 0.5 3 0 202.30704 181.68271 242.84235 203.56265 0.5 0.5 0.5 0.5 0.5 0.5 0.5 0.6310678 
Car 0.5 3 0 358.3577 178.81029 378.16635 191.21873 0.5 0.5 0.5 0.5 0.5 0.5 0.5 0.62661666 
Car 0.5 3 0 442.92694 167.87347 472.50308 183.18578 0.5 0.5 0.5 0.5 0.5 0.5 0.5 0.5772745 
Car 0.5 3 0 383.75018 177.25081 420.3623 189.09137 0.5 0.5 0.5 0.5 0.5 0.5 0.5 0.5351807 
