Cyclist 0.5 3 0 1157.8418 178.7709 1239.9996 243.6013 0.5 0.5 0.5 0.5 0.5 0.5 0.5 0.9960102 
Pedestrian 0.5 3 0 1167.6636 141.97296 1223.1301 238.47166 0.5 0.5 0.5 0.5 0.5 0.5 0.5 0.98614085 
Pedestrian 0.5 3 0 866.1547 155.8861 883.25836 194.82962 0.5 0.5 0.5 0.5 0.5 0.5 0.5 0.9460615 
Car 0.5 3 0 243.21516 177.67378 309.7378 203.60257 0.5 0.5 0.5 0.5 0.5 0.5 0.5 0.9371354 
Car 0.5 3 0 0.0 190.61778 98.423706 227.2425 0.5 0.5 0.5 0.5 0.5 0.5 0.5 0.9231794 
Car 0.5 3 0 171.80365 186.27895 262.59778 214.91786 0.5 0.5 0.5 0.5 0.5 0.5 0.5 0.91787136 
Car 0.5 3 0 208.48224 185.95082 274.43594 209.38911 0.5 0.5 0.5 0.5 0.5 0.5 0.5 0.791631 
Car 0.5 3 0 353.4771 178.52936 388.7224 191.70575 0.5 0.5 0.5 0.5 0.5 0.5 0.5 0.7550172 
Car 0.5 3 0 409.8785 175.34492 444.6064 186.03296 0.5 0.5 0.5 0.5 0.5 0.5 0.5 0.71755296 
Car 0.5 3 0 431.29095 166.7788 465.01135 183.4014 0.5 0.5 0.5 0.5 0.5 0.5 0.5 0.70081186 
Car 0.5 3 0 324.72537 179.3196 342.9927 193.60985 0.5 0.5 0.5 0.5 0.5 0.5 0.5 0.6740728 
