Cyclist 0.5 3 0 1160.9811 175.50504 1240.9482 243.35072 0.5 0.5 0.5 0.5 0.5 0.5 0.5 0.9862618 
Pedestrian 0.5 3 0 1172.209 141.20338 1229.2942 233.9818 0.5 0.5 0.5 0.5 0.5 0.5 0.5 0.9726227 
Pedestrian 0.5 3 0 867.7974 155.49074 883.519 196.14786 0.5 0.5 0.5 0.5 0.5 0.5 0.5 0.9704974 
Car 0.5 3 0 234.813 177.85228 303.22696 204.63106 0.5 0.5 0.5 0.5 0.5 0.5 0.5 0.9674471 
Car 0.5 3 0 184.45493 187.58649 248.65294 213.57059 0.5 0.5 0.5 0.5 0.5 0.5 0.5 0.9667195 
Car 0.5 3 0 1.2673209 191.88521 86.461945 226.09808 0.5 0.5 0.5 0.5 0.5 0.5 0.5 0.8625167 
Car 0.5 3 0 319.62067 179.4193 337.64786 193.60696 0.5 0.5 0.5 0.5 0.5 0.5 0.5 0.7366468 
Car 0.5 3 0 413.50272 175.04128 441.01562 185.39589 0.5 0.5 0.5 0.5 0.5 0.5 0.5 0.72709763 
Car 0.5 3 0 438.41406 166.90881 462.48853 182.88805 0.5 0.5 0.5 0.5 0.5 0.5 0.5 0.6474095 
Car 0.5 3 0 351.2753 178.37125 383.81845 191.36609 0.5 0.5 0.5 0.5 0.5 0.5 0.5 0.64266336 
Car 0.5 3 0 400.04117 175.83904 440.75104 188.44624 0.5 0.5 0.5 0.5 0.5 0.5 0.5 0.5364625 
Car 0.5 3 0 379.86826 177.73828 429.28156 191.91414 0.5 0.5 0.5 0.5 0.5 0.5 0.5 0.53397536 
