Cyclist 0.5 3 0 1121.7068 181.24728 1191.8945 243.28078 0.5 0.5 0.5 0.5 0.5 0.5 0.5 0.9885563 
Pedestrian 0.5 3 0 849.87714 158.88814 865.30646 198.89981 0.5 0.5 0.5 0.5 0.5 0.5 0.5 0.96915036 
Car 0.5 3 0 243.84538 184.70009 301.08264 207.58177 0.5 0.5 0.5 0.5 0.5 0.5 0.5 0.9343617 
Car 0.5 3 0 275.93738 177.82014 338.21527 201.34308 0.5 0.5 0.5 0.5 0.5 0.5 0.5 0.8969853 
Car 0.5 3 0 41.086643 186.44371 168.62305 215.63084 0.5 0.5 0.5 0.5 0.5 0.5 0.5 0.89145005 
Pedestrian 0.5 3 0 1127.3613 160.07674 1169.6165 232.63284 0.5 0.5 0.5 0.5 0.5 0.5 0.5 0.8638774 
Car 0.5 3 0 427.96103 175.26515 453.26596 185.05196 0.5 0.5 0.5 0.5 0.5 0.5 0.5 0.81517404 
Car 0.5 3 0 347.48926 179.50098 368.0535 192.36977 0.5 0.5 0.5 0.5 0.5 0.5 0.5 0.78110486 
Car 0.5 3 0 218.71753 184.62146 262.26428 210.36494 0.5 0.5 0.5 0.5 0.5 0.5 0.5 0.7483493 
Car 0.5 3 0 322.06665 173.30588 367.08954 194.58824 0.5 0.5 0.5 0.5 0.5 0.5 0.5 0.6763842 
Car 0.5 3 0 439.42667 167.82756 471.77698 183.43645 0.5 0.5 0.5 0.5 0.5 0.5 0.5 0.65209496 
Car 0.5 3 0 375.1283 174.61084 409.57666 190.16882 0.5 0.5 0.5 0.5 0.5 0.5 0.5 0.5874463 
Car 0.5 3 0 429.3412 171.8708 464.23837 184.6877 0.5 0.5 0.5 0.5 0.5 0.5 0.5 0.54248893 
Car 0.5 3 0 369.54953 178.12231 400.49966 192.25363 0.5 0.5 0.5 0.5 0.5 0.5 0.5 0.5162972 
