Car 0.5 3 0 60.9488 193.4324 159.22215 228.58379 0.5 0.5 0.5 0.5 0.5 0.5 0.5 0.99694675 
Pedestrian 0.5 3 0 1191.2712 127.40125 1240.055 223.25623 0.5 0.5 0.5 0.5 0.5 0.5 0.5 0.98039275 
Pedestrian 0.5 3 0 877.30133 146.82382 898.0771 190.69136 0.5 0.5 0.5 0.5 0.5 0.5 0.5 0.97274065 
Car 0.5 3 0 161.54079 181.85896 251.10826 213.6679 0.5 0.5 0.5 0.5 0.5 0.5 0.5 0.9380517 
Car 0.5 3 0 122.947205 193.35445 186.59914 214.77309 0.5 0.5 0.5 0.5 0.5 0.5 0.5 0.9167661 
Cyclist 0.5 3 0 1180.8954 172.75948 1241.1278 231.21313 0.5 0.5 0.5 0.5 0.5 0.5 0.5 0.90751797 
Car 0.5 3 0 270.00375 182.67223 296.18228 198.17342 0.5 0.5 0.5 0.5 0.5 0.5 0.5 0.81047136 
Car 0.5 3 0 270.86978 181.69302 317.3199 198.5192 0.5 0.5 0.5 0.5 0.5 0.5 0.5 0.7223407 
Car 0.5 3 0 398.80435 175.49991 427.89227 186.42276 0.5 0.5 0.5 0.5 0.5 0.5 0.5 0.7133787 
Cyclist 0.5 3 0 884.36707 170.44023 900.62494 193.7237 0.5 0.5 0.5 0.5 0.5 0.5 0.5 0.70510584 
Car 0.5 3 0 358.7172 178.44421 405.36655 191.48624 0.5 0.5 0.5 0.5 0.5 0.5 0.5 0.6978419 
Car 0.5 3 0 417.2716 165.91945 445.71762 183.33434 0.5 0.5 0.5 0.5 0.5 0.5 0.5 0.60055584 
Car 0.5 3 0 594.5431 162.59352 610.5362 174.08904 0.5 0.5 0.5 0.5 0.5 0.5 0.5 0.5711432 
Car 0.5 3 0 298.28125 180.70198 337.735 197.11804 0.5 0.5 0.5 0.5 0.5 0.5 0.5 0.55570066 
Cyclist 0.5 3 0 877.7115 166.91313 897.38196 192.6065 0.5 0.5 0.5 0.5 0.5 0.5 0.5 0.5329676 
Car 0.5 3 0 322.31372 181.22427 346.67947 192.85127 0.5 0.5 0.5 0.5 0.5 0.5 0.5 0.5032335 
