Car 0.5 3 0 102.46458 190.06914 183.39119 220.75696 0.5 0.5 0.5 0.5 0.5 0.5 0.5 0.9783312 
Pedestrian 0.5 3 0 1194.8298 136.31828 1239.8303 232.56587 0.5 0.5 0.5 0.5 0.5 0.5 0.5 0.96566385 
Pedestrian 0.5 3 0 876.16113 149.32481 895.0789 194.09148 0.5 0.5 0.5 0.5 0.5 0.5 0.5 0.9641012 
Car 0.5 3 0 182.8118 178.36157 270.99387 206.15877 0.5 0.5 0.5 0.5 0.5 0.5 0.5 0.94551915 
Cyclist 0.5 3 0 1182.8591 174.56075 1232.4878 235.23857 0.5 0.5 0.5 0.5 0.5 0.5 0.5 0.94448054 
Car 0.5 3 0 149.04031 189.42021 211.99689 210.53265 0.5 0.5 0.5 0.5 0.5 0.5 0.5 0.8773406 
Car 0.5 3 0 0.5024702 191.5527 51.96371 221.76718 0.5 0.5 0.5 0.5 0.5 0.5 0.5 0.85095406 
Car 0.5 3 0 420.9936 164.85774 450.18253 181.92673 0.5 0.5 0.5 0.5 0.5 0.5 0.5 0.71788186 
Car 0.5 3 0 321.05807 178.94223 355.113 193.04399 0.5 0.5 0.5 0.5 0.5 0.5 0.5 0.68935096 
Car 0.5 3 0 292.3333 180.98448 311.72394 195.53912 0.5 0.5 0.5 0.5 0.5 0.5 0.5 0.65094423 
Car 0.5 3 0 372.32843 175.89806 416.46747 189.85919 0.5 0.5 0.5 0.5 0.5 0.5 0.5 0.64772093 
Car 0.5 3 0 304.53357 178.2962 346.19876 193.87793 0.5 0.5 0.5 0.5 0.5 0.5 0.5 0.5922184 
Car 0.5 3 0 393.37732 174.9585 431.23505 185.96051 0.5 0.5 0.5 0.5 0.5 0.5 0.5 0.5591983 
Car 0.5 3 0 255.20535 173.50992 282.31357 201.93391 0.5 0.5 0.5 0.5 0.5 0.5 0.5 0.53141785 
