Car 0.5 3 0 132.66641 189.05098 210.28394 220.27237 0.5 0.5 0.5 0.5 0.5 0.5 0.5 0.9781675 
Cyclist 0.5 3 0 1179.367 178.98912 1241.25 239.67754 0.5 0.5 0.5 0.5 0.5 0.5 0.5 0.9660307 
Pedestrian 0.5 3 0 872.498 150.25948 892.8662 193.65752 0.5 0.5 0.5 0.5 0.5 0.5 0.5 0.96416014 
Car 0.5 3 0 200.84116 177.73344 289.06384 206.20354 0.5 0.5 0.5 0.5 0.5 0.5 0.5 0.94454753 
Pedestrian 0.5 3 0 1186.3523 142.28673 1237.8975 227.95256 0.5 0.5 0.5 0.5 0.5 0.5 0.5 0.87311345 
Car 0.5 3 0 298.88596 180.40457 321.84195 193.17476 0.5 0.5 0.5 0.5 0.5 0.5 0.5 0.866906 
Car 0.5 3 0 172.25783 188.06511 233.06151 210.8173 0.5 0.5 0.5 0.5 0.5 0.5 0.5 0.8195595 
Car 0.5 3 0 426.92828 165.32886 452.56842 182.07497 0.5 0.5 0.5 0.5 0.5 0.5 0.5 0.7468503 
Car 0.5 3 0 340.369 179.44896 364.53836 191.53616 0.5 0.5 0.5 0.5 0.5 0.5 0.5 0.7102853 
Car 0.5 3 0 406.4254 174.76263 436.13293 185.45204 0.5 0.5 0.5 0.5 0.5 0.5 0.5 0.6399309 
Car 0.5 3 0 3.1267989 190.8078 76.47742 220.69112 0.5 0.5 0.5 0.5 0.5 0.5 0.5 0.59285796 
Car 0.5 3 0 327.1741 179.04085 360.68448 192.33098 0.5 0.5 0.5 0.5 0.5 0.5 0.5 0.5768733 
Car 0.5 3 0 364.45267 175.56454 414.4828 191.07199 0.5 0.5 0.5 0.5 0.5 0.5 0.5 0.56151605 
Car 0.5 3 0 382.5012 176.27061 422.88043 189.06499 0.5 0.5 0.5 0.5 0.5 0.5 0.5 0.5502759 
Car 0.5 3 0 267.93857 172.92262 300.7705 200.57524 0.5 0.5 0.5 0.5 0.5 0.5 0.5 0.5236439 
