Pedestrian 0.5 3 0 1078.6603 150.40337 1128.4065 227.50784 0.5 0.5 0.5 0.5 0.5 0.5 0.5 0.9908756 
Cyclist 0.5 3 0 1073.863 189.17479 1130.5145 234.01056 0.5 0.5 0.5 0.5 0.5 0.5 0.5 0.9882578 
Car 0.5 3 0 253.12018 180.22057 329.01428 201.60558 0.5 0.5 0.5 0.5 0.5 0.5 0.5 0.9661184 
Car 0.5 3 0 302.59235 174.10887 359.10175 195.2846 0.5 0.5 0.5 0.5 0.5 0.5 0.5 0.9210572 
Car 0.5 3 0 129.57935 180.81236 221.47893 207.04176 0.5 0.5 0.5 0.5 0.5 0.5 0.5 0.9156643 
Pedestrian 0.5 3 0 831.7329 159.16353 845.54456 194.7665 0.5 0.5 0.5 0.5 0.5 0.5 0.5 0.9039005 
Car 0.5 3 0 449.26532 165.81348 474.82913 179.83687 0.5 0.5 0.5 0.5 0.5 0.5 0.5 0.7016053 
Car 0.5 3 0 393.93814 174.0688 423.2627 186.2101 0.5 0.5 0.5 0.5 0.5 0.5 0.5 0.6866061 
Pedestrian 0.5 3 0 827.74384 161.35114 836.6694 193.7052 0.5 0.5 0.5 0.5 0.5 0.5 0.5 0.6549543 
Car 0.5 3 0 285.86105 178.54836 335.21295 199.81677 0.5 0.5 0.5 0.5 0.5 0.5 0.5 0.5956591 
Car 0.5 3 0 195.9201 179.7881 242.34085 201.57458 0.5 0.5 0.5 0.5 0.5 0.5 0.5 0.5275076 
