Car 0.5 3 0 71.39521 194.47667 164.96669 228.09842 0.5 0.5 0.5 0.5 0.5 0.5 0.5 0.9924009 
Pedestrian 0.5 3 0 877.8664 144.14133 897.87854 190.0967 0.5 0.5 0.5 0.5 0.5 0.5 0.5 0.9813276 
Pedestrian 0.5 3 0 1190.6362 125.72522 1240.039 219.05771 0.5 0.5 0.5 0.5 0.5 0.5 0.5 0.9778421 
Car 0.5 3 0 169.54642 181.88019 257.2604 213.65514 0.5 0.5 0.5 0.5 0.5 0.5 0.5 0.9441489 
Car 0.5 3 0 131.52902 193.98235 195.89241 217.68819 0.5 0.5 0.5 0.5 0.5 0.5 0.5 0.9308963 
Cyclist 0.5 3 0 1182.9092 167.86147 1240.1964 228.5086 0.5 0.5 0.5 0.5 0.5 0.5 0.5 0.9262617 
Car 0.5 3 0 275.89575 183.02446 300.31393 198.38716 0.5 0.5 0.5 0.5 0.5 0.5 0.5 0.76979035 
Car 0.5 3 0 307.53058 181.62674 348.7996 194.8345 0.5 0.5 0.5 0.5 0.5 0.5 0.5 0.6259382 
Car 0.5 3 0 395.96185 175.48781 428.99713 187.2628 0.5 0.5 0.5 0.5 0.5 0.5 0.5 0.6110569 
Car 0.5 3 0 418.66406 165.37468 446.50317 182.37251 0.5 0.5 0.5 0.5 0.5 0.5 0.5 0.5966762 
Car 0.5 3 0 276.56076 181.7373 323.63086 198.12547 0.5 0.5 0.5 0.5 0.5 0.5 0.5 0.54182154 
Car 0.5 3 0 362.01108 177.83342 412.275 191.3144 0.5 0.5 0.5 0.5 0.5 0.5 0.5 0.539414 
