Car 0.5 3 0 504.94443 177.04054 571.7286 204.58391 0.5 0.5 0.5 0.5 0.5 0.5 0.5 0.99796474 
Car 0.5 3 0 621.5808 170.4976 703.76404 203.83012 0.5 0.5 0.5 0.5 0.5 0.5 0.5 0.9934134 
Car 0.5 3 0 835.5596 170.07143 928.02576 198.76974 0.5 0.5 0.5 0.5 0.5 0.5 0.5 0.99254495 
Car 0.5 3 0 309.20578 179.02353 409.50052 227.92607 0.5 0.5 0.5 0.5 0.5 0.5 0.5 0.9911232 
Pedestrian 0.5 3 0 403.9574 173.68858 423.94647 230.16475 0.5 0.5 0.5 0.5 0.5 0.5 0.5 0.9901462 
Car 0.5 3 0 214.76366 181.8268 295.04208 212.5522 0.5 0.5 0.5 0.5 0.5 0.5 0.5 0.98448664 
Car 0.5 3 0 828.86334 195.3441 1240.4757 372.06018 0.5 0.5 0.5 0.5 0.5 0.5 0.5 0.98212135 
Car 0.5 3 0 562.33356 177.05473 584.7537 191.51793 0.5 0.5 0.5 0.5 0.5 0.5 0.5 0.7892397 
Pedestrian 0.5 3 0 983.3646 186.04483 1000.9968 205.3272 0.5 0.5 0.5 0.5 0.5 0.5 0.5 0.72050595 
Pedestrian 0.5 3 0 964.81116 168.51012 983.053 205.06511 0.5 0.5 0.5 0.5 0.5 0.5 0.5 0.65832335 
