Car 0.5 3 0 707.0484 180.30417 789.3016 238.5107 0.5 0.5 0.5 0.5 0.5 0.5 0.5 0.9977533 
Car 0.5 3 0 859.19434 167.54834 911.18384 190.41628 0.5 0.5 0.5 0.5 0.5 0.5 0.5 0.94261 
Pedestrian 0.5 3 0 815.4631 173.44771 826.7649 207.75604 0.5 0.5 0.5 0.5 0.5 0.5 0.5 0.9190872 
Car 0.5 3 0 360.63483 180.34235 407.16528 201.3193 0.5 0.5 0.5 0.5 0.5 0.5 0.5 0.9061854 
Car 0.5 3 0 593.9515 177.46536 611.3578 189.13225 0.5 0.5 0.5 0.5 0.5 0.5 0.5 0.90584004 
Pedestrian 0.5 3 0 504.69144 173.0546 514.9522 207.6714 0.5 0.5 0.5 0.5 0.5 0.5 0.5 0.83894855 
Pedestrian 0.5 3 0 514.4464 175.71872 526.0973 204.80154 0.5 0.5 0.5 0.5 0.5 0.5 0.5 0.833731 
Car 0.5 3 0 104.907 180.88942 170.75716 204.64023 0.5 0.5 0.5 0.5 0.5 0.5 0.5 0.8320325 
Car 0.5 3 0 1140.3083 155.6368 1223.4684 179.8786 0.5 0.5 0.5 0.5 0.5 0.5 0.5 0.828602 
Car 0.5 3 0 685.51935 172.18622 723.9678 194.6117 0.5 0.5 0.5 0.5 0.5 0.5 0.5 0.7950352 
Car 0.5 3 0 562.1316 180.0318 583.2801 188.82378 0.5 0.5 0.5 0.5 0.5 0.5 0.5 0.67661214 
Car 0.5 3 0 642.9355 174.78911 654.69147 184.5126 0.5 0.5 0.5 0.5 0.5 0.5 0.5 0.672233 
Car 0.5 3 0 382.90375 184.40646 407.4103 200.54921 0.5 0.5 0.5 0.5 0.5 0.5 0.5 0.6171031 
Car 0.5 3 0 580.83594 179.35765 596.6855 189.09637 0.5 0.5 0.5 0.5 0.5 0.5 0.5 0.5512731 
