Car 0.5 3 0 457.5204 177.6882 506.5897 201.24805 0.5 0.5 0.5 0.5 0.5 0.5 0.5 0.9898762 
Car 0.5 3 0 705.3025 174.66328 731.6664 196.28616 0.5 0.5 0.5 0.5 0.5 0.5 0.5 0.97739613 
Car 0.5 3 0 385.36902 178.21428 411.9514 191.40881 0.5 0.5 0.5 0.5 0.5 0.5 0.5 0.92386657 
Car 0.5 3 0 640.3415 176.46468 655.4639 184.39809 0.5 0.5 0.5 0.5 0.5 0.5 0.5 0.85651565 
Car 0.5 3 0 884.1755 168.37277 922.76556 182.01822 0.5 0.5 0.5 0.5 0.5 0.5 0.5 0.7664785 
Car 0.5 3 0 664.4268 175.97699 675.9626 183.60687 0.5 0.5 0.5 0.5 0.5 0.5 0.5 0.76458937 
Car 0.5 3 0 684.81305 173.40941 696.83545 182.7279 0.5 0.5 0.5 0.5 0.5 0.5 0.5 0.7360796 
Car 0.5 3 0 1036.947 159.02248 1070.9116 170.16133 0.5 0.5 0.5 0.5 0.5 0.5 0.5 0.5760776 
Car 0.5 3 0 673.9842 174.41905 686.27264 183.00275 0.5 0.5 0.5 0.5 0.5 0.5 0.5 0.5706048 
Car 0.5 3 0 674.57495 173.861 695.80054 183.1918 0.5 0.5 0.5 0.5 0.5 0.5 0.5 0.52490604 
