Car 0.5 3 0 684.32587 172.63988 731.5368 207.36902 0.5 0.5 0.5 0.5 0.5 0.5 0.5 0.99717474 
Car 0.5 3 0 886.2508 162.94128 938.37085 177.28716 0.5 0.5 0.5 0.5 0.5 0.5 0.5 0.9384573 
Car 0.5 3 0 610.6014 171.73662 627.22266 181.68253 0.5 0.5 0.5 0.5 0.5 0.5 0.5 0.89295524 
Car 0.5 3 0 1064.3899 152.8643 1126.0487 173.02956 0.5 0.5 0.5 0.5 0.5 0.5 0.5 0.78998834 
Car 0.5 3 0 600.57184 173.26262 612.1102 181.92796 0.5 0.5 0.5 0.5 0.5 0.5 0.5 0.7889729 
Car 0.5 3 0 192.75853 176.29633 233.36298 199.5813 0.5 0.5 0.5 0.5 0.5 0.5 0.5 0.7409189 
Car 0.5 3 0 233.73888 175.46259 285.86386 198.58759 0.5 0.5 0.5 0.5 0.5 0.5 0.5 0.7403125 
Car 0.5 3 0 584.0185 170.37119 606.0698 183.35818 0.5 0.5 0.5 0.5 0.5 0.5 0.5 0.6793466 
Pedestrian 0.5 3 0 544.832 171.84172 554.8539 196.22307 0.5 0.5 0.5 0.5 0.5 0.5 0.5 0.64350224 
Car 0.5 3 0 797.3364 166.37755 824.93787 180.71538 0.5 0.5 0.5 0.5 0.5 0.5 0.5 0.5324143 
