Car 0.5 3 0 610.90216 173.66219 717.01984 210.69174 0.5 0.5 0.5 0.5 0.5 0.5 0.5 0.9970432 
Cyclist 0.5 3 0 1053.954 195.47739 1206.7645 282.21887 0.5 0.5 0.5 0.5 0.5 0.5 0.5 0.9963876 
Car 0.5 3 0 265.01276 174.3983 418.4426 241.64552 0.5 0.5 0.5 0.5 0.5 0.5 0.5 0.9914015 
Pedestrian 0.5 3 0 341.76984 173.29802 364.7626 248.95287 0.5 0.5 0.5 0.5 0.5 0.5 0.5 0.9877309 
Car 0.5 3 0 559.30054 178.35304 580.5072 193.29285 0.5 0.5 0.5 0.5 0.5 0.5 0.5 0.9242698 
Car 0.5 3 0 886.9033 159.89708 987.51636 201.42453 0.5 0.5 0.5 0.5 0.5 0.5 0.5 0.9112493 
Car 0.5 3 0 516.50604 177.10745 549.61584 193.61302 0.5 0.5 0.5 0.5 0.5 0.5 0.5 0.9095592 
Car 0.5 3 0 541.2906 177.69106 561.19073 191.99606 0.5 0.5 0.5 0.5 0.5 0.5 0.5 0.86883515 
Car 0.5 3 0 402.036 178.53323 440.2437 209.88396 0.5 0.5 0.5 0.5 0.5 0.5 0.5 0.6707797 
Car 0.5 3 0 527.2299 178.1625 560.1688 193.83046 0.5 0.5 0.5 0.5 0.5 0.5 0.5 0.59962136 
Car 0.5 3 0 607.2753 172.96202 638.3347 189.92754 0.5 0.5 0.5 0.5 0.5 0.5 0.5 0.5992195 
Car 0.5 3 0 0.13358225 181.73668 41.00377 205.37917 0.5 0.5 0.5 0.5 0.5 0.5 0.5 0.5856924 
Car 0.5 3 0 578.70886 172.38658 601.06433 190.9811 0.5 0.5 0.5 0.5 0.5 0.5 0.5 0.5819471 
Car 0.5 3 0 560.82904 175.30392 593.683 193.00851 0.5 0.5 0.5 0.5 0.5 0.5 0.5 0.52309495 
