Car 0.5 3 0 625.894 173.55699 730.2679 210.10333 0.5 0.5 0.5 0.5 0.5 0.5 0.5 0.9963709 
Cyclist 0.5 3 0 1051.474 202.31029 1200.4744 286.5744 0.5 0.5 0.5 0.5 0.5 0.5 0.5 0.99608696 
Car 0.5 3 0 294.50854 173.80353 433.53424 236.87883 0.5 0.5 0.5 0.5 0.5 0.5 0.5 0.9857603 
Pedestrian 0.5 3 0 339.66345 171.69437 367.33066 248.82564 0.5 0.5 0.5 0.5 0.5 0.5 0.5 0.9817632 
Car 0.5 3 0 558.8741 176.84558 586.58215 192.91673 0.5 0.5 0.5 0.5 0.5 0.5 0.5 0.945984 
Car 0.5 3 0 517.5427 177.1386 553.23395 193.8821 0.5 0.5 0.5 0.5 0.5 0.5 0.5 0.91316193 
Car 0.5 3 0 540.79224 178.22792 560.74927 192.60564 0.5 0.5 0.5 0.5 0.5 0.5 0.5 0.87294984 
Car 0.5 3 0 607.5511 174.73683 631.32904 188.53278 0.5 0.5 0.5 0.5 0.5 0.5 0.5 0.65704036 
Car 0.5 3 0 0.4255396 182.25764 44.40696 204.99133 0.5 0.5 0.5 0.5 0.5 0.5 0.5 0.58254075 
Car 0.5 3 0 579.1441 172.71661 600.3709 190.99414 0.5 0.5 0.5 0.5 0.5 0.5 0.5 0.5748368 
