Car 0.5 3 0 21.216694 187.30766 234.56679 268.2428 0.5 0.5 0.5 0.5 0.5 0.5 0.5 0.99786204 
Car 0.5 3 0 950.13293 225.52815 1239.9235 374.06534 0.5 0.5 0.5 0.5 0.5 0.5 0.5 0.99674976 
Car 0.5 3 0 526.51825 171.80238 629.7951 211.07364 0.5 0.5 0.5 0.5 0.5 0.5 0.5 0.9906222 
Car 0.5 3 0 247.8537 179.31432 339.49695 213.93466 0.5 0.5 0.5 0.5 0.5 0.5 0.5 0.9903598 
Pedestrian 0.5 3 0 376.17252 173.66418 400.74652 239.44157 0.5 0.5 0.5 0.5 0.5 0.5 0.5 0.9899311 
Cyclist 0.5 3 0 966.88824 197.06036 1087.1577 261.1194 0.5 0.5 0.5 0.5 0.5 0.5 0.5 0.9824671 
Car 0.5 3 0 774.5024 172.00943 870.0587 200.78175 0.5 0.5 0.5 0.5 0.5 0.5 0.5 0.9770587 
Car 0.5 3 0 519.77606 174.64415 546.0928 193.37111 0.5 0.5 0.5 0.5 0.5 0.5 0.5 0.69364536 
Pedestrian 0.5 3 0 399.93198 178.46992 425.24097 230.1081 0.5 0.5 0.5 0.5 0.5 0.5 0.5 0.65325344 
Pedestrian 0.5 3 0 1016.15564 171.33543 1063.0165 260.679 0.5 0.5 0.5 0.5 0.5 0.5 0.5 0.6497563 
Car 0.5 3 0 1083.7119 157.59695 1145.2356 197.95067 0.5 0.5 0.5 0.5 0.5 0.5 0.5 0.5992293 
Pedestrian 0.5 3 0 1040.1771 181.4355 1060.7317 261.18378 0.5 0.5 0.5 0.5 0.5 0.5 0.5 0.5988365 
