Car 0.5 3 0 687.5184 177.56479 742.13574 217.56448 0.5 0.5 0.5 0.5 0.5 0.5 0.5 0.9982293 
Car 0.5 3 0 887.5392 165.68404 937.7637 181.82726 0.5 0.5 0.5 0.5 0.5 0.5 0.5 0.9626987 
Car 0.5 3 0 606.05304 177.42278 620.59467 186.47038 0.5 0.5 0.5 0.5 0.5 0.5 0.5 0.9456026 
Car 0.5 3 0 1086.2522 154.13503 1165.0685 179.88486 0.5 0.5 0.5 0.5 0.5 0.5 0.5 0.79794943 
Car 0.5 3 0 592.0197 177.53876 605.8167 187.23375 0.5 0.5 0.5 0.5 0.5 0.5 0.5 0.7098729 
Car 0.5 3 0 181.28905 181.64284 239.36635 204.61469 0.5 0.5 0.5 0.5 0.5 0.5 0.5 0.69220734 
Pedestrian 0.5 3 0 534.38043 177.69446 544.88245 203.48148 0.5 0.5 0.5 0.5 0.5 0.5 0.5 0.6369314 
Car 0.5 3 0 399.157 179.9808 423.85486 195.38188 0.5 0.5 0.5 0.5 0.5 0.5 0.5 0.6226056 
Car 0.5 3 0 624.9325 175.11612 643.1876 185.6066 0.5 0.5 0.5 0.5 0.5 0.5 0.5 0.59683454 
Car 0.5 3 0 577.83887 178.28091 593.1994 187.92726 0.5 0.5 0.5 0.5 0.5 0.5 0.5 0.57184875 
Pedestrian 0.5 3 0 999.7356 153.75528 1013.0137 183.35667 0.5 0.5 0.5 0.5 0.5 0.5 0.5 0.5414102 
