Car 0.5 3 0 738.0579 187.7617 894.5677 281.22766 0.5 0.5 0.5 0.5 0.5 0.5 0.5 0.99768 
Car 0.5 3 0 384.33328 178.61906 446.1717 204.5318 0.5 0.5 0.5 0.5 0.5 0.5 0.5 0.99057555 
Car 0.5 3 0 966.86444 165.35896 1041.0432 195.8518 0.5 0.5 0.5 0.5 0.5 0.5 0.5 0.986091 
Car 0.5 3 0 574.09937 174.01366 643.3186 200.17485 0.5 0.5 0.5 0.5 0.5 0.5 0.5 0.9624439 
Car 0.5 3 0 1163.9731 155.95369 1241.8441 181.62791 0.5 0.5 0.5 0.5 0.5 0.5 0.5 0.9254534 
Car 0.5 3 0 780.43494 166.49004 839.57117 186.85936 0.5 0.5 0.5 0.5 0.5 0.5 0.5 0.907496 
Car 0.5 3 0 235.42635 180.73318 276.76416 207.97331 0.5 0.5 0.5 0.5 0.5 0.5 0.5 0.86855865 
Pedestrian 0.5 3 0 468.7664 174.283 479.3666 215.39818 0.5 0.5 0.5 0.5 0.5 0.5 0.5 0.816726 
Car 0.5 3 0 0.6332339 190.48506 46.505466 213.35016 0.5 0.5 0.5 0.5 0.5 0.5 0.5 0.7104171 
Car 0.5 3 0 711.64087 174.60217 719.6618 183.12238 0.5 0.5 0.5 0.5 0.5 0.5 0.5 0.6967817 
Car 0.5 3 0 544.1171 180.57845 565.0832 190.83482 0.5 0.5 0.5 0.5 0.5 0.5 0.5 0.6932099 
Car 0.5 3 0 546.3366 178.16063 577.25635 190.78156 0.5 0.5 0.5 0.5 0.5 0.5 0.5 0.5029984 
