Car 0.5 3 0 699.46497 177.28731 769.41364 227.51071 0.5 0.5 0.5 0.5 0.5 0.5 0.5 0.99492776 
Car 0.5 3 0 598.882 174.82957 616.02795 185.48119 0.5 0.5 0.5 0.5 0.5 0.5 0.5 0.95746017 
Car 0.5 3 0 861.20026 163.45494 924.8745 191.53157 0.5 0.5 0.5 0.5 0.5 0.5 0.5 0.9257144 
Car 0.5 3 0 1125.1052 152.65881 1203.0232 177.42813 0.5 0.5 0.5 0.5 0.5 0.5 0.5 0.8942537 
Car 0.5 3 0 726.8016 169.06834 768.0767 186.65755 0.5 0.5 0.5 0.5 0.5 0.5 0.5 0.84976655 
Car 0.5 3 0 900.71075 165.37975 924.15784 181.643 0.5 0.5 0.5 0.5 0.5 0.5 0.5 0.83013976 
Pedestrian 0.5 3 0 801.1906 170.2515 811.63116 201.84778 0.5 0.5 0.5 0.5 0.5 0.5 0.5 0.81859386 
Car 0.5 3 0 584.81415 175.68604 599.497 185.70576 0.5 0.5 0.5 0.5 0.5 0.5 0.5 0.75914603 
Car 0.5 3 0 160.7063 181.7451 198.35112 201.9792 0.5 0.5 0.5 0.5 0.5 0.5 0.5 0.7491783 
Car 0.5 3 0 384.0409 182.74338 404.8841 197.69975 0.5 0.5 0.5 0.5 0.5 0.5 0.5 0.7178087 
Car 0.5 3 0 568.6643 175.87354 590.8075 186.70909 0.5 0.5 0.5 0.5 0.5 0.5 0.5 0.62771946 
Car 0.5 3 0 632.7098 172.24287 644.74554 183.22673 0.5 0.5 0.5 0.5 0.5 0.5 0.5 0.60233897 
Car 0.5 3 0 1019.6519 151.47325 1065.535 178.24928 0.5 0.5 0.5 0.5 0.5 0.5 0.5 0.5659591 
Car 0.5 3 0 355.98682 177.99297 401.86664 197.43695 0.5 0.5 0.5 0.5 0.5 0.5 0.5 0.51202536 
