Car 0.5 3 0 935.0921 225.40736 1239.671 373.81213 0.5 0.5 0.5 0.5 0.5 0.5 0.5 0.9970847 
Car 0.5 3 0 82.483376 185.32848 270.08002 258.86377 0.5 0.5 0.5 0.5 0.5 0.5 0.5 0.99572563 
Car 0.5 3 0 539.9518 171.7549 632.32117 210.48987 0.5 0.5 0.5 0.5 0.5 0.5 0.5 0.9947464 
Pedestrian 0.5 3 0 380.53522 173.47578 401.99454 239.08688 0.5 0.5 0.5 0.5 0.5 0.5 0.5 0.9891945 
Car 0.5 3 0 247.12425 179.14699 330.89166 212.31215 0.5 0.5 0.5 0.5 0.5 0.5 0.5 0.98635024 
Car 0.5 3 0 783.67773 169.4719 878.46686 200.56108 0.5 0.5 0.5 0.5 0.5 0.5 0.5 0.983405 
Cyclist 0.5 3 0 961.51587 194.32414 1076.8722 258.95697 0.5 0.5 0.5 0.5 0.5 0.5 0.5 0.9659494 
Car 0.5 3 0 519.54034 175.67097 552.8291 193.27196 0.5 0.5 0.5 0.5 0.5 0.5 0.5 0.9250634 
Car 0.5 3 0 1079.189 157.90317 1141.4032 197.72588 0.5 0.5 0.5 0.5 0.5 0.5 0.5 0.8862555 
Pedestrian 0.5 3 0 1008.21515 178.48413 1050.2792 257.48465 0.5 0.5 0.5 0.5 0.5 0.5 0.5 0.83857566 
Pedestrian 0.5 3 0 1027.7015 181.92255 1049.4681 257.81757 0.5 0.5 0.5 0.5 0.5 0.5 0.5 0.7415879 
Pedestrian 0.5 3 0 404.6637 177.1797 429.76736 227.52577 0.5 0.5 0.5 0.5 0.5 0.5 0.5 0.61950135 
