Car 0.5 3 0 364.59647 179.858 467.0979 221.38048 0.5 0.5 0.5 0.5 0.5 0.5 0.5 0.99592847 
Car 0.5 3 0 214.01466 180.46283 291.6227 212.54454 0.5 0.5 0.5 0.5 0.5 0.5 0.5 0.99454594 
Car 0.5 3 0 823.09595 191.38445 1241.9377 372.78247 0.5 0.5 0.5 0.5 0.5 0.5 0.5 0.99087584 
Car 0.5 3 0 647.46906 169.8227 726.0334 201.79248 0.5 0.5 0.5 0.5 0.5 0.5 0.5 0.98953736 
Pedestrian 0.5 3 0 412.22946 173.19194 432.2906 228.63748 0.5 0.5 0.5 0.5 0.5 0.5 0.5 0.982359 
Car 0.5 3 0 486.054 177.30063 549.18036 205.67776 0.5 0.5 0.5 0.5 0.5 0.5 0.5 0.9799242 
Car 0.5 3 0 851.1117 170.98508 941.91003 197.78976 0.5 0.5 0.5 0.5 0.5 0.5 0.5 0.9438953 
Car 0.5 3 0 564.9292 179.57996 583.6858 192.37839 0.5 0.5 0.5 0.5 0.5 0.5 0.5 0.9110252 
Car 0.5 3 0 1133.1367 152.28906 1235.0343 191.52112 0.5 0.5 0.5 0.5 0.5 0.5 0.5 0.82883424 
Car 0.5 3 0 1134.325 159.4589 1200.2281 187.1412 0.5 0.5 0.5 0.5 0.5 0.5 0.5 0.73035574 
Car 0.5 3 0 548.22876 179.60191 566.77026 192.33205 0.5 0.5 0.5 0.5 0.5 0.5 0.5 0.68362033 
Car 0.5 3 0 607.06744 175.8603 622.6675 188.18842 0.5 0.5 0.5 0.5 0.5 0.5 0.5 0.6031624 
Car 0.5 3 0 12.505551 181.95715 65.285255 200.6634 0.5 0.5 0.5 0.5 0.5 0.5 0.5 0.5943136 
