Car 0.5 3 0 551.95154 180.69313 576.7671 196.47296 0.5 0.5 0.5 0.5 0.5 0.5 0.5 0.9449758 
Car 0.5 3 0 504.80704 179.04655 537.11456 198.04594 0.5 0.5 0.5 0.5 0.5 0.5 0.5 0.9373316 
Pedestrian 0.5 3 0 276.1528 179.49739 308.53323 268.9372 0.5 0.5 0.5 0.5 0.5 0.5 0.5 0.93489313 
Car 0.5 3 0 236.60646 174.38937 399.4712 251.9205 0.5 0.5 0.5 0.5 0.5 0.5 0.5 0.8897481 
Car 0.5 3 0 532.1853 180.27917 553.34216 195.35942 0.5 0.5 0.5 0.5 0.5 0.5 0.5 0.8244014 
Car 0.5 3 0 212.4521 189.0323 256.4763 212.23778 0.5 0.5 0.5 0.5 0.5 0.5 0.5 0.73873985 
Car 0.5 3 0 575.9682 177.56462 595.8822 194.27246 0.5 0.5 0.5 0.5 0.5 0.5 0.5 0.6572833 
Car 0.5 3 0 602.6064 179.18756 618.11975 192.11024 0.5 0.5 0.5 0.5 0.5 0.5 0.5 0.64366305 
Pedestrian 0.5 3 0 257.0021 187.50563 273.7013 204.30531 0.5 0.5 0.5 0.5 0.5 0.5 0.5 0.5312149 
Pedestrian 0.5 3 0 320.77493 186.35623 358.26776 252.85411 0.5 0.5 0.5 0.5 0.5 0.5 0.5 0.51711726 
Car 0.5 3 0 233.90587 189.32828 286.10425 247.3756 0.5 0.5 0.5 0.5 0.5 0.5 0.5 0.5051428 
