Car 0.5 3 0 699.0216 175.57251 764.8657 223.86902 0.5 0.5 0.5 0.5 0.5 0.5 0.5 0.9979791 
Car 0.5 3 0 897.6314 163.07025 927.14557 180.90643 0.5 0.5 0.5 0.5 0.5 0.5 0.5 0.93551266 
Car 0.5 3 0 737.43695 167.88782 777.0462 188.00983 0.5 0.5 0.5 0.5 0.5 0.5 0.5 0.9031913 
Car 0.5 3 0 599.9106 172.96298 616.6781 184.2671 0.5 0.5 0.5 0.5 0.5 0.5 0.5 0.89859086 
Car 0.5 3 0 587.50775 173.28127 601.8105 184.47949 0.5 0.5 0.5 0.5 0.5 0.5 0.5 0.84712636 
Car 0.5 3 0 168.73526 180.91747 207.2819 198.66438 0.5 0.5 0.5 0.5 0.5 0.5 0.5 0.8206456 
Pedestrian 0.5 3 0 797.7511 166.94287 808.55756 200.07382 0.5 0.5 0.5 0.5 0.5 0.5 0.5 0.80568075 
Car 0.5 3 0 357.4067 176.13414 406.02805 196.42162 0.5 0.5 0.5 0.5 0.5 0.5 0.5 0.77470416 
Car 0.5 3 0 1120.2267 151.2123 1197.1531 175.82121 0.5 0.5 0.5 0.5 0.5 0.5 0.5 0.71844405 
Car 0.5 3 0 632.0608 171.29317 645.1727 182.27173 0.5 0.5 0.5 0.5 0.5 0.5 0.5 0.7176217 
Pedestrian 0.5 3 0 519.17975 172.99205 529.24243 201.88742 0.5 0.5 0.5 0.5 0.5 0.5 0.5 0.69939053 
Car 0.5 3 0 568.0436 176.39105 583.7445 184.79013 0.5 0.5 0.5 0.5 0.5 0.5 0.5 0.6713813 
Car 0.5 3 0 645.6974 169.75731 657.7129 180.80452 0.5 0.5 0.5 0.5 0.5 0.5 0.5 0.64906466 
Car 0.5 3 0 384.01035 179.20302 406.10074 195.83205 0.5 0.5 0.5 0.5 0.5 0.5 0.5 0.6341412 
Car 0.5 3 0 870.8149 170.54968 903.54095 185.19666 0.5 0.5 0.5 0.5 0.5 0.5 0.5 0.544181 
Car 0.5 3 0 153.26611 179.33495 197.71863 197.46521 0.5 0.5 0.5 0.5 0.5 0.5 0.5 0.52161896 
Car 0.5 3 0 1203.6808 153.5326 1223.9635 167.0211 0.5 0.5 0.5 0.5 0.5 0.5 0.5 0.52098703 
