Car 0.5 3 0 503.16913 178.06236 545.2474 198.55928 0.5 0.5 0.5 0.5 0.5 0.5 0.5 0.9926219 
Car 0.5 3 0 707.6297 175.46344 733.94354 196.2447 0.5 0.5 0.5 0.5 0.5 0.5 0.5 0.9560734 
Car 0.5 3 0 413.00275 178.66632 441.5722 192.04323 0.5 0.5 0.5 0.5 0.5 0.5 0.5 0.90389615 
Car 0.5 3 0 650.87305 177.66039 666.32715 185.16728 0.5 0.5 0.5 0.5 0.5 0.5 0.5 0.77547985 
Car 0.5 3 0 683.17676 174.28046 703.1016 183.77739 0.5 0.5 0.5 0.5 0.5 0.5 0.5 0.6892141 
Car 0.5 3 0 692.4665 174.51457 703.5607 183.15865 0.5 0.5 0.5 0.5 0.5 0.5 0.5 0.6460856 
Car 0.5 3 0 673.395 176.92447 683.9074 184.28773 0.5 0.5 0.5 0.5 0.5 0.5 0.5 0.5971145 
Car 0.5 3 0 683.2067 175.44685 694.1732 183.27037 0.5 0.5 0.5 0.5 0.5 0.5 0.5 0.57849073 
Car 0.5 3 0 732.01447 170.18529 745.55145 182.07057 0.5 0.5 0.5 0.5 0.5 0.5 0.5 0.5380059 
Car 0.5 3 0 666.9703 177.32478 675.58514 184.50891 0.5 0.5 0.5 0.5 0.5 0.5 0.5 0.50884414 
