Car 0.5 3 0 715.8421 182.28127 822.704 252.67712 0.5 0.5 0.5 0.5 0.5 0.5 0.5 0.99673873 
Car 0.5 3 0 648.3232 173.13751 708.602 196.34644 0.5 0.5 0.5 0.5 0.5 0.5 0.5 0.98851776 
Car 0.5 3 0 358.67853 180.09543 414.57977 202.90302 0.5 0.5 0.5 0.5 0.5 0.5 0.5 0.95312744 
Car 0.5 3 0 589.5697 177.46043 607.419 189.7776 0.5 0.5 0.5 0.5 0.5 0.5 0.5 0.9172592 
Car 0.5 3 0 1157.1665 156.21422 1241.0955 183.72852 0.5 0.5 0.5 0.5 0.5 0.5 0.5 0.9073902 
Car 0.5 3 0 826.81055 167.55501 881.642 191.87317 0.5 0.5 0.5 0.5 0.5 0.5 0.5 0.8833889 
Car 0.5 3 0 92.924706 190.3291 125.48994 207.43704 0.5 0.5 0.5 0.5 0.5 0.5 0.5 0.7972651 
Car 0.5 3 0 574.9292 178.29062 589.93134 189.11143 0.5 0.5 0.5 0.5 0.5 0.5 0.5 0.75030696 
Pedestrian 0.5 3 0 492.61688 173.88756 502.57422 210.90074 0.5 0.5 0.5 0.5 0.5 0.5 0.5 0.67301494 
Car 0.5 3 0 555.2664 181.27519 570.9547 189.46 0.5 0.5 0.5 0.5 0.5 0.5 0.5 0.67179346 
Car 0.5 3 0 559.3585 177.34659 588.1202 190.04904 0.5 0.5 0.5 0.5 0.5 0.5 0.5 0.5045663 
