Car 0.5 3 0 252.75963 181.26305 381.4569 235.64946 0.5 0.5 0.5 0.5 0.5 0.5 0.5 0.9977672 
Car 0.5 3 0 864.88226 205.7138 1224.9757 368.70398 0.5 0.5 0.5 0.5 0.5 0.5 0.5 0.99473804 
Car 0.5 3 0 521.273 175.63516 589.4542 203.55246 0.5 0.5 0.5 0.5 0.5 0.5 0.5 0.99339664 
Car 0.5 3 0 596.033 169.94424 682.6926 205.74603 0.5 0.5 0.5 0.5 0.5 0.5 0.5 0.9906661 
Car 0.5 3 0 819.92676 170.26636 910.51263 199.13948 0.5 0.5 0.5 0.5 0.5 0.5 0.5 0.9873653 
Pedestrian 0.5 3 0 394.95367 173.86421 415.7422 233.68462 0.5 0.5 0.5 0.5 0.5 0.5 0.5 0.97226816 
Car 0.5 3 0 220.76085 181.79361 289.975 213.8082 0.5 0.5 0.5 0.5 0.5 0.5 0.5 0.95065284 
Cyclist 0.5 3 0 933.6156 188.70758 1007.28723 246.38992 0.5 0.5 0.5 0.5 0.5 0.5 0.5 0.93264675 
Pedestrian 0.5 3 0 985.62683 167.4532 1003.76337 218.99078 0.5 0.5 0.5 0.5 0.5 0.5 0.5 0.84171766 
Car 0.5 3 0 568.9194 174.22632 602.3421 195.59215 0.5 0.5 0.5 0.5 0.5 0.5 0.5 0.6240884 
Car 0.5 3 0 1081.0355 130.29701 1240.9766 202.9343 0.5 0.5 0.5 0.5 0.5 0.5 0.5 0.5578486 
