Car 0.5 3 0 495.10364 177.4039 558.0886 205.08754 0.5 0.5 0.5 0.5 0.5 0.5 0.5 0.9956781 
Car 0.5 3 0 212.02701 180.95511 293.21753 212.45041 0.5 0.5 0.5 0.5 0.5 0.5 0.5 0.99373204 
Car 0.5 3 0 339.02783 179.02106 447.20828 224.81393 0.5 0.5 0.5 0.5 0.5 0.5 0.5 0.9904737 
Car 0.5 3 0 635.6336 169.51736 714.31616 203.1134 0.5 0.5 0.5 0.5 0.5 0.5 0.5 0.98845726 
Car 0.5 3 0 827.21924 192.47374 1242.0 374.8926 0.5 0.5 0.5 0.5 0.5 0.5 0.5 0.962788 
Car 0.5 3 0 841.86816 169.30872 937.3712 198.3182 0.5 0.5 0.5 0.5 0.5 0.5 0.5 0.94282967 
Car 0.5 3 0 563.4525 178.6873 583.78937 191.95584 0.5 0.5 0.5 0.5 0.5 0.5 0.5 0.8994096 
Pedestrian 0.5 3 0 407.88574 173.9623 426.0052 230.66301 0.5 0.5 0.5 0.5 0.5 0.5 0.5 0.8955477 
Car 0.5 3 0 1138.3766 144.34206 1241.45 190.32755 0.5 0.5 0.5 0.5 0.5 0.5 0.5 0.767471 
Car 0.5 3 0 543.1101 178.40338 565.7598 198.33708 0.5 0.5 0.5 0.5 0.5 0.5 0.5 0.75495523 
Car 0.5 3 0 606.3983 176.1516 620.9762 187.90283 0.5 0.5 0.5 0.5 0.5 0.5 0.5 0.67861027 
