Cyclist 0.5 3 0 1116.3954 195.91518 1228.0453 297.8947 0.5 0.5 0.5 0.5 0.5 0.5 0.5 0.99494714 
Pedestrian 0.5 3 0 316.9518 176.27014 345.63412 258.37936 0.5 0.5 0.5 0.5 0.5 0.5 0.5 0.9936429 
Car 0.5 3 0 426.41718 178.21623 553.6315 225.71782 0.5 0.5 0.5 0.5 0.5 0.5 0.5 0.9907239 
Car 0.5 3 0 406.55362 178.9197 442.64255 210.71954 0.5 0.5 0.5 0.5 0.5 0.5 0.5 0.97474366 
Car 0.5 3 0 700.02954 176.87112 724.1926 194.70032 0.5 0.5 0.5 0.5 0.5 0.5 0.5 0.9676106 
Car 0.5 3 0 558.50543 178.01254 587.9238 195.6904 0.5 0.5 0.5 0.5 0.5 0.5 0.5 0.9417134 
Car 0.5 3 0 735.5996 164.75804 835.0547 207.53973 0.5 0.5 0.5 0.5 0.5 0.5 0.5 0.7532522 
Pedestrian 0.5 3 0 1172.1812 166.55232 1236.8064 293.8443 0.5 0.5 0.5 0.5 0.5 0.5 0.5 0.61829364 
Pedestrian 0.5 3 0 1201.3429 172.07416 1235.2308 282.13107 0.5 0.5 0.5 0.5 0.5 0.5 0.5 0.5235771 
Car 0.5 3 0 607.7196 177.69495 622.75995 191.02219 0.5 0.5 0.5 0.5 0.5 0.5 0.5 0.5170055 
Car 0.5 3 0 581.41876 178.21759 599.59595 193.28291 0.5 0.5 0.5 0.5 0.5 0.5 0.5 0.51093644 
