Cyclist 0.5 3 0 1075.9828 199.38829 1233.6604 289.6012 0.5 0.5 0.5 0.5 0.5 0.5 0.5 0.99367464 
Car 0.5 3 0 161.11823 176.21239 338.25076 256.6862 0.5 0.5 0.5 0.5 0.5 0.5 0.5 0.99126863 
Car 0.5 3 0 387.37115 179.21484 449.83157 211.46971 0.5 0.5 0.5 0.5 0.5 0.5 0.5 0.9878472 
Car 0.5 3 0 683.82367 172.68855 715.3053 195.37764 0.5 0.5 0.5 0.5 0.5 0.5 0.5 0.9841913 
Pedestrian 0.5 3 0 333.18344 175.39922 358.28876 251.85237 0.5 0.5 0.5 0.5 0.5 0.5 0.5 0.9804822 
Car 0.5 3 0 564.328 175.02068 672.9617 212.77563 0.5 0.5 0.5 0.5 0.5 0.5 0.5 0.97634935 
Car 0.5 3 0 514.62555 176.18063 558.7299 193.6101 0.5 0.5 0.5 0.5 0.5 0.5 0.5 0.930598 
Car 0.5 3 0 847.6319 158.73822 939.85596 203.21025 0.5 0.5 0.5 0.5 0.5 0.5 0.5 0.8630981 
Car 0.5 3 0 559.03046 178.32191 584.8907 194.52563 0.5 0.5 0.5 0.5 0.5 0.5 0.5 0.80090225 
Car 0.5 3 0 559.71185 173.85716 602.3874 196.61403 0.5 0.5 0.5 0.5 0.5 0.5 0.5 0.70173967 
Car 0.5 3 0 540.45807 178.69035 560.86676 192.5283 0.5 0.5 0.5 0.5 0.5 0.5 0.5 0.6593193 
