Car 0.5 3 0 709.85455 182.1869 804.35626 244.57814 0.5 0.5 0.5 0.5 0.5 0.5 0.5 0.9979207 
Car 0.5 3 0 357.51337 180.03044 411.7967 202.27397 0.5 0.5 0.5 0.5 0.5 0.5 0.5 0.98926216 
Car 0.5 3 0 668.75726 171.63011 724.9989 195.45319 0.5 0.5 0.5 0.5 0.5 0.5 0.5 0.9836142 
Car 0.5 3 0 842.6879 167.6443 898.5012 193.21017 0.5 0.5 0.5 0.5 0.5 0.5 0.5 0.93381345 
Car 0.5 3 0 591.85455 179.4759 608.436 189.58241 0.5 0.5 0.5 0.5 0.5 0.5 0.5 0.89166665 
Car 0.5 3 0 1146.8989 156.14519 1234.4349 182.3946 0.5 0.5 0.5 0.5 0.5 0.5 0.5 0.7907482 
Pedestrian 0.5 3 0 498.47372 174.17392 509.82648 208.59846 0.5 0.5 0.5 0.5 0.5 0.5 0.5 0.7825559 
Pedestrian 0.5 3 0 824.8574 174.09183 836.86896 210.90283 0.5 0.5 0.5 0.5 0.5 0.5 0.5 0.6803371 
Car 0.5 3 0 559.598 183.14085 570.98926 189.38068 0.5 0.5 0.5 0.5 0.5 0.5 0.5 0.6738357 
Car 0.5 3 0 577.8803 179.49287 592.55646 188.54399 0.5 0.5 0.5 0.5 0.5 0.5 0.5 0.63007313 
Car 0.5 3 0 642.0674 175.02454 652.33545 184.64215 0.5 0.5 0.5 0.5 0.5 0.5 0.5 0.60437286 
Car 0.5 3 0 560.85956 181.1373 578.63654 189.61641 0.5 0.5 0.5 0.5 0.5 0.5 0.5 0.56071746 
Car 0.5 3 0 111.38463 183.34883 147.60594 206.38623 0.5 0.5 0.5 0.5 0.5 0.5 0.5 0.5560002 
Car 0.5 3 0 629.02026 175.38252 639.1408 186.52242 0.5 0.5 0.5 0.5 0.5 0.5 0.5 0.5416181 
