Cyclist 0.5 3 0 1155.7395 206.04549 1241.7117 301.8236 0.5 0.5 0.5 0.5 0.5 0.5 0.5 0.9964819 
Car 0.5 3 0 232.62817 181.48846 419.41724 245.87267 0.5 0.5 0.5 0.5 0.5 0.5 0.5 0.99418205 
Pedestrian 0.5 3 0 303.3592 180.46547 329.39227 263.0176 0.5 0.5 0.5 0.5 0.5 0.5 0.5 0.97869325 
Car 0.5 3 0 555.2823 179.36418 578.54663 195.46547 0.5 0.5 0.5 0.5 0.5 0.5 0.5 0.9535992 
Car 0.5 3 0 509.4971 177.75282 541.6428 197.02136 0.5 0.5 0.5 0.5 0.5 0.5 0.5 0.94371575 
Car 0.5 3 0 536.1847 179.95877 558.12634 194.99927 0.5 0.5 0.5 0.5 0.5 0.5 0.5 0.87697375 
Car 0.5 3 0 708.76794 173.42595 727.00354 192.23587 0.5 0.5 0.5 0.5 0.5 0.5 0.5 0.80131036 
Car 0.5 3 0 519.386 178.96684 556.82983 196.39102 0.5 0.5 0.5 0.5 0.5 0.5 0.5 0.72210705 
Car 0.5 3 0 387.93018 178.8004 420.96597 205.72733 0.5 0.5 0.5 0.5 0.5 0.5 0.5 0.66805315 
Car 0.5 3 0 610.94336 167.30095 708.7992 214.30127 0.5 0.5 0.5 0.5 0.5 0.5 0.5 0.5728823 
Car 0.5 3 0 581.2007 178.70506 597.89044 193.24377 0.5 0.5 0.5 0.5 0.5 0.5 0.5 0.5430032 
