Car 0.5 3 0 725.8368 183.98286 842.0416 260.3906 0.5 0.5 0.5 0.5 0.5 0.5 0.5 0.99771667 
Car 0.5 3 0 624.7485 172.34743 688.7774 198.04376 0.5 0.5 0.5 0.5 0.5 0.5 0.5 0.9880443 
Car 0.5 3 0 367.13983 182.2338 422.70312 203.96669 0.5 0.5 0.5 0.5 0.5 0.5 0.5 0.97592807 
Pedestrian 0.5 3 0 482.9495 174.48334 495.91104 212.74507 0.5 0.5 0.5 0.5 0.5 0.5 0.5 0.97131616 
Car 0.5 3 0 816.2553 166.17096 871.87335 193.72481 0.5 0.5 0.5 0.5 0.5 0.5 0.5 0.9088454 
Car 0.5 3 0 586.77795 177.77536 604.67773 189.6517 0.5 0.5 0.5 0.5 0.5 0.5 0.5 0.9054592 
Car 0.5 3 0 1162.6425 157.81767 1200.0635 186.66692 0.5 0.5 0.5 0.5 0.5 0.5 0.5 0.89503634 
Car 0.5 3 0 262.44022 183.35638 301.76532 203.1005 0.5 0.5 0.5 0.5 0.5 0.5 0.5 0.8758817 
Car 0.5 3 0 572.61975 179.59984 588.25745 189.1158 0.5 0.5 0.5 0.5 0.5 0.5 0.5 0.75130194 
Car 0.5 3 0 976.28906 169.7699 1021.74084 184.1022 0.5 0.5 0.5 0.5 0.5 0.5 0.5 0.63858813 
Car 0.5 3 0 32.19016 186.60945 97.68282 213.84056 0.5 0.5 0.5 0.5 0.5 0.5 0.5 0.60358936 
Car 0.5 3 0 552.7164 182.23645 565.5082 188.97273 0.5 0.5 0.5 0.5 0.5 0.5 0.5 0.5840377 
Car 0.5 3 0 553.40344 179.9017 576.38464 190.08583 0.5 0.5 0.5 0.5 0.5 0.5 0.5 0.55600905 
