Car 0.5 3 0 685.8828 174.25447 735.6421 211.31671 0.5 0.5 0.5 0.5 0.5 0.5 0.5 0.99783856 
Car 0.5 3 0 884.8253 163.33197 936.8567 179.08762 0.5 0.5 0.5 0.5 0.5 0.5 0.5 0.94564235 
Car 0.5 3 0 607.8729 172.97784 622.97314 183.37599 0.5 0.5 0.5 0.5 0.5 0.5 0.5 0.8881149 
Car 0.5 3 0 596.75006 174.04092 610.62036 183.84737 0.5 0.5 0.5 0.5 0.5 0.5 0.5 0.7546738 
Car 0.5 3 0 652.25586 168.50276 673.4169 180.70006 0.5 0.5 0.5 0.5 0.5 0.5 0.5 0.7199494 
Car 0.5 3 0 225.20734 178.73027 272.0076 199.67924 0.5 0.5 0.5 0.5 0.5 0.5 0.5 0.6466299 
Car 0.5 3 0 847.1992 159.50398 855.4281 168.93333 0.5 0.5 0.5 0.5 0.5 0.5 0.5 0.6242061 
Car 0.5 3 0 581.06635 175.32913 596.39886 184.41386 0.5 0.5 0.5 0.5 0.5 0.5 0.5 0.6227506 
Car 0.5 3 0 1075.1692 152.81172 1157.3259 181.4531 0.5 0.5 0.5 0.5 0.5 0.5 0.5 0.6168741 
Car 0.5 3 0 638.76776 171.85825 650.8064 182.17128 0.5 0.5 0.5 0.5 0.5 0.5 0.5 0.606563 
Car 0.5 3 0 651.7356 170.39018 663.95435 180.60127 0.5 0.5 0.5 0.5 0.5 0.5 0.5 0.58764076 
Car 0.5 3 0 201.33414 177.7062 270.98706 206.18253 0.5 0.5 0.5 0.5 0.5 0.5 0.5 0.5619647 
Car 0.5 3 0 1073.8302 156.18265 1114.2336 180.4316 0.5 0.5 0.5 0.5 0.5 0.5 0.5 0.50209093 
Car 0.5 3 0 624.9222 169.3053 641.0724 182.34326 0.5 0.5 0.5 0.5 0.5 0.5 0.5 0.50148934 
