Car 0.5 3 0 730.2928 182.57446 869.7724 270.1566 0.5 0.5 0.5 0.5 0.5 0.5 0.5 0.99624014 
Car 0.5 3 0 372.03683 181.00417 435.06586 204.29875 0.5 0.5 0.5 0.5 0.5 0.5 0.5 0.9913147 
Pedestrian 0.5 3 0 474.50674 172.41045 489.35098 214.40381 0.5 0.5 0.5 0.5 0.5 0.5 0.5 0.96656555 
Car 0.5 3 0 963.8023 165.88577 1033.5115 195.47105 0.5 0.5 0.5 0.5 0.5 0.5 0.5 0.9426757 
Car 0.5 3 0 243.7807 181.26508 293.42664 205.42384 0.5 0.5 0.5 0.5 0.5 0.5 0.5 0.9404078 
Car 0.5 3 0 1164.8329 153.94484 1241.708 184.44705 0.5 0.5 0.5 0.5 0.5 0.5 0.5 0.9366073 
Car 0.5 3 0 584.66034 176.09016 604.43726 190.09264 0.5 0.5 0.5 0.5 0.5 0.5 0.5 0.9283469 
Car 0.5 3 0 599.2868 172.94357 667.40576 199.51991 0.5 0.5 0.5 0.5 0.5 0.5 0.5 0.892011 
Car 0.5 3 0 570.22345 178.34328 585.1414 189.35825 0.5 0.5 0.5 0.5 0.5 0.5 0.5 0.78238606 
Car 0.5 3 0 807.24286 166.52898 857.3016 190.74028 0.5 0.5 0.5 0.5 0.5 0.5 0.5 0.7652043 
Pedestrian 0.5 3 0 856.80426 171.24934 869.5345 213.12251 0.5 0.5 0.5 0.5 0.5 0.5 0.5 0.75005895 
Car 0.5 3 0 548.1371 181.91232 562.58026 189.89136 0.5 0.5 0.5 0.5 0.5 0.5 0.5 0.5233113 
Car 0.5 3 0 711.1373 174.86984 719.4741 183.5294 0.5 0.5 0.5 0.5 0.5 0.5 0.5 0.50935024 
