Car 0.5 3 0 766.24536 190.64072 1021.8249 327.5285 0.5 0.5 0.5 0.5 0.5 0.5 0.5 0.99843496 
Car 0.5 3 0 483.3801 173.87721 566.7032 208.91983 0.5 0.5 0.5 0.5 0.5 0.5 0.5 0.9937453 
Car 0.5 3 0 715.90546 168.63579 790.0306 196.79004 0.5 0.5 0.5 0.5 0.5 0.5 0.5 0.9908432 
Car 0.5 3 0 223.32155 181.9387 285.37 209.23927 0.5 0.5 0.5 0.5 0.5 0.5 0.5 0.97227806 
Car 0.5 3 0 571.9547 177.47362 591.257 190.94525 0.5 0.5 0.5 0.5 0.5 0.5 0.5 0.9111134 
Car 0.5 3 0 427.98364 178.1846 477.65115 204.41599 0.5 0.5 0.5 0.5 0.5 0.5 0.5 0.8962871 
Pedestrian 0.5 3 0 439.5633 173.73563 455.95132 222.19609 0.5 0.5 0.5 0.5 0.5 0.5 0.5 0.7410165 
Car 0.5 3 0 8.120295 183.45152 56.811302 202.23671 0.5 0.5 0.5 0.5 0.5 0.5 0.5 0.73298806 
Car 0.5 3 0 558.27515 177.92267 574.25934 189.64258 0.5 0.5 0.5 0.5 0.5 0.5 0.5 0.64993757 
Car 0.5 3 0 614.9749 174.38176 626.67706 185.92383 0.5 0.5 0.5 0.5 0.5 0.5 0.5 0.5864583 
Car 0.5 3 0 921.56036 165.25854 998.3146 196.46286 0.5 0.5 0.5 0.5 0.5 0.5 0.5 0.5345719 
