Car 0.5 3 0 744.0965 186.17735 910.8096 286.99838 0.5 0.5 0.5 0.5 0.5 0.5 0.5 0.9971366 
Car 0.5 3 0 388.5027 178.39218 450.80145 204.79259 0.5 0.5 0.5 0.5 0.5 0.5 0.5 0.9892526 
Car 0.5 3 0 561.27637 174.36708 632.02075 201.44824 0.5 0.5 0.5 0.5 0.5 0.5 0.5 0.96320385 
Car 0.5 3 0 972.6174 166.86972 1031.5072 192.77945 0.5 0.5 0.5 0.5 0.5 0.5 0.5 0.95379835 
Car 0.5 3 0 1169.2255 154.8747 1240.1074 180.23315 0.5 0.5 0.5 0.5 0.5 0.5 0.5 0.9346181 
Car 0.5 3 0 763.8805 166.4799 832.8602 191.82703 0.5 0.5 0.5 0.5 0.5 0.5 0.5 0.9299881 
Car 0.5 3 0 233.40852 181.04239 274.889 208.30144 0.5 0.5 0.5 0.5 0.5 0.5 0.5 0.8909665 
Pedestrian 0.5 3 0 463.4331 174.75885 475.14597 217.3381 0.5 0.5 0.5 0.5 0.5 0.5 0.5 0.71987516 
Car 0.5 3 0 543.1421 180.48918 561.6366 191.03899 0.5 0.5 0.5 0.5 0.5 0.5 0.5 0.69361746 
Car 0.5 3 0 711.3514 174.8395 720.8174 182.41197 0.5 0.5 0.5 0.5 0.5 0.5 0.5 0.607008 
Car 0.5 3 0 688.1185 173.6602 697.3867 180.44312 0.5 0.5 0.5 0.5 0.5 0.5 0.5 0.5857374 
