Car 0.5 3 0 601.8129 174.78914 660.5824 201.25195 0.5 0.5 0.5 0.5 0.5 0.5 0.5 0.9950494 
Cyclist 0.5 3 0 993.2715 198.76616 1113.887 267.7423 0.5 0.5 0.5 0.5 0.5 0.5 0.5 0.9948709 
Car 0.5 3 0 477.43033 171.87468 579.2309 215.47954 0.5 0.5 0.5 0.5 0.5 0.5 0.5 0.9948426 
Car 0.5 3 0 273.53128 180.84366 367.151 215.51099 0.5 0.5 0.5 0.5 0.5 0.5 0.5 0.991529 
Car 0.5 3 0 741.1414 172.02599 839.8563 202.99684 0.5 0.5 0.5 0.5 0.5 0.5 0.5 0.9909882 
Pedestrian 0.5 3 0 368.43054 174.49669 389.69992 241.77666 0.5 0.5 0.5 0.5 0.5 0.5 0.5 0.98977786 
Car 0.5 3 0 2.2269478 193.4581 87.76135 290.2484 0.5 0.5 0.5 0.5 0.5 0.5 0.5 0.98793876 
Car 0.5 3 0 1009.7732 162.37988 1054.8195 197.93767 0.5 0.5 0.5 0.5 0.5 0.5 0.5 0.92273605 
Car 0.5 3 0 1012.9125 163.23613 1096.3777 199.61769 0.5 0.5 0.5 0.5 0.5 0.5 0.5 0.8501741 
Car 0.5 3 0 996.5597 288.89417 1239.553 375.0 0.5 0.5 0.5 0.5 0.5 0.5 0.5 0.7420339 
Car 0.5 3 0 569.69946 175.22263 599.6658 192.65411 0.5 0.5 0.5 0.5 0.5 0.5 0.5 0.639155 
