Car 0.5 3 0 692.8614 177.1298 755.4101 222.63823 0.5 0.5 0.5 0.5 0.5 0.5 0.5 0.99800974 
Car 0.5 3 0 602.7306 177.69818 618.62366 187.3144 0.5 0.5 0.5 0.5 0.5 0.5 0.5 0.9493291 
Pedestrian 0.5 3 0 790.2321 172.0417 800.4426 200.04306 0.5 0.5 0.5 0.5 0.5 0.5 0.5 0.8274014 
Car 0.5 3 0 878.17804 166.97041 910.5139 184.41878 0.5 0.5 0.5 0.5 0.5 0.5 0.5 0.7708045 
Car 0.5 3 0 615.4553 172.0671 638.1969 186.04373 0.5 0.5 0.5 0.5 0.5 0.5 0.5 0.7352675 
Car 0.5 3 0 635.6528 174.77863 647.3569 184.8271 0.5 0.5 0.5 0.5 0.5 0.5 0.5 0.7053296 
Car 0.5 3 0 1107.0887 151.21912 1184.0082 176.8633 0.5 0.5 0.5 0.5 0.5 0.5 0.5 0.6821548 
Car 0.5 3 0 589.9664 177.82614 603.5766 187.76035 0.5 0.5 0.5 0.5 0.5 0.5 0.5 0.64805216 
Pedestrian 0.5 3 0 526.4405 177.34818 536.5505 205.44362 0.5 0.5 0.5 0.5 0.5 0.5 0.5 0.62850064 
Car 0.5 3 0 184.4234 184.69415 227.10588 201.02376 0.5 0.5 0.5 0.5 0.5 0.5 0.5 0.61578923 
Car 0.5 3 0 574.0265 180.21684 586.2513 188.18925 0.5 0.5 0.5 0.5 0.5 0.5 0.5 0.60772014 
Car 0.5 3 0 879.7917 164.83926 930.9324 182.30154 0.5 0.5 0.5 0.5 0.5 0.5 0.5 0.60530925 
Car 0.5 3 0 647.0274 173.42075 659.18585 184.18953 0.5 0.5 0.5 0.5 0.5 0.5 0.5 0.5711558 
