Car 0.5 3 0 679.7389 171.63306 780.59247 206.31291 0.5 0.5 0.5 0.5 0.5 0.5 0.5 0.99594826 
Cyclist 0.5 3 0 1027.9937 195.42555 1167.0709 278.1665 0.5 0.5 0.5 0.5 0.5 0.5 0.5 0.99461925 
Pedestrian 0.5 3 0 353.24612 174.82436 377.22824 244.8831 0.5 0.5 0.5 0.5 0.5 0.5 0.5 0.9908049 
Car 0.5 3 0 390.09146 171.1641 502.69757 223.5677 0.5 0.5 0.5 0.5 0.5 0.5 0.5 0.9846305 
Car 0.5 3 0 560.00024 179.42543 581.0702 193.24442 0.5 0.5 0.5 0.5 0.5 0.5 0.5 0.943969 
Car 0.5 3 0 517.6329 176.76051 550.9377 193.38924 0.5 0.5 0.5 0.5 0.5 0.5 0.5 0.9238032 
Car 0.5 3 0 952.1516 158.73114 1047.3657 201.13892 0.5 0.5 0.5 0.5 0.5 0.5 0.5 0.92273986 
Car 0.5 3 0 645.2461 174.14958 686.55023 197.82033 0.5 0.5 0.5 0.5 0.5 0.5 0.5 0.9142658 
Car 0.5 3 0 542.33496 178.05687 562.03784 191.76764 0.5 0.5 0.5 0.5 0.5 0.5 0.5 0.8385275 
Car 0.5 3 0 322.4003 176.86264 387.82617 213.60706 0.5 0.5 0.5 0.5 0.5 0.5 0.5 0.8275572 
Car 0.5 3 0 608.0919 175.7914 622.6947 188.53133 0.5 0.5 0.5 0.5 0.5 0.5 0.5 0.68261296 
Car 0.5 3 0 528.5575 177.76418 561.01025 193.55403 0.5 0.5 0.5 0.5 0.5 0.5 0.5 0.63742846 
Car 0.5 3 0 580.71735 175.05823 599.98065 191.02274 0.5 0.5 0.5 0.5 0.5 0.5 0.5 0.56542116 
