Car 0.5 3 0 703.4372 180.25958 782.84906 235.07564 0.5 0.5 0.5 0.5 0.5 0.5 0.5 0.9974954 
Car 0.5 3 0 856.4294 167.42146 912.78876 191.41634 0.5 0.5 0.5 0.5 0.5 0.5 0.5 0.90590084 
Car 0.5 3 0 1134.2369 155.20247 1218.1061 180.04964 0.5 0.5 0.5 0.5 0.5 0.5 0.5 0.89633507 
Car 0.5 3 0 595.7257 177.16817 612.2338 188.6806 0.5 0.5 0.5 0.5 0.5 0.5 0.5 0.8807933 
Pedestrian 0.5 3 0 809.50745 173.13188 821.825 207.23898 0.5 0.5 0.5 0.5 0.5 0.5 0.5 0.8343631 
Car 0.5 3 0 378.98868 183.29698 406.8368 200.50415 0.5 0.5 0.5 0.5 0.5 0.5 0.5 0.81381166 
Car 0.5 3 0 583.882 177.87924 597.2989 188.69269 0.5 0.5 0.5 0.5 0.5 0.5 0.5 0.69694036 
Car 0.5 3 0 140.72748 183.46822 178.06984 202.72595 0.5 0.5 0.5 0.5 0.5 0.5 0.5 0.6697991 
Car 0.5 3 0 609.80695 173.8399 631.3571 187.1843 0.5 0.5 0.5 0.5 0.5 0.5 0.5 0.6508036 
Pedestrian 0.5 3 0 508.8759 175.15445 519.3498 206.60625 0.5 0.5 0.5 0.5 0.5 0.5 0.5 0.6461267 
Car 0.5 3 0 643.4731 174.04764 654.81104 184.14403 0.5 0.5 0.5 0.5 0.5 0.5 0.5 0.60534793 
Car 0.5 3 0 694.4402 171.61086 720.26855 193.36867 0.5 0.5 0.5 0.5 0.5 0.5 0.5 0.60276276 
Car 0.5 3 0 571.8091 177.66718 597.21063 189.08345 0.5 0.5 0.5 0.5 0.5 0.5 0.5 0.57194966 
Car 0.5 3 0 564.1319 178.6458 585.5739 188.57233 0.5 0.5 0.5 0.5 0.5 0.5 0.5 0.54712456 
Car 0.5 3 0 707.6571 172.23941 749.3402 197.87779 0.5 0.5 0.5 0.5 0.5 0.5 0.5 0.5289916 
Car 0.5 3 0 629.07025 174.47545 640.8336 186.2591 0.5 0.5 0.5 0.5 0.5 0.5 0.5 0.52252865 
