Car 0.5 3 0 444.76508 171.97662 549.16534 217.32814 0.5 0.5 0.5 0.5 0.5 0.5 0.5 0.99588805 
Car 0.5 3 0 621.6871 174.61757 674.46106 200.43367 0.5 0.5 0.5 0.5 0.5 0.5 0.5 0.99234605 
Car 0.5 3 0 716.88306 171.33163 818.4872 203.55827 0.5 0.5 0.5 0.5 0.5 0.5 0.5 0.9921652 
Cyclist 0.5 3 0 1005.9604 199.29407 1133.7998 272.2465 0.5 0.5 0.5 0.5 0.5 0.5 0.5 0.99184 
Car 0.5 3 0 291.90533 180.32251 363.65332 214.60738 0.5 0.5 0.5 0.5 0.5 0.5 0.5 0.99074274 
Pedestrian 0.5 3 0 361.7183 174.00478 384.09418 245.05162 0.5 0.5 0.5 0.5 0.5 0.5 0.5 0.988907 
Car 0.5 3 0 545.20593 177.81352 562.8845 192.20258 0.5 0.5 0.5 0.5 0.5 0.5 0.5 0.9541858 
Car 0.5 3 0 560.2613 177.05495 583.244 192.89325 0.5 0.5 0.5 0.5 0.5 0.5 0.5 0.95080626 
Car 0.5 3 0 987.9343 160.60309 1072.221 200.33281 0.5 0.5 0.5 0.5 0.5 0.5 0.5 0.91730857 
Car 0.5 3 0 1044.9105 334.03357 1240.0155 374.45193 0.5 0.5 0.5 0.5 0.5 0.5 0.5 0.8909306 
Car 0.5 3 0 608.243 175.83311 622.4183 188.62192 0.5 0.5 0.5 0.5 0.5 0.5 0.5 0.72751474 
Car 0.5 3 0 581.877 173.90128 600.122 191.32094 0.5 0.5 0.5 0.5 0.5 0.5 0.5 0.5765166 
