Car 0.5 3 0 668.05035 173.1291 768.7918 206.83139 0.5 0.5 0.5 0.5 0.5 0.5 0.5 0.99665123 
Cyclist 0.5 3 0 1031.9099 196.692 1176.7191 278.96747 0.5 0.5 0.5 0.5 0.5 0.5 0.5 0.99315286 
Pedestrian 0.5 3 0 350.44937 173.7035 377.49304 246.50244 0.5 0.5 0.5 0.5 0.5 0.5 0.5 0.9900114 
Car 0.5 3 0 369.2894 171.09096 486.06708 227.07278 0.5 0.5 0.5 0.5 0.5 0.5 0.5 0.98875 
Car 0.5 3 0 652.2903 173.85097 687.41797 199.14787 0.5 0.5 0.5 0.5 0.5 0.5 0.5 0.96704257 
Car 0.5 3 0 559.7909 178.00438 584.2758 192.87779 0.5 0.5 0.5 0.5 0.5 0.5 0.5 0.932078 
Car 0.5 3 0 518.10175 176.1237 558.695 193.05786 0.5 0.5 0.5 0.5 0.5 0.5 0.5 0.8890363 
Car 0.5 3 0 326.24133 178.317 393.63165 214.76279 0.5 0.5 0.5 0.5 0.5 0.5 0.5 0.87604433 
Car 0.5 3 0 538.1804 177.84233 562.2828 193.04617 0.5 0.5 0.5 0.5 0.5 0.5 0.5 0.7983506 
Car 0.5 3 0 939.6449 159.7618 1040.8977 201.34567 0.5 0.5 0.5 0.5 0.5 0.5 0.5 0.7675424 
Car 0.5 3 0 607.9435 175.90456 622.1361 188.65768 0.5 0.5 0.5 0.5 0.5 0.5 0.5 0.67060965 
Car 0.5 3 0 326.74805 178.72906 355.47327 212.74962 0.5 0.5 0.5 0.5 0.5 0.5 0.5 0.607451 
Car 0.5 3 0 580.6565 175.21863 599.9017 191.04811 0.5 0.5 0.5 0.5 0.5 0.5 0.5 0.59279233 
Car 0.5 3 0 620.9515 173.59415 633.52795 186.04979 0.5 0.5 0.5 0.5 0.5 0.5 0.5 0.5030605 
