Pedestrian 0.5 3 0 315.33002 176.014 344.51093 259.06284 0.5 0.5 0.5 0.5 0.5 0.5 0.5 0.9934087 
Car 0.5 3 0 409.71017 178.0086 541.69934 225.90839 0.5 0.5 0.5 0.5 0.5 0.5 0.5 0.98756105 
Cyclist 0.5 3 0 1119.9237 201.56729 1235.4861 297.8386 0.5 0.5 0.5 0.5 0.5 0.5 0.5 0.9872378 
Car 0.5 3 0 701.00214 176.58624 723.5276 194.27905 0.5 0.5 0.5 0.5 0.5 0.5 0.5 0.9730609 
Car 0.5 3 0 558.323 178.66153 585.67175 195.74565 0.5 0.5 0.5 0.5 0.5 0.5 0.5 0.95471346 
Pedestrian 0.5 3 0 1192.1188 174.25636 1242.0 281.9394 0.5 0.5 0.5 0.5 0.5 0.5 0.5 0.8993186 
Car 0.5 3 0 536.1919 180.57356 560.0671 195.5543 0.5 0.5 0.5 0.5 0.5 0.5 0.5 0.89922565 
Car 0.5 3 0 405.73923 180.3655 441.06506 213.76163 0.5 0.5 0.5 0.5 0.5 0.5 0.5 0.8873876 
Car 0.5 3 0 721.99457 165.26314 818.32983 208.69443 0.5 0.5 0.5 0.5 0.5 0.5 0.5 0.68473256 
Car 0.5 3 0 607.5449 178.05391 621.90607 191.19017 0.5 0.5 0.5 0.5 0.5 0.5 0.5 0.5487462 
