Car 0.5 3 0 682.6341 176.16438 725.3334 208.89204 0.5 0.5 0.5 0.5 0.5 0.5 0.5 0.99637777 
Car 0.5 3 0 1.105921 186.59656 198.45502 256.7043 0.5 0.5 0.5 0.5 0.5 0.5 0.5 0.9793825 
Car 0.5 3 0 617.1047 175.6543 632.3318 185.2865 0.5 0.5 0.5 0.5 0.5 0.5 0.5 0.9339296 
Car 0.5 3 0 1048.9641 159.39871 1106.6708 182.48245 0.5 0.5 0.5 0.5 0.5 0.5 0.5 0.9191514 
Car 0.5 3 0 883.2226 166.9615 928.59503 181.89276 0.5 0.5 0.5 0.5 0.5 0.5 0.5 0.8715526 
Car 0.5 3 0 243.81587 179.96576 301.27036 199.30351 0.5 0.5 0.5 0.5 0.5 0.5 0.5 0.81865734 
Car 0.5 3 0 595.48096 176.43692 618.3926 186.99834 0.5 0.5 0.5 0.5 0.5 0.5 0.5 0.7299761 
Car 0.5 3 0 659.88715 172.56743 670.72614 183.02821 0.5 0.5 0.5 0.5 0.5 0.5 0.5 0.7214516 
Car 0.5 3 0 607.34814 177.5203 618.5286 185.47772 0.5 0.5 0.5 0.5 0.5 0.5 0.5 0.6189181 
Car 0.5 3 0 630.8324 175.40154 642.10364 184.65012 0.5 0.5 0.5 0.5 0.5 0.5 0.5 0.5531724 
Car 0.5 3 0 978.36566 165.31602 1024.7817 179.47401 0.5 0.5 0.5 0.5 0.5 0.5 0.5 0.5187235 
