Car 0.5 3 0 653.32404 173.26099 755.51874 207.18716 0.5 0.5 0.5 0.5 0.5 0.5 0.5 0.99712795 
Cyclist 0.5 3 0 1039.2716 201.41856 1184.5739 279.02576 0.5 0.5 0.5 0.5 0.5 0.5 0.5 0.9943692 
Car 0.5 3 0 367.52133 171.46475 467.5607 227.05298 0.5 0.5 0.5 0.5 0.5 0.5 0.5 0.9867308 
Pedestrian 0.5 3 0 344.52432 171.26347 371.20212 247.49477 0.5 0.5 0.5 0.5 0.5 0.5 0.5 0.9747877 
Car 0.5 3 0 559.63135 178.92534 581.9521 193.4118 0.5 0.5 0.5 0.5 0.5 0.5 0.5 0.93957347 
Car 0.5 3 0 518.16315 176.16838 558.4786 193.12904 0.5 0.5 0.5 0.5 0.5 0.5 0.5 0.8935627 
Car 0.5 3 0 541.09204 178.4236 561.4671 192.34964 0.5 0.5 0.5 0.5 0.5 0.5 0.5 0.8086609 
Car 0.5 3 0 608.464 176.44939 622.24854 188.66591 0.5 0.5 0.5 0.5 0.5 0.5 0.5 0.708426 
Car 0.5 3 0 928.1524 159.56973 1027.0874 202.00676 0.5 0.5 0.5 0.5 0.5 0.5 0.5 0.69716954 
Car 0.5 3 0 0.23277152 181.03694 44.35476 205.46297 0.5 0.5 0.5 0.5 0.5 0.5 0.5 0.64754105 
Car 0.5 3 0 579.8248 174.2466 600.12415 191.03343 0.5 0.5 0.5 0.5 0.5 0.5 0.5 0.5616395 
Car 0.5 3 0 620.85144 173.38031 633.4149 186.12231 0.5 0.5 0.5 0.5 0.5 0.5 0.5 0.5122441 
