Car -1 -1 -10 380.000000 178.000000 515.000000 280.000000 1.562613 1.657071 3.918712 -2.962455 1.647259 13.137982 -1.599628 0.979978
Car -1 -1 -10 136.000000 191.000000 253.000000 251.000000 1.533442 1.611070 3.795731 -11.857387 2.129875 20.679369 1.612872 0.965439
Car -1 -1 -10 587.000000 173.000000 614.000000 198.000000 1.538380 1.547312 3.536041 -0.897863 1.727051 40.612505 -2.243348 0.950252
Pedestrian -1 -1 -10 678.000000 167.000000 700.000000 222.000000 1.713304 0.581395 0.668918 1.983254 1.408137 19.860559 2.803820 0.945825
Pedestrian -1 -1 -10 693.000000 159.000000 722.000000 225.000000 1.710482 0.613418 0.736705 2.430416 1.424098 18.688780 2.784768 0.938873
Pedestrian -1 -1 -10 660.000000 171.000000 676.000000 221.000000 1.757923 0.603290 0.730957 1.890413 1.830485 24.080620 0.131402 0.893470
Cyclist -1 -1 -10 676.000000 190.000000 732.000000 229.000000 1.716769 0.584947 1.571750 2.600321 1.856474 20.519588 -0.908587 0.784600
Pedestrian -1 -1 -10 93.000000 182.000000 116.000000 226.000000 1.721327 0.603352 0.698541 -17.861578 1.608360 25.347349 0.942881 0.692317
Cyclist -1 -1 -10 711.000000 195.000000 732.000000 227.000000 1.716803 0.533820 1.584958 2.782238 1.851153 18.960416 -1.453545 0.644054
Pedestrian -1 -1 -10 1086.000000 159.000000 1098.000000 185.000000 1.787407 0.572019 0.766494 21.508624 1.064334 32.241377 -2.435124 0.588357
