Car -1 -1 -10 2.000000 189.000000 364.000000 372.000000 1.527611 1.586004 3.694012 -2.748854 1.554914 3.828299 -1.542552 0.996521
Pedestrian -1 -1 -10 809.000000 153.000000 858.000000 287.000000 1.723656 0.613057 0.797739 2.821578 1.452712 9.268193 -2.300327 0.995472
Cyclist -1 -1 -10 762.000000 211.000000 890.000000 285.000000 1.719634 0.634556 1.586768 3.433898 1.549968 11.645669 -0.700619 0.987496
Pedestrian -1 -1 -10 720.000000 173.000000 748.000000 260.000000 1.684638 0.579089 0.702144 2.179586 1.584588 12.565016 -0.960147 0.972816
Pedestrian -1 -1 -10 756.000000 165.000000 793.000000 266.000000 1.791340 0.610023 0.750917 2.601764 1.636457 11.647608 -2.917907 0.966726
Car -1 -1 -10 415.000000 184.000000 464.000000 212.000000 1.477687 1.563324 3.639953 -8.463035 2.019459 37.006712 -1.884078 0.956879
Pedestrian -1 -1 -10 780.000000 153.000000 811.000000 231.000000 1.771428 0.613756 0.727621 3.870727 0.851436 16.136646 -1.324694 0.928935
Pedestrian -1 -1 -10 221.000000 179.000000 248.000000 215.000000 1.755648 0.602699 0.569261 -13.318325 1.546951 25.224744 -2.044186 0.733001
Car -1 -1 -10 0.000000 165.000000 92.000000 192.000000 1.641915 1.529196 3.366181 -27.222639 1.515360 34.699459 0.431542 0.715299
Car -1 -1 -10 224.000000 192.000000 295.000000 241.000000 1.521254 1.525193 3.420469 -11.201077 1.983674 23.376562 -2.672112 0.590146
Cyclist -1 -1 -10 762.000000 207.000000 822.000000 280.000000 1.712189 0.529309 1.589180 2.863015 1.546370 11.602144 -0.818312 0.529116
Pedestrian -1 -1 -10 377.000000 177.000000 388.000000 205.000000 1.765741 0.554113 0.790705 -12.232262 1.746582 38.687341 0.430162 0.519357
