Car -1 -1 -10 254.000000 182.000000 482.000000 339.000000 1.601532 1.637872 3.891984 -2.869025 1.696192 9.135685 -1.510595 0.996083
Car -1 -1 -10 0.000000 199.000000 81.000000 278.000000 1.508763 1.611365 3.816003 -12.545221 2.186543 14.093747 1.552888 0.988034
Pedestrian -1 -1 -10 680.000000 172.000000 695.000000 231.000000 1.776598 0.617249 0.727051 1.836486 1.204052 18.202206 -1.456162 0.946391
Pedestrian -1 -1 -10 725.000000 161.000000 758.000000 243.000000 1.738592 0.611971 0.805175 2.707652 1.460034 14.998716 2.866255 0.911748
Car -1 -1 -10 590.000000 174.000000 618.000000 199.000000 1.530330 1.509906 3.392188 -0.283536 1.844930 40.493022 0.997363 0.910374
Cyclist -1 -1 -10 706.000000 195.000000 774.000000 245.000000 1.682235 0.708896 1.699328 2.287387 1.579629 12.396563 3.294040 0.909099
Pedestrian -1 -1 -10 702.000000 168.000000 726.000000 237.000000 1.700166 0.546631 0.608132 2.223993 1.539841 15.927422 2.245654 0.908868
Pedestrian -1 -1 -10 720.000000 161.000000 737.000000 203.000000 1.765535 0.614342 0.620131 4.766206 1.515932 29.706892 -1.400064 0.665184
Pedestrian -1 -1 -10 719.000000 160.000000 740.000000 236.000000 1.704892 0.544566 0.573031 2.562741 1.368612 15.716392 0.621267 0.594010
Pedestrian -1 -1 -10 747.000000 164.000000 764.000000 202.000000 1.772921 0.616966 0.635874 5.707068 1.468860 28.573882 -1.361897 0.555098
