Pedestrian -1 -1 -10 1023.000000 158.000000 1118.000000 372.000000 1.817089 0.632717 0.907478 10.120878 1.257554 15.662267 3.196050 0.997615
Pedestrian -1 -1 -10 856.000000 181.000000 934.000000 365.000000 1.682517 0.576637 0.688059 2.349279 1.621356 5.970569 -0.759654 0.997232
Cyclist -1 -1 -10 912.000000 248.000000 1211.000000 370.000000 1.674362 0.512485 1.670033 2.484017 1.440491 3.927307 0.996541 0.986871
Car -1 -1 -10 602.000000 184.000000 630.000000 210.000000 1.525493 1.614379 3.863579 0.356103 1.971254 39.533483 -0.950916 0.978094
Car -1 -1 -10 318.000000 197.000000 395.000000 237.000000 1.508540 1.605480 3.831284 -8.895026 2.300360 25.501777 1.806938 0.950826
Cyclist -1 -1 -10 909.000000 235.000000 1003.000000 369.000000 1.680195 0.560079 1.714520 2.577317 1.657904 5.068944 3.386807 0.937339
Pedestrian -1 -1 -10 1023.000000 137.000000 1066.000000 226.000000 1.781394 0.596302 0.612140 10.849507 1.184724 18.142678 3.136368 0.804265
Car -1 -1 -10 361.000000 190.000000 403.000000 218.000000 1.528532 1.607744 3.686003 -11.029824 2.386304 35.679613 -1.901068 0.741742
Cyclist -1 -1 -10 1181.000000 199.000000 1238.000000 285.000000 1.710071 0.559271 1.572957 9.166737 1.609766 11.085812 -0.352499 0.708720
Pedestrian -1 -1 -10 45.000000 203.000000 68.000000 244.000000 1.682061 0.534280 0.733253 -14.408985 2.064793 18.656735 -3.719217 0.676799
Car -1 -1 -10 336.000000 192.000000 402.000000 227.000000 1.455855 1.586828 3.736273 -9.266150 2.272467 26.897361 -2.528933 0.634033
