Pedestrian -1 -1 -10 1099.000000 122.000000 1232.000000 371.000000 1.788335 0.653419 0.807192 4.289901 1.161418 5.586120 2.293624 0.998159
Pedestrian -1 -1 -10 917.000000 160.000000 993.000000 374.000000 1.730291 0.562450 0.681602 2.673363 1.423249 5.509033 1.509224 0.997291
Pedestrian -1 -1 -10 811.000000 178.000000 867.000000 329.000000 1.686029 0.552865 0.686776 2.306057 1.633891 7.304938 -1.724083 0.997102
Car -1 -1 -10 602.000000 181.000000 630.000000 206.000000 1.530220 1.629548 3.876883 -0.005820 1.872315 40.471410 -3.095377 0.985287
Car -1 -1 -10 345.000000 191.000000 418.000000 228.000000 1.499605 1.611500 3.710301 -8.832314 2.303187 28.210327 -1.319878 0.971921
Cyclist -1 -1 -10 984.000000 229.000000 1184.000000 371.000000 1.620965 0.787347 1.783165 2.610704 1.368960 3.756611 3.492347 0.966688
Cyclist -1 -1 -10 843.000000 239.000000 1042.000000 347.000000 1.693445 0.561519 1.694667 2.434501 1.327456 5.420431 0.515620 0.894398
Pedestrian -1 -1 -10 939.000000 142.000000 997.000000 244.000000 1.730863 0.587174 0.669861 6.303219 0.921269 12.763914 2.002735 0.798069
Pedestrian -1 -1 -10 35.000000 202.000000 55.000000 245.000000 1.682527 0.513597 0.762061 -14.440173 2.048072 18.366469 -3.683077 0.717307
Pedestrian -1 -1 -10 127.000000 191.000000 140.000000 233.000000 1.709964 0.601909 0.642713 -16.502515 1.577303 24.896764 0.977515 0.611733
Pedestrian -1 -1 -10 933.000000 143.000000 983.000000 214.000000 1.783885 0.594188 0.613879 8.910099 1.195622 18.622294 3.047232 0.507404
