Car 0.5 3 0 425.68857 182.43033 496.1574 229.22635 0.5 0.5 0.5 0.5 0.5 0.5 0.5 0.9967114 
Car 0.5 3 0 1007.83264 250.09224 1240.6155 371.42545 0.5 0.5 0.5 0.5 0.5 0.5 0.5 0.9947066 
Car 0.5 3 0 481.396 179.42395 520.409 216.98495 0.5 0.5 0.5 0.5 0.5 0.5 0.5 0.9940058 
Car 0.5 3 0 745.79 182.78542 865.34033 270.92157 0.5 0.5 0.5 0.5 0.5 0.5 0.5 0.9918812 
Car 0.5 3 0 798.5362 192.59923 1111.8726 356.21295 0.5 0.5 0.5 0.5 0.5 0.5 0.5 0.9915575 
Car 0.5 3 0 2.2840793 206.93637 305.17227 370.8571 0.5 0.5 0.5 0.5 0.5 0.5 0.5 0.98320985 
Car 0.5 3 0 582.23303 175.69344 619.5286 192.05058 0.5 0.5 0.5 0.5 0.5 0.5 0.5 0.9786664 
Car 0.5 3 0 719.2335 182.5498 774.22943 238.8898 0.5 0.5 0.5 0.5 0.5 0.5 0.5 0.97670346 
Car 0.5 3 0 707.5724 180.14832 749.8893 232.0873 0.5 0.5 0.5 0.5 0.5 0.5 0.5 0.9298046 
Car 0.5 3 0 1058.7958 173.2131 1160.8906 222.6166 0.5 0.5 0.5 0.5 0.5 0.5 0.5 0.91125864 
Car 0.5 3 0 0.026873905 190.30019 58.69871 212.7117 0.5 0.5 0.5 0.5 0.5 0.5 0.5 0.89493513 
Car 0.5 3 0 677.8258 173.66052 698.405 189.45021 0.5 0.5 0.5 0.5 0.5 0.5 0.5 0.85554266 
Car 0.5 3 0 924.2379 206.82191 1168.618 366.17978 0.5 0.5 0.5 0.5 0.5 0.5 0.5 0.8364986 
Car 0.5 3 0 1165.6702 173.47388 1239.8644 216.93144 0.5 0.5 0.5 0.5 0.5 0.5 0.5 0.75771374 
Car 0.5 3 0 689.4463 173.82574 715.5059 193.8095 0.5 0.5 0.5 0.5 0.5 0.5 0.5 0.6256041 
