Car 0.5 3 0 254.70172 188.61554 318.03238 225.30296 0.5 0.5 0.5 0.5 0.5 0.5 0.5 0.99737847 
Car 0.5 3 0 861.18994 173.96178 973.63214 235.19496 0.5 0.5 0.5 0.5 0.5 0.5 0.5 0.99605125 
Car 0.5 3 0 369.83243 196.77098 487.26666 261.46182 0.5 0.5 0.5 0.5 0.5 0.5 0.5 0.99594516 
Car 0.5 3 0 30.132837 190.07503 90.09343 223.97212 0.5 0.5 0.5 0.5 0.5 0.5 0.5 0.9913463 
Car 0.5 3 0 775.8775 173.35335 844.5048 223.22781 0.5 0.5 0.5 0.5 0.5 0.5 0.5 0.98952496 
Car 0.5 3 0 239.31712 187.71873 277.76868 219.3315 0.5 0.5 0.5 0.5 0.5 0.5 0.5 0.98604137 
Car 0.5 3 0 442.80057 175.83002 527.80676 209.73593 0.5 0.5 0.5 0.5 0.5 0.5 0.5 0.9720295 
Car 0.5 3 0 946.7143 165.57208 1107.1676 205.85252 0.5 0.5 0.5 0.5 0.5 0.5 0.5 0.9706289 
Car 0.5 3 0 502.84082 164.91158 786.02545 317.20068 0.5 0.5 0.5 0.5 0.5 0.5 0.5 0.9600185 
Car 0.5 3 0 77.051796 190.2721 103.56715 213.07259 0.5 0.5 0.5 0.5 0.5 0.5 0.5 0.93170255 
Car 0.5 3 0 213.2456 183.54137 239.72345 203.1938 0.5 0.5 0.5 0.5 0.5 0.5 0.5 0.9017143 
Car 0.5 3 0 117.36148 186.67871 142.42346 202.30591 0.5 0.5 0.5 0.5 0.5 0.5 0.5 0.89756334 
Car 0.5 3 0 384.62686 183.55785 447.19794 200.93388 0.5 0.5 0.5 0.5 0.5 0.5 0.5 0.71990776 
Car 0.5 3 0 153.38405 188.73854 167.13521 196.61708 0.5 0.5 0.5 0.5 0.5 0.5 0.5 0.7092465 
Car 0.5 3 0 833.0347 180.32338 868.71967 215.02583 0.5 0.5 0.5 0.5 0.5 0.5 0.5 0.70847934 
Car 0.5 3 0 383.95602 187.22295 421.9496 201.07861 0.5 0.5 0.5 0.5 0.5 0.5 0.5 0.6650816 
Car 0.5 3 0 159.16406 184.40567 174.85863 195.59576 0.5 0.5 0.5 0.5 0.5 0.5 0.5 0.6299279 
Car 0.5 3 0 155.82397 186.43175 170.06071 195.88388 0.5 0.5 0.5 0.5 0.5 0.5 0.5 0.5222613 
Car 0.5 3 0 0.2594917 181.334 13.214392 197.3899 0.5 0.5 0.5 0.5 0.5 0.5 0.5 0.50300926 
