Car 0.5 3 0 860.99884 150.20825 1036.7483 211.00624 0.5 0.5 0.5 0.5 0.5 0.5 0.5 0.9965875 
Car 0.5 3 0 0.9484452 219.11948 198.3168 372.02127 0.5 0.5 0.5 0.5 0.5 0.5 0.5 0.9958419 
Car 0.5 3 0 398.76724 191.47125 458.7568 238.39742 0.5 0.5 0.5 0.5 0.5 0.5 0.5 0.98927337 
Car 0.5 3 0 813.5869 158.84537 881.90546 202.20305 0.5 0.5 0.5 0.5 0.5 0.5 0.5 0.9877263 
Car 0.5 3 0 451.25357 187.3261 497.72675 223.58502 0.5 0.5 0.5 0.5 0.5 0.5 0.5 0.98659766 
Car 0.5 3 0 180.95645 205.56282 341.5228 301.82324 0.5 0.5 0.5 0.5 0.5 0.5 0.5 0.9851385 
Car 0.5 3 0 1168.7201 134.68428 1240.4922 178.20363 0.5 0.5 0.5 0.5 0.5 0.5 0.5 0.984185 
Car 0.5 3 0 669.9433 176.74881 728.3648 218.6782 0.5 0.5 0.5 0.5 0.5 0.5 0.5 0.9786254 
Car 0.5 3 0 773.7475 162.07083 846.5196 201.16524 0.5 0.5 0.5 0.5 0.5 0.5 0.5 0.97756994 
Car 0.5 3 0 334.0531 197.56741 409.50073 263.21756 0.5 0.5 0.5 0.5 0.5 0.5 0.5 0.9698495 
Car 0.5 3 0 598.02313 173.8133 619.91583 190.57094 0.5 0.5 0.5 0.5 0.5 0.5 0.5 0.9536472 
Car 0.5 3 0 633.88855 176.33562 655.0298 199.4711 0.5 0.5 0.5 0.5 0.5 0.5 0.5 0.9297393 
Car 0.5 3 0 649.20905 177.35614 668.61096 204.61153 0.5 0.5 0.5 0.5 0.5 0.5 0.5 0.92569816 
Car 0.5 3 0 661.9122 175.82147 701.60364 212.77234 0.5 0.5 0.5 0.5 0.5 0.5 0.5 0.89227486 
Car 0.5 3 0 504.66022 182.66975 536.8544 207.64978 0.5 0.5 0.5 0.5 0.5 0.5 0.5 0.8220999 
Car 0.5 3 0 761.5353 153.55913 927.3169 200.45087 0.5 0.5 0.5 0.5 0.5 0.5 0.5 0.80664486 
Car 0.5 3 0 529.1133 179.93802 553.63776 197.37366 0.5 0.5 0.5 0.5 0.5 0.5 0.5 0.68167394 
Car 0.5 3 0 642.2442 177.47539 658.97205 201.92224 0.5 0.5 0.5 0.5 0.5 0.5 0.5 0.6166348 
Car 0.5 3 0 482.96255 185.704 513.50354 215.21178 0.5 0.5 0.5 0.5 0.5 0.5 0.5 0.6075708 
Car 0.5 3 0 858.92065 149.30798 943.53766 185.68887 0.5 0.5 0.5 0.5 0.5 0.5 0.5 0.5793635 
