Car 0.5 3 0 235.5963 198.13402 379.9917 278.74313 0.5 0.5 0.5 0.5 0.5 0.5 0.5 0.9945766 
Car 0.5 3 0 681.534 176.69539 769.4516 240.90675 0.5 0.5 0.5 0.5 0.5 0.5 0.5 0.98873645 
Car 0.5 3 0 365.4147 192.39922 441.22748 247.16554 0.5 0.5 0.5 0.5 0.5 0.5 0.5 0.98712474 
Car 0.5 3 0 558.33136 177.47194 585.9171 195.05824 0.5 0.5 0.5 0.5 0.5 0.5 0.5 0.9620913 
Car 0.5 3 0 632.42975 175.60904 653.7166 192.8554 0.5 0.5 0.5 0.5 0.5 0.5 0.5 0.9399809 
Car 0.5 3 0 527.8653 179.99702 550.7361 198.3825 0.5 0.5 0.5 0.5 0.5 0.5 0.5 0.92926633 
Car 0.5 3 0 429.36124 178.41704 488.54556 224.27332 0.5 0.5 0.5 0.5 0.5 0.5 0.5 0.9284058 
Car 0.5 3 0 476.93307 180.06607 505.96637 214.95685 0.5 0.5 0.5 0.5 0.5 0.5 0.5 0.9244477 
Car 0.5 3 0 502.1767 180.66098 526.6719 208.23761 0.5 0.5 0.5 0.5 0.5 0.5 0.5 0.9145769 
Car 0.5 3 0 0.5311017 203.95018 81.85366 232.0834 0.5 0.5 0.5 0.5 0.5 0.5 0.5 0.8364165 
Car 0.5 3 0 678.7971 166.88118 731.97 189.26286 0.5 0.5 0.5 0.5 0.5 0.5 0.5 0.83283174 
Car 0.5 3 0 773.93994 167.10713 820.14514 183.37495 0.5 0.5 0.5 0.5 0.5 0.5 0.5 0.8301047 
Car 0.5 3 0 597.1078 175.72057 610.27515 185.51614 0.5 0.5 0.5 0.5 0.5 0.5 0.5 0.70003396 
