Car 0.5 3 0 218.68335 205.72838 384.76233 327.91086 0.5 0.5 0.5 0.5 0.5 0.5 0.5 0.99347633 
Car 0.5 3 0 1.5539664 201.54436 234.02966 372.782 0.5 0.5 0.5 0.5 0.5 0.5 0.5 0.99287367 
Car 0.5 3 0 542.3559 182.5854 578.82416 209.20236 0.5 0.5 0.5 0.5 0.5 0.5 0.5 0.9909684 
Car 0.5 3 0 357.85284 192.02644 454.95883 272.49313 0.5 0.5 0.5 0.5 0.5 0.5 0.5 0.988036 
Car 0.5 3 0 715.24384 185.08148 745.05316 225.32802 0.5 0.5 0.5 0.5 0.5 0.5 0.5 0.97540504 
Car 0.5 3 0 690.6955 180.81357 715.2846 206.77449 0.5 0.5 0.5 0.5 0.5 0.5 0.5 0.9561793 
Car 0.5 3 0 602.1683 180.21008 627.0781 195.3666 0.5 0.5 0.5 0.5 0.5 0.5 0.5 0.9509815 
Car 0.5 3 0 575.08966 181.82855 595.80566 205.03217 0.5 0.5 0.5 0.5 0.5 0.5 0.5 0.9392533 
Car 0.5 3 0 727.03516 178.08757 827.1724 249.68976 0.5 0.5 0.5 0.5 0.5 0.5 0.5 0.8947696 
Car 0.5 3 0 704.75964 182.70474 738.9826 219.56456 0.5 0.5 0.5 0.5 0.5 0.5 0.5 0.8537988 
Car 0.5 3 0 585.3111 182.16142 600.189 202.70744 0.5 0.5 0.5 0.5 0.5 0.5 0.5 0.8309713 
Car 0.5 3 0 701.98083 182.86841 723.49817 214.73843 0.5 0.5 0.5 0.5 0.5 0.5 0.5 0.7523003 
