Car 0.5 3 0 1043.5674 250.99866 1242.0 372.68848 0.5 0.5 0.5 0.5 0.5 0.5 0.5 0.99779594 
Car 0.5 3 0 780.6511 188.1648 1073.647 338.559 0.5 0.5 0.5 0.5 0.5 0.5 0.5 0.993554 
Car 0.5 3 0 220.8059 187.12477 382.38593 281.70364 0.5 0.5 0.5 0.5 0.5 0.5 0.5 0.98993814 
Car 0.5 3 0 484.34048 174.90726 530.0676 197.67824 0.5 0.5 0.5 0.5 0.5 0.5 0.5 0.9896678 
Car 0.5 3 0 735.2557 180.77225 846.9762 261.53915 0.5 0.5 0.5 0.5 0.5 0.5 0.5 0.98551995 
Car 0.5 3 0 365.6222 182.2888 444.24506 247.12978 0.5 0.5 0.5 0.5 0.5 0.5 0.5 0.98329353 
Car 0.5 3 0 603.92053 173.72083 645.85455 191.00752 0.5 0.5 0.5 0.5 0.5 0.5 0.5 0.9830457 
Car 0.5 3 0 437.33957 178.80208 477.3885 194.14311 0.5 0.5 0.5 0.5 0.5 0.5 0.5 0.95640653 
Pedestrian 0.5 3 0 670.8555 163.00375 684.13464 198.59462 0.5 0.5 0.5 0.5 0.5 0.5 0.5 0.9056387 
Car 0.5 3 0 660.3021 166.23582 684.2576 186.51663 0.5 0.5 0.5 0.5 0.5 0.5 0.5 0.8684664 
Pedestrian 0.5 3 0 732.4024 168.71724 740.16016 198.34421 0.5 0.5 0.5 0.5 0.5 0.5 0.5 0.65931815 
Pedestrian 0.5 3 0 720.8666 170.70015 730.3935 197.29752 0.5 0.5 0.5 0.5 0.5 0.5 0.5 0.6517359 
Car 0.5 3 0 660.02264 170.49136 674.3834 185.64459 0.5 0.5 0.5 0.5 0.5 0.5 0.5 0.5751774 
