Car 0.5 3 0 740.54865 185.84793 861.1242 263.82797 0.5 0.5 0.5 0.5 0.5 0.5 0.5 0.99760973 
Car 0.5 3 0 710.9303 178.93604 778.97797 235.17323 0.5 0.5 0.5 0.5 0.5 0.5 0.5 0.98690283 
Car 0.5 3 0 949.0263 169.73473 1128.7795 212.46867 0.5 0.5 0.5 0.5 0.5 0.5 0.5 0.98130333 
Car 0.5 3 0 480.56168 179.1391 537.80115 220.12392 0.5 0.5 0.5 0.5 0.5 0.5 0.5 0.9801533 
Car 0.5 3 0 524.5391 177.76845 554.00037 211.19269 0.5 0.5 0.5 0.5 0.5 0.5 0.5 0.9498444 
Car 0.5 3 0 600.69946 173.36742 633.33136 190.04091 0.5 0.5 0.5 0.5 0.5 0.5 0.5 0.94970495 
Car 0.5 3 0 552.4253 178.87552 573.90656 204.01341 0.5 0.5 0.5 0.5 0.5 0.5 0.5 0.92618984 
Car 0.5 3 0 1151.2877 168.15305 1241.3861 238.43669 0.5 0.5 0.5 0.5 0.5 0.5 0.5 0.9239016 
Car 0.5 3 0 1070.5189 167.34454 1227.6614 236.656 0.5 0.5 0.5 0.5 0.5 0.5 0.5 0.9132381 
Car 0.5 3 0 682.30743 172.12036 712.42004 196.51788 0.5 0.5 0.5 0.5 0.5 0.5 0.5 0.9117301 
Car 0.5 3 0 634.3046 175.19812 651.3423 184.87738 0.5 0.5 0.5 0.5 0.5 0.5 0.5 0.8357688 
Car 0.5 3 0 546.18604 180.15079 566.7043 206.62433 0.5 0.5 0.5 0.5 0.5 0.5 0.5 0.80686647 
Car 0.5 3 0 708.3492 178.70761 737.3507 226.43248 0.5 0.5 0.5 0.5 0.5 0.5 0.5 0.5808172 
Car 0.5 3 0 709.6113 177.7602 734.50946 197.15977 0.5 0.5 0.5 0.5 0.5 0.5 0.5 0.5469292 
