Car 0.5 3 0 964.19006 205.79678 1242.0 368.5254 0.5 0.5 0.5 0.5 0.5 0.5 0.5 0.9984126 
Car 0.5 3 0 770.4864 188.71762 1013.73444 318.6431 0.5 0.5 0.5 0.5 0.5 0.5 0.5 0.9964875 
Car 0.5 3 0 255.90352 185.97858 399.86304 272.68353 0.5 0.5 0.5 0.5 0.5 0.5 0.5 0.9939659 
Car 0.5 3 0 378.57916 181.00748 456.82538 241.0791 0.5 0.5 0.5 0.5 0.5 0.5 0.5 0.9920513 
Car 0.5 3 0 731.6028 179.87961 833.3275 254.79285 0.5 0.5 0.5 0.5 0.5 0.5 0.5 0.98090553 
Car 0.5 3 0 491.3565 176.0832 530.10236 197.09468 0.5 0.5 0.5 0.5 0.5 0.5 0.5 0.97542053 
Car 0.5 3 0 601.66046 173.75514 651.24365 191.33398 0.5 0.5 0.5 0.5 0.5 0.5 0.5 0.9662302 
Pedestrian 0.5 3 0 720.7144 170.95602 730.08954 197.54945 0.5 0.5 0.5 0.5 0.5 0.5 0.5 0.77561647 
Car 0.5 3 0 454.81403 178.35925 491.5455 194.05269 0.5 0.5 0.5 0.5 0.5 0.5 0.5 0.74376 
Car 0.5 3 0 676.9716 164.80191 696.55634 187.99701 0.5 0.5 0.5 0.5 0.5 0.5 0.5 0.62037224 
