Car 0.5 3 0 0.12056471 231.42743 91.625916 372.20786 0.5 0.5 0.5 0.5 0.5 0.5 0.5 0.9979652 
Car 0.5 3 0 920.24677 150.08533 1174.8243 237.40036 0.5 0.5 0.5 0.5 0.5 0.5 0.5 0.9970892 
Car 0.5 3 0 728.15985 181.74348 874.9378 275.02325 0.5 0.5 0.5 0.5 0.5 0.5 0.5 0.99328995 
Car 0.5 3 0 428.90054 184.5207 491.60815 223.89575 0.5 0.5 0.5 0.5 0.5 0.5 0.5 0.9926248 
Car 0.5 3 0 1125.3539 149.17209 1240.8761 285.675 0.5 0.5 0.5 0.5 0.5 0.5 0.5 0.98861593 
Car 0.5 3 0 476.23303 182.85498 508.97095 215.15866 0.5 0.5 0.5 0.5 0.5 0.5 0.5 0.9759872 
Car 0.5 3 0 289.35013 186.22531 414.89062 263.09332 0.5 0.5 0.5 0.5 0.5 0.5 0.5 0.94977933 
Car 0.5 3 0 512.592 181.42664 534.76874 206.01967 0.5 0.5 0.5 0.5 0.5 0.5 0.5 0.9492335 
Car 0.5 3 0 741.6129 160.42294 816.2518 192.70592 0.5 0.5 0.5 0.5 0.5 0.5 0.5 0.92877 
Car 0.5 3 0 526.63586 179.18016 548.3673 200.04008 0.5 0.5 0.5 0.5 0.5 0.5 0.5 0.89931935 
Car 0.5 3 0 1150.8142 143.23029 1230.6748 184.01477 0.5 0.5 0.5 0.5 0.5 0.5 0.5 0.875393 
Car 0.5 3 0 613.0064 171.70306 628.63965 185.98378 0.5 0.5 0.5 0.5 0.5 0.5 0.5 0.8098723 
Car 0.5 3 0 960.3429 152.34258 1009.4406 177.95055 0.5 0.5 0.5 0.5 0.5 0.5 0.5 0.66006744 
Car 0.5 3 0 637.78687 173.80566 653.5624 191.6738 0.5 0.5 0.5 0.5 0.5 0.5 0.5 0.6548231 
Car 0.5 3 0 502.51804 181.24977 519.0444 210.33687 0.5 0.5 0.5 0.5 0.5 0.5 0.5 0.6197889 
Car 0.5 3 0 556.80084 177.47147 575.3065 191.77986 0.5 0.5 0.5 0.5 0.5 0.5 0.5 0.58215314 
