Car 0.5 3 0 807.0965 156.8759 927.7791 199.83676 0.5 0.5 0.5 0.5 0.5 0.5 0.5 0.99349916 
Car 0.5 3 0 219.74492 198.847 385.45572 289.42377 0.5 0.5 0.5 0.5 0.5 0.5 0.5 0.9922287 
Car 0.5 3 0 456.93085 187.1668 498.21188 223.7085 0.5 0.5 0.5 0.5 0.5 0.5 0.5 0.98518294 
Car 0.5 3 0 423.6455 191.1039 470.8175 234.33801 0.5 0.5 0.5 0.5 0.5 0.5 0.5 0.98018354 
Car 0.5 3 0 490.02954 184.06213 527.2487 214.19295 0.5 0.5 0.5 0.5 0.5 0.5 0.5 0.97961867 
Car 0.5 3 0 367.13147 193.61163 437.82898 251.94171 0.5 0.5 0.5 0.5 0.5 0.5 0.5 0.9682331 
Car 0.5 3 0 1136.8235 136.6028 1199.5703 177.09317 0.5 0.5 0.5 0.5 0.5 0.5 0.5 0.9612635 
Car 0.5 3 0 640.1544 176.12775 666.2238 196.58788 0.5 0.5 0.5 0.5 0.5 0.5 0.5 0.9454403 
Car 0.5 3 0 770.03375 161.15733 827.4793 194.53143 0.5 0.5 0.5 0.5 0.5 0.5 0.5 0.9451775 
Car 0.5 3 0 1186.5343 131.65324 1240.5443 177.18388 0.5 0.5 0.5 0.5 0.5 0.5 0.5 0.9447847 
Car 0.5 3 0 660.714 175.7989 696.52545 208.8338 0.5 0.5 0.5 0.5 0.5 0.5 0.5 0.9415795 
Car 0.5 3 0 612.1141 173.50487 629.00745 188.69295 0.5 0.5 0.5 0.5 0.5 0.5 0.5 0.9353141 
Car 0.5 3 0 527.08563 180.33623 556.2405 202.57472 0.5 0.5 0.5 0.5 0.5 0.5 0.5 0.7612649 
Car 0.5 3 0 747.13055 162.45387 807.621 193.43375 0.5 0.5 0.5 0.5 0.5 0.5 0.5 0.6893265 
Car 0.5 3 0 784.67975 155.99146 883.22516 196.8296 0.5 0.5 0.5 0.5 0.5 0.5 0.5 0.6221935 
Car 0.5 3 0 653.13666 175.7994 670.521 204.12976 0.5 0.5 0.5 0.5 0.5 0.5 0.5 0.581934 
