Car 0.5 3 0 235.61034 197.53716 392.1593 307.21277 0.5 0.5 0.5 0.5 0.5 0.5 0.5 0.9973947 
Pedestrian 0.5 3 0 895.24097 160.65633 939.79346 272.5927 0.5 0.5 0.5 0.5 0.5 0.5 0.5 0.99133134 
Car 0.5 3 0 628.1387 174.47859 725.82117 204.96223 0.5 0.5 0.5 0.5 0.5 0.5 0.5 0.9904612 
Car 0.5 3 0 250.82243 179.9258 350.70575 224.0238 0.5 0.5 0.5 0.5 0.5 0.5 0.5 0.98805326 
Car 0.5 3 0 486.70825 177.15527 574.4289 211.88786 0.5 0.5 0.5 0.5 0.5 0.5 0.5 0.9210724 
Car 0.5 3 0 530.3015 177.84164 576.65344 210.11395 0.5 0.5 0.5 0.5 0.5 0.5 0.5 0.8998361 
Car 0.5 3 0 479.6503 188.66397 514.14374 212.44394 0.5 0.5 0.5 0.5 0.5 0.5 0.5 0.87576115 
Pedestrian 0.5 3 0 387.9995 183.48872 398.02432 210.31602 0.5 0.5 0.5 0.5 0.5 0.5 0.5 0.788969 
Car 0.5 3 0 130.77678 177.36726 190.39438 216.08769 0.5 0.5 0.5 0.5 0.5 0.5 0.5 0.77580774 
Car 0.5 3 0 180.82921 179.19498 230.9313 216.76129 0.5 0.5 0.5 0.5 0.5 0.5 0.5 0.52894413 
Pedestrian 0.5 3 0 400.23306 188.89622 408.94998 205.5979 0.5 0.5 0.5 0.5 0.5 0.5 0.5 0.5198704 
