Car 0.5 3 0 345.26212 187.47534 463.8945 259.50748 0.5 0.5 0.5 0.5 0.5 0.5 0.5 0.9978387 
Car 0.5 3 0 877.0147 188.23962 1236.6283 372.2534 0.5 0.5 0.5 0.5 0.5 0.5 0.5 0.9972211 
Car 0.5 3 0 780.8729 190.81706 938.5159 288.1709 0.5 0.5 0.5 0.5 0.5 0.5 0.5 0.992816 
Car 0.5 3 0 734.06384 181.48383 819.8569 247.60681 0.5 0.5 0.5 0.5 0.5 0.5 0.5 0.99012566 
Car 0.5 3 0 535.6562 179.3814 570.5954 203.80016 0.5 0.5 0.5 0.5 0.5 0.5 0.5 0.98417157 
Car 0.5 3 0 445.07465 185.90881 506.3496 234.92577 0.5 0.5 0.5 0.5 0.5 0.5 0.5 0.9831073 
Car 0.5 3 0 685.227 178.26006 722.9484 211.55458 0.5 0.5 0.5 0.5 0.5 0.5 0.5 0.9823699 
Car 0.5 3 0 702.3675 181.59778 760.43506 227.50125 0.5 0.5 0.5 0.5 0.5 0.5 0.5 0.9743565 
Car 0.5 3 0 491.1377 184.59651 529.00604 222.03717 0.5 0.5 0.5 0.5 0.5 0.5 0.5 0.9639484 
Car 0.5 3 0 697.0126 180.45813 728.63837 221.26488 0.5 0.5 0.5 0.5 0.5 0.5 0.5 0.84382355 
Car 0.5 3 0 560.3295 177.97052 575.8221 200.10387 0.5 0.5 0.5 0.5 0.5 0.5 0.5 0.73482656 
Car 0.5 3 0 642.49365 177.26859 657.066 188.76491 0.5 0.5 0.5 0.5 0.5 0.5 0.5 0.73266965 
Car 0.5 3 0 681.53253 178.5573 702.62164 207.68951 0.5 0.5 0.5 0.5 0.5 0.5 0.5 0.64414364 
Car 0.5 3 0 632.18463 179.59451 642.8285 187.69276 0.5 0.5 0.5 0.5 0.5 0.5 0.5 0.64099723 
Car 0.5 3 0 995.09717 179.23552 1065.7649 193.94157 0.5 0.5 0.5 0.5 0.5 0.5 0.5 0.56002337 
Car 0.5 3 0 631.8874 177.923 655.02734 188.72038 0.5 0.5 0.5 0.5 0.5 0.5 0.5 0.55385643 
