Car 0.5 3 0 0.0 227.70734 110.990974 374.6683 0.5 0.5 0.5 0.5 0.5 0.5 0.5 0.99821246 
Car 0.5 3 0 95.83938 200.27638 321.1708 315.8549 0.5 0.5 0.5 0.5 0.5 0.5 0.5 0.9970408 
Car 0.5 3 0 719.44116 181.22556 848.46045 260.1172 0.5 0.5 0.5 0.5 0.5 0.5 0.5 0.9968021 
Car 0.5 3 0 880.56647 187.96254 1241.0477 370.71832 0.5 0.5 0.5 0.5 0.5 0.5 0.5 0.99579453 
Car 0.5 3 0 690.2705 177.32689 751.54254 238.25995 0.5 0.5 0.5 0.5 0.5 0.5 0.5 0.9940142 
Car 0.5 3 0 663.5136 176.27983 709.7991 213.0491 0.5 0.5 0.5 0.5 0.5 0.5 0.5 0.9933426 
Car 0.5 3 0 472.2022 174.59795 525.2189 206.59035 0.5 0.5 0.5 0.5 0.5 0.5 0.5 0.99293077 
Car 0.5 3 0 360.08215 183.07285 456.51413 243.58865 0.5 0.5 0.5 0.5 0.5 0.5 0.5 0.9923218 
Car 0.5 3 0 519.5212 172.80107 548.29333 194.61874 0.5 0.5 0.5 0.5 0.5 0.5 0.5 0.935444 
Car 0.5 3 0 121.088745 186.8856 193.47485 219.60384 0.5 0.5 0.5 0.5 0.5 0.5 0.5 0.8526125 
Car 0.5 3 0 656.09033 174.33519 690.60596 209.19481 0.5 0.5 0.5 0.5 0.5 0.5 0.5 0.69120854 
Car 0.5 3 0 166.36714 182.88742 227.8374 201.11412 0.5 0.5 0.5 0.5 0.5 0.5 0.5 0.69076025 
Car 0.5 3 0 354.18814 178.29066 378.06433 203.74335 0.5 0.5 0.5 0.5 0.5 0.5 0.5 0.58793247 
