Car 0.5 3 0 905.1947 200.52116 1242.0 372.25876 0.5 0.5 0.5 0.5 0.5 0.5 0.5 0.9968054 
Car 0.5 3 0 518.7572 177.53075 555.0956 207.25342 0.5 0.5 0.5 0.5 0.5 0.5 0.5 0.9905962 
Car 0.5 3 0 694.0992 162.9495 775.41815 192.4306 0.5 0.5 0.5 0.5 0.5 0.5 0.5 0.99015474 
Car 0.5 3 0 0.42980477 248.05586 80.20735 375.0 0.5 0.5 0.5 0.5 0.5 0.5 0.5 0.98806804 
Car 0.5 3 0 1100.5103 147.50172 1240.5232 183.87958 0.5 0.5 0.5 0.5 0.5 0.5 0.5 0.98574847 
Car 0.5 3 0 177.20058 179.9574 357.52692 288.2893 0.5 0.5 0.5 0.5 0.5 0.5 0.5 0.9828494 
Car 0.5 3 0 347.29993 181.37645 425.95032 244.3505 0.5 0.5 0.5 0.5 0.5 0.5 0.5 0.98075324 
Car 0.5 3 0 436.87558 181.92305 480.1897 217.62207 0.5 0.5 0.5 0.5 0.5 0.5 0.5 0.97191364 
Car 0.5 3 0 489.27768 179.94614 519.44196 205.4404 0.5 0.5 0.5 0.5 0.5 0.5 0.5 0.9687028 
Car 0.5 3 0 631.21124 173.9175 656.94183 194.86768 0.5 0.5 0.5 0.5 0.5 0.5 0.5 0.95615804 
Car 0.5 3 0 553.2853 179.26932 567.9343 197.9977 0.5 0.5 0.5 0.5 0.5 0.5 0.5 0.9502441 
Car 0.5 3 0 1032.2843 159.68372 1088.9296 182.49261 0.5 0.5 0.5 0.5 0.5 0.5 0.5 0.8550801 
Car 0.5 3 0 612.95166 173.64615 634.40894 188.05173 0.5 0.5 0.5 0.5 0.5 0.5 0.5 0.61104196 
Car 0.5 3 0 586.67847 173.8137 599.7317 184.85242 0.5 0.5 0.5 0.5 0.5 0.5 0.5 0.5782524 
