Car 0.5 3 0 93.980156 200.1081 361.04697 337.90366 0.5 0.5 0.5 0.5 0.5 0.5 0.5 0.99796677 
Car 0.5 3 0 934.56396 207.74211 1240.0702 369.06998 0.5 0.5 0.5 0.5 0.5 0.5 0.5 0.9972367 
Car 0.5 3 0 0.0 235.43861 114.09921 372.39285 0.5 0.5 0.5 0.5 0.5 0.5 0.5 0.99449795 
Car 0.5 3 0 710.4952 182.58687 772.7791 234.33998 0.5 0.5 0.5 0.5 0.5 0.5 0.5 0.993782 
Car 0.5 3 0 773.2947 193.34119 999.5674 310.90134 0.5 0.5 0.5 0.5 0.5 0.5 0.5 0.98899186 
Car 0.5 3 0 730.13184 184.12915 827.60486 260.5384 0.5 0.5 0.5 0.5 0.5 0.5 0.5 0.9879216 
Car 0.5 3 0 688.37317 180.29443 730.1125 222.59482 0.5 0.5 0.5 0.5 0.5 0.5 0.5 0.9877989 
Car 0.5 3 0 330.32736 192.80882 444.33203 271.38672 0.5 0.5 0.5 0.5 0.5 0.5 0.5 0.98125976 
Car 0.5 3 0 521.2822 180.98001 546.9256 210.69124 0.5 0.5 0.5 0.5 0.5 0.5 0.5 0.97435033 
Car 0.5 3 0 479.14282 181.92468 531.56396 218.55266 0.5 0.5 0.5 0.5 0.5 0.5 0.5 0.97327834 
Car 0.5 3 0 614.76965 175.44867 656.44653 193.21349 0.5 0.5 0.5 0.5 0.5 0.5 0.5 0.9622286 
Car 0.5 3 0 1189.5865 181.5135 1242.0 210.5546 0.5 0.5 0.5 0.5 0.5 0.5 0.5 0.92434037 
Car 0.5 3 0 556.8988 179.46445 577.9266 191.10982 0.5 0.5 0.5 0.5 0.5 0.5 0.5 0.86223716 
Car 0.5 3 0 611.2828 176.68645 629.3104 192.28922 0.5 0.5 0.5 0.5 0.5 0.5 0.5 0.8328741 
Car 0.5 3 0 966.13983 179.70302 1046.2461 214.76483 0.5 0.5 0.5 0.5 0.5 0.5 0.5 0.77861434 
Car 0.5 3 0 664.04144 177.17154 682.0773 190.28143 0.5 0.5 0.5 0.5 0.5 0.5 0.5 0.65619934 
