Car 0.5 3 0 845.9924 198.23088 1235.2063 370.8637 0.5 0.5 0.5 0.5 0.5 0.5 0.5 0.9972861 
Car 0.5 3 0 749.4297 187.60284 927.4842 292.47586 0.5 0.5 0.5 0.5 0.5 0.5 0.5 0.99719846 
Car 0.5 3 0 0.35532483 219.33948 82.029495 373.60892 0.5 0.5 0.5 0.5 0.5 0.5 0.5 0.99371237 
Car 0.5 3 0 73.79797 199.21896 296.36136 324.52927 0.5 0.5 0.5 0.5 0.5 0.5 0.5 0.993465 
Pedestrian 0.5 3 0 818.71124 148.73766 849.95135 189.7342 0.5 0.5 0.5 0.5 0.5 0.5 0.5 0.9817716 
Car 0.5 3 0 319.97308 175.08853 405.76852 215.91885 0.5 0.5 0.5 0.5 0.5 0.5 0.5 0.979253 
Pedestrian 0.5 3 0 859.29034 151.426 885.2736 193.30606 0.5 0.5 0.5 0.5 0.5 0.5 0.5 0.9162345 
Car 0.5 3 0 264.1243 182.55205 311.9779 212.84932 0.5 0.5 0.5 0.5 0.5 0.5 0.5 0.884368 
Car 0.5 3 0 1052.412 155.79115 1091.4741 170.16154 0.5 0.5 0.5 0.5 0.5 0.5 0.5 0.82918555 
Car 0.5 3 0 1077.8102 156.695 1129.083 174.33861 0.5 0.5 0.5 0.5 0.5 0.5 0.5 0.7068219 
Pedestrian 0.5 3 0 1038.5013 147.41454 1055.7439 179.61519 0.5 0.5 0.5 0.5 0.5 0.5 0.5 0.66616094 
Car 0.5 3 0 395.2817 174.4072 451.70654 198.71637 0.5 0.5 0.5 0.5 0.5 0.5 0.5 0.5791026 
Car 0.5 3 0 188.96109 192.80865 231.24597 203.15715 0.5 0.5 0.5 0.5 0.5 0.5 0.5 0.5582173 
Car 0.5 3 0 984.2196 162.14633 1039.5319 184.48656 0.5 0.5 0.5 0.5 0.5 0.5 0.5 0.54720247 
