Car 0.5 3 0 0.0 194.46817 279.20444 342.09714 0.5 0.5 0.5 0.5 0.5 0.5 0.5 0.9950034 
Car 0.5 3 0 754.21893 184.11388 953.30817 303.6578 0.5 0.5 0.5 0.5 0.5 0.5 0.5 0.9902138 
Car 0.5 3 0 864.0262 193.3736 1235.2234 368.614 0.5 0.5 0.5 0.5 0.5 0.5 0.5 0.989007 
Car 0.5 3 0 473.24112 179.05351 527.4071 203.60948 0.5 0.5 0.5 0.5 0.5 0.5 0.5 0.98839104 
Car 0.5 3 0 262.0094 187.6202 385.29877 276.62753 0.5 0.5 0.5 0.5 0.5 0.5 0.5 0.9866859 
Car 0.5 3 0 683.38794 172.4336 730.7645 195.09355 0.5 0.5 0.5 0.5 0.5 0.5 0.5 0.98618734 
Car 0.5 3 0 580.8693 176.24426 626.059 194.90869 0.5 0.5 0.5 0.5 0.5 0.5 0.5 0.9843313 
Pedestrian 0.5 3 0 669.8208 174.4579 683.8025 203.4254 0.5 0.5 0.5 0.5 0.5 0.5 0.5 0.91540575 
Car 0.5 3 0 620.36914 167.72609 638.3927 190.95056 0.5 0.5 0.5 0.5 0.5 0.5 0.5 0.8336838 
Car 0.5 3 0 396.91785 186.10115 412.33112 201.0698 0.5 0.5 0.5 0.5 0.5 0.5 0.5 0.5551737 
Car 0.5 3 0 246.09476 178.33801 297.9053 201.15593 0.5 0.5 0.5 0.5 0.5 0.5 0.5 0.55064875 
