Pedestrian 0.5 3 0 1010.28705 154.46976 1082.1501 304.6564 0.5 0.5 0.5 0.5 0.5 0.5 0.5 0.9959365 
Car 0.5 3 0 4.5092287 210.12859 303.50705 375.0 0.5 0.5 0.5 0.5 0.5 0.5 0.5 0.9946021 
Car 0.5 3 0 336.08582 176.21733 471.37415 229.56107 0.5 0.5 0.5 0.5 0.5 0.5 0.5 0.99222153 
Car 0.5 3 0 628.1358 175.30106 732.6437 207.96707 0.5 0.5 0.5 0.5 0.5 0.5 0.5 0.9852926 
Car 0.5 3 0 533.3109 177.35211 570.9155 211.97418 0.5 0.5 0.5 0.5 0.5 0.5 0.5 0.8925709 
Car 0.5 3 0 481.84573 177.29694 573.4188 214.50746 0.5 0.5 0.5 0.5 0.5 0.5 0.5 0.809819 
Car 0.5 3 0 26.62145 185.36014 66.79041 222.34799 0.5 0.5 0.5 0.5 0.5 0.5 0.5 0.783987 
Car 0.5 3 0 474.77377 185.00522 508.76794 215.3888 0.5 0.5 0.5 0.5 0.5 0.5 0.5 0.7117218 
Pedestrian 0.5 3 0 115.33444 237.01836 169.91643 277.0129 0.5 0.5 0.5 0.5 0.5 0.5 0.5 0.61563367 
Car 0.5 3 0 29.760254 175.07755 136.79369 221.77516 0.5 0.5 0.5 0.5 0.5 0.5 0.5 0.57738316 
Pedestrian 0.5 3 0 77.953354 237.47198 117.09444 278.54266 0.5 0.5 0.5 0.5 0.5 0.5 0.5 0.55524 
