Car 0.5 3 0 1.3594335 225.32133 187.93712 366.39966 0.5 0.5 0.5 0.5 0.5 0.5 0.5 0.99683714 
Car 0.5 3 0 999.9594 225.81421 1242.0 370.90533 0.5 0.5 0.5 0.5 0.5 0.5 0.5 0.9952485 
Car 0.5 3 0 433.84094 188.07324 485.88434 226.23126 0.5 0.5 0.5 0.5 0.5 0.5 0.5 0.9823585 
Car 0.5 3 0 217.38495 198.12312 263.9584 228.3037 0.5 0.5 0.5 0.5 0.5 0.5 0.5 0.982093 
Car 0.5 3 0 471.99075 186.04858 505.87015 217.53757 0.5 0.5 0.5 0.5 0.5 0.5 0.5 0.96791035 
Car 0.5 3 0 493.9705 179.14444 525.18207 208.09586 0.5 0.5 0.5 0.5 0.5 0.5 0.5 0.9551889 
Car 0.5 3 0 619.49884 175.08543 657.7587 196.21689 0.5 0.5 0.5 0.5 0.5 0.5 0.5 0.9505816 
Car 0.5 3 0 164.80492 198.25972 222.00978 229.67282 0.5 0.5 0.5 0.5 0.5 0.5 0.5 0.94911194 
Car 0.5 3 0 542.7397 178.7443 559.52997 194.4047 0.5 0.5 0.5 0.5 0.5 0.5 0.5 0.91062653 
Car 0.5 3 0 0.5653543 208.77203 58.95808 230.38509 0.5 0.5 0.5 0.5 0.5 0.5 0.5 0.9100755 
Car 0.5 3 0 69.61299 204.19395 129.57037 224.67654 0.5 0.5 0.5 0.5 0.5 0.5 0.5 0.90840983 
Car 0.5 3 0 817.9027 163.33942 851.7085 177.5037 0.5 0.5 0.5 0.5 0.5 0.5 0.5 0.8790906 
Car 0.5 3 0 117.316284 203.22533 162.89522 227.60562 0.5 0.5 0.5 0.5 0.5 0.5 0.5 0.87452984 
Car 0.5 3 0 644.1922 174.48344 695.3936 210.52254 0.5 0.5 0.5 0.5 0.5 0.5 0.5 0.87136084 
Car 0.5 3 0 572.2673 177.78552 590.83093 190.02315 0.5 0.5 0.5 0.5 0.5 0.5 0.5 0.7665444 
Car 0.5 3 0 685.5891 165.58543 710.2368 182.71616 0.5 0.5 0.5 0.5 0.5 0.5 0.5 0.76013064 
Car 0.5 3 0 140.95401 202.33061 164.53905 228.38919 0.5 0.5 0.5 0.5 0.5 0.5 0.5 0.57392085 
Car 0.5 3 0 515.5416 180.48715 534.78705 203.72491 0.5 0.5 0.5 0.5 0.5 0.5 0.5 0.54550564 
Car 0.5 3 0 526.495 180.31328 545.6897 200.99568 0.5 0.5 0.5 0.5 0.5 0.5 0.5 0.5137708 
