Car 0.5 3 0 530.38873 180.21436 574.9942 208.49791 0.5 0.5 0.5 0.5 0.5 0.5 0.5 0.9937152 
Car 0.5 3 0 0.0 211.19362 298.12408 374.01013 0.5 0.5 0.5 0.5 0.5 0.5 0.5 0.9912963 
Car 0.5 3 0 268.71906 191.10219 414.781 299.50256 0.5 0.5 0.5 0.5 0.5 0.5 0.5 0.9822119 
Car 0.5 3 0 722.6602 185.01624 758.5888 228.93208 0.5 0.5 0.5 0.5 0.5 0.5 0.5 0.97933483 
Car 0.5 3 0 593.78876 179.11969 617.09717 192.78978 0.5 0.5 0.5 0.5 0.5 0.5 0.5 0.96591026 
Car 0.5 3 0 565.9448 179.00063 589.3963 201.22107 0.5 0.5 0.5 0.5 0.5 0.5 0.5 0.9629636 
Car 0.5 3 0 686.50525 177.06429 712.02386 204.31967 0.5 0.5 0.5 0.5 0.5 0.5 0.5 0.9575829 
Car 0.5 3 0 707.3789 180.9169 753.4573 221.3657 0.5 0.5 0.5 0.5 0.5 0.5 0.5 0.948893 
Car 0.5 3 0 619.26385 175.05676 645.834 186.01596 0.5 0.5 0.5 0.5 0.5 0.5 0.5 0.8833089 
Car 0.5 3 0 738.88293 172.09529 869.2934 261.87823 0.5 0.5 0.5 0.5 0.5 0.5 0.5 0.86591125 
Car 0.5 3 0 577.0276 178.88979 591.83295 199.2799 0.5 0.5 0.5 0.5 0.5 0.5 0.5 0.86587775 
Car 0.5 3 0 695.556 178.70961 720.0056 208.34935 0.5 0.5 0.5 0.5 0.5 0.5 0.5 0.8407307 
Car 0.5 3 0 705.8958 179.84842 726.23175 217.42674 0.5 0.5 0.5 0.5 0.5 0.5 0.5 0.77220654 
