Car 0.5 3 0 719.71704 186.52374 827.6456 256.94183 0.5 0.5 0.5 0.5 0.5 0.5 0.5 0.997629 
Car 0.5 3 0 697.15173 181.38223 758.6592 232.50908 0.5 0.5 0.5 0.5 0.5 0.5 0.5 0.98663473 
Car 0.5 3 0 1059.885 164.25783 1235.5797 237.12933 0.5 0.5 0.5 0.5 0.5 0.5 0.5 0.985543 
Car 0.5 3 0 918.38477 173.86041 1067.3542 212.05978 0.5 0.5 0.5 0.5 0.5 0.5 0.5 0.964919 
Car 0.5 3 0 628.32635 177.56813 645.0615 187.42316 0.5 0.5 0.5 0.5 0.5 0.5 0.5 0.9248744 
Car 0.5 3 0 544.8506 180.88838 571.2518 207.23824 0.5 0.5 0.5 0.5 0.5 0.5 0.5 0.9192358 
Car 0.5 3 0 673.85284 174.87216 704.4509 199.09796 0.5 0.5 0.5 0.5 0.5 0.5 0.5 0.91346467 
Car 0.5 3 0 524.6472 180.85504 548.6326 212.26793 0.5 0.5 0.5 0.5 0.5 0.5 0.5 0.91187155 
Car 0.5 3 0 481.16602 180.53273 534.4841 221.06775 0.5 0.5 0.5 0.5 0.5 0.5 0.5 0.88836485 
Car 0.5 3 0 594.542 177.60745 616.5297 193.67456 0.5 0.5 0.5 0.5 0.5 0.5 0.5 0.8719778 
Car 0.5 3 0 611.8531 177.45992 625.99817 190.34998 0.5 0.5 0.5 0.5 0.5 0.5 0.5 0.68014073 
Car 0.5 3 0 497.62592 180.15196 547.67847 215.21225 0.5 0.5 0.5 0.5 0.5 0.5 0.5 0.6736439 
Car 0.5 3 0 556.2257 181.3612 571.93164 204.98102 0.5 0.5 0.5 0.5 0.5 0.5 0.5 0.6705307 
Car 0.5 3 0 538.1483 182.28978 558.67163 209.90096 0.5 0.5 0.5 0.5 0.5 0.5 0.5 0.6267592 
