Car 0.5 3 0 769.8705 183.12544 1083.2797 353.4732 0.5 0.5 0.5 0.5 0.5 0.5 0.5 0.9964734 
Car 0.5 3 0 538.1701 178.03642 570.8099 202.14827 0.5 0.5 0.5 0.5 0.5 0.5 0.5 0.9938803 
Car 0.5 3 0 299.5932 176.78757 423.48343 255.6715 0.5 0.5 0.5 0.5 0.5 0.5 0.5 0.98003954 
Car 0.5 3 0 0.0 207.07579 285.77667 343.4929 0.5 0.5 0.5 0.5 0.5 0.5 0.5 0.9767075 
Car 0.5 3 0 970.5236 160.17569 1102.762 186.1419 0.5 0.5 0.5 0.5 0.5 0.5 0.5 0.9764929 
Car 0.5 3 0 689.58014 165.2536 766.9011 192.30304 0.5 0.5 0.5 0.5 0.5 0.5 0.5 0.97200936 
Car 0.5 3 0 406.69986 179.94557 462.7616 231.06479 0.5 0.5 0.5 0.5 0.5 0.5 0.5 0.966301 
Car 0.5 3 0 506.87228 179.40663 538.84906 203.03163 0.5 0.5 0.5 0.5 0.5 0.5 0.5 0.95042557 
Car 0.5 3 0 636.5502 175.44496 659.57745 193.44165 0.5 0.5 0.5 0.5 0.5 0.5 0.5 0.94942975 
Car 0.5 3 0 454.85144 180.34024 502.2338 215.37642 0.5 0.5 0.5 0.5 0.5 0.5 0.5 0.9100428 
Car 0.5 3 0 568.1518 176.6546 581.0366 195.14612 0.5 0.5 0.5 0.5 0.5 0.5 0.5 0.81729597 
Car 0.5 3 0 656.5748 166.77501 696.1976 183.22868 0.5 0.5 0.5 0.5 0.5 0.5 0.5 0.57983106 
Car 0.5 3 0 678.7159 168.39024 697.799 177.7379 0.5 0.5 0.5 0.5 0.5 0.5 0.5 0.51450443 
