Pedestrian 0.5 3 0 911.8779 139.52965 962.8011 258.70947 0.5 0.5 0.5 0.5 0.5 0.5 0.5 0.99812 
Car 0.5 3 0 811.469 168.4903 909.10394 204.78333 0.5 0.5 0.5 0.5 0.5 0.5 0.5 0.9976125 
Car 0.5 3 0 871.2759 206.00621 1242.0 365.0498 0.5 0.5 0.5 0.5 0.5 0.5 0.5 0.99757427 
Car 0.5 3 0 225.9833 178.05742 355.9553 229.38303 0.5 0.5 0.5 0.5 0.5 0.5 0.5 0.9917402 
Car 0.5 3 0 64.34282 201.58585 159.18164 234.34111 0.5 0.5 0.5 0.5 0.5 0.5 0.5 0.97246265 
Car 0.5 3 0 8.179271 205.01015 102.95664 252.75996 0.5 0.5 0.5 0.5 0.5 0.5 0.5 0.96836835 
Pedestrian 0.5 3 0 964.67694 139.32603 1017.15314 226.44984 0.5 0.5 0.5 0.5 0.5 0.5 0.5 0.9335712 
Car 0.5 3 0 194.20581 187.23222 247.01407 212.95425 0.5 0.5 0.5 0.5 0.5 0.5 0.5 0.9025184 
Car 0.5 3 0 352.68756 178.10849 420.56827 204.10184 0.5 0.5 0.5 0.5 0.5 0.5 0.5 0.87933123 
Car 0.5 3 0 142.69743 192.00792 192.22903 215.62357 0.5 0.5 0.5 0.5 0.5 0.5 0.5 0.7902889 
Car 0.5 3 0 353.706 187.08983 377.70273 206.96713 0.5 0.5 0.5 0.5 0.5 0.5 0.5 0.7765216 
Car 0.5 3 0 1200.3514 124.993225 1240.7355 180.9164 0.5 0.5 0.5 0.5 0.5 0.5 0.5 0.6300535 
Car 0.5 3 0 1017.4831 162.9072 1050.5458 185.01915 0.5 0.5 0.5 0.5 0.5 0.5 0.5 0.5494638 
