Car 0.5 3 0 702.845 186.83022 800.3326 252.18938 0.5 0.5 0.5 0.5 0.5 0.5 0.5 0.99785835 
Car 0.5 3 0 684.81964 184.78796 739.86487 229.98022 0.5 0.5 0.5 0.5 0.5 0.5 0.5 0.9920638 
Car 0.5 3 0 1018.29584 168.09154 1229.1263 235.82547 0.5 0.5 0.5 0.5 0.5 0.5 0.5 0.98893446 
Car 0.5 3 0 890.00024 175.76201 1035.3451 212.92783 0.5 0.5 0.5 0.5 0.5 0.5 0.5 0.98141414 
Car 0.5 3 0 481.331 183.36623 531.7622 221.38002 0.5 0.5 0.5 0.5 0.5 0.5 0.5 0.97680753 
Car 0.5 3 0 520.1049 183.32642 547.158 213.0526 0.5 0.5 0.5 0.5 0.5 0.5 0.5 0.9601465 
Car 0.5 3 0 547.1836 182.72495 566.8915 206.53638 0.5 0.5 0.5 0.5 0.5 0.5 0.5 0.91356355 
Car 0.5 3 0 666.2298 177.6725 694.7953 200.92097 0.5 0.5 0.5 0.5 0.5 0.5 0.5 0.9039363 
Car 0.5 3 0 621.6917 180.71713 637.28687 189.65933 0.5 0.5 0.5 0.5 0.5 0.5 0.5 0.886953 
Car 0.5 3 0 588.44836 180.70772 614.44055 195.52887 0.5 0.5 0.5 0.5 0.5 0.5 0.5 0.88478607 
Car 0.5 3 0 528.32416 183.27739 558.4686 210.62831 0.5 0.5 0.5 0.5 0.5 0.5 0.5 0.7968563 
Car 0.5 3 0 600.39886 180.52106 617.2474 193.80667 0.5 0.5 0.5 0.5 0.5 0.5 0.5 0.72019297 
Car 0.5 3 0 588.3779 184.80727 605.60205 195.12585 0.5 0.5 0.5 0.5 0.5 0.5 0.5 0.62609965 
Car 0.5 3 0 273.04788 186.31047 323.19376 212.26328 0.5 0.5 0.5 0.5 0.5 0.5 0.5 0.5670628 
Car 0.5 3 0 560.2917 179.56006 586.22974 193.66588 0.5 0.5 0.5 0.5 0.5 0.5 0.5 0.5409881 
