Car 0.5 3 0 6.0323935 194.31578 277.73938 375.0 0.5 0.5 0.5 0.5 0.5 0.5 0.5 0.9918771 
Car 0.5 3 0 401.31293 191.53162 472.5106 259.37735 0.5 0.5 0.5 0.5 0.5 0.5 0.5 0.9892267 
Car 0.5 3 0 446.43295 183.23471 509.21866 238.11264 0.5 0.5 0.5 0.5 0.5 0.5 0.5 0.98166096 
Car 0.5 3 0 72.09185 173.60213 190.5296 198.83954 0.5 0.5 0.5 0.5 0.5 0.5 0.5 0.9712711 
Car 0.5 3 0 563.40424 177.23744 596.69366 199.14761 0.5 0.5 0.5 0.5 0.5 0.5 0.5 0.96885765 
Car 0.5 3 0 248.31413 181.82481 415.6839 303.01648 0.5 0.5 0.5 0.5 0.5 0.5 0.5 0.9626215 
Car 0.5 3 0 615.27826 175.93936 634.9248 188.55273 0.5 0.5 0.5 0.5 0.5 0.5 0.5 0.95477647 
Car 0.5 3 0 693.4016 174.07275 726.09644 201.44608 0.5 0.5 0.5 0.5 0.5 0.5 0.5 0.9328303 
Car 0.5 3 0 713.1071 171.8075 780.4186 223.96638 0.5 0.5 0.5 0.5 0.5 0.5 0.5 0.8968819 
Car 0.5 3 0 707.0429 177.54242 727.71094 210.0148 0.5 0.5 0.5 0.5 0.5 0.5 0.5 0.8708433 
Car 0.5 3 0 596.7099 176.09785 613.23804 194.12184 0.5 0.5 0.5 0.5 0.5 0.5 0.5 0.86448437 
Car 0.5 3 0 692.31433 174.4171 711.12506 197.34688 0.5 0.5 0.5 0.5 0.5 0.5 0.5 0.8553448 
Car 0.5 3 0 589.0111 176.66191 604.51074 196.27986 0.5 0.5 0.5 0.5 0.5 0.5 0.5 0.8246792 
