Car 0.5 3 0 88.858795 192.28912 369.60336 356.39352 0.5 0.5 0.5 0.5 0.5 0.5 0.5 0.9983335 
Car 0.5 3 0 442.1123 191.91515 495.36267 248.62451 0.5 0.5 0.5 0.5 0.5 0.5 0.5 0.992634 
Car 0.5 3 0 133.50412 179.2785 237.5947 225.77309 0.5 0.5 0.5 0.5 0.5 0.5 0.5 0.98825455 
Car 0.5 3 0 475.71545 187.05617 525.3104 233.57048 0.5 0.5 0.5 0.5 0.5 0.5 0.5 0.9875151 
Car 0.5 3 0 569.56036 180.41277 607.48755 201.8511 0.5 0.5 0.5 0.5 0.5 0.5 0.5 0.98304015 
Car 0.5 3 0 348.5061 188.72368 456.12372 277.67136 0.5 0.5 0.5 0.5 0.5 0.5 0.5 0.97472656 
Car 0.5 3 0 695.8002 178.14455 716.7337 204.48639 0.5 0.5 0.5 0.5 0.5 0.5 0.5 0.95720536 
Car 0.5 3 0 619.6103 178.76663 641.6865 191.18419 0.5 0.5 0.5 0.5 0.5 0.5 0.5 0.92506593 
Car 0.5 3 0 705.63763 175.05159 765.2997 222.32549 0.5 0.5 0.5 0.5 0.5 0.5 0.5 0.9189711 
Car 0.5 3 0 596.4173 179.66248 618.7109 198.42879 0.5 0.5 0.5 0.5 0.5 0.5 0.5 0.89824647 
Car 0.5 3 0 586.168 179.61897 612.58026 199.29031 0.5 0.5 0.5 0.5 0.5 0.5 0.5 0.55831647 
Car 0.5 3 0 605.9504 179.29578 619.5356 196.35425 0.5 0.5 0.5 0.5 0.5 0.5 0.5 0.5558458 
