Car 0.5 3 0 0.0 191.90355 265.8697 339.36542 0.5 0.5 0.5 0.5 0.5 0.5 0.5 0.99753124 
Car 0.5 3 0 465.1933 179.17479 517.4128 208.8108 0.5 0.5 0.5 0.5 0.5 0.5 0.5 0.99624264 
Car 0.5 3 0 831.89136 193.2851 1239.0575 372.83743 0.5 0.5 0.5 0.5 0.5 0.5 0.5 0.9934411 
Car 0.5 3 0 341.16934 180.4894 412.46692 205.0491 0.5 0.5 0.5 0.5 0.5 0.5 0.5 0.99012566 
Pedestrian 0.5 3 0 674.1163 170.9876 690.5613 207.74434 0.5 0.5 0.5 0.5 0.5 0.5 0.5 0.9432673 
Car 0.5 3 0 651.74866 170.98792 714.9017 193.22313 0.5 0.5 0.5 0.5 0.5 0.5 0.5 0.9421392 
Car 0.5 3 0 541.3523 168.27205 569.7314 195.28304 0.5 0.5 0.5 0.5 0.5 0.5 0.5 0.77310157 
Car 0.5 3 0 85.520386 181.88109 166.06448 203.98792 0.5 0.5 0.5 0.5 0.5 0.5 0.5 0.75406593 
Pedestrian 0.5 3 0 552.21716 164.99539 569.08765 201.06575 0.5 0.5 0.5 0.5 0.5 0.5 0.5 0.70860076 
Pedestrian 0.5 3 0 699.9562 177.19528 711.3241 199.52873 0.5 0.5 0.5 0.5 0.5 0.5 0.5 0.69114983 
Car 0.5 3 0 162.41486 180.03564 218.15562 196.26659 0.5 0.5 0.5 0.5 0.5 0.5 0.5 0.67115176 
