Car 0.5 3 0 392.56253 194.90126 460.7062 241.14404 0.5 0.5 0.5 0.5 0.5 0.5 0.5 0.9942154 
Car 0.5 3 0 450.40063 191.81032 490.0226 229.84804 0.5 0.5 0.5 0.5 0.5 0.5 0.5 0.99246454 
Car 0.5 3 0 1033.4623 137.52524 1130.81 179.82571 0.5 0.5 0.5 0.5 0.5 0.5 0.5 0.98705894 
Car 0.5 3 0 0.48142 214.61725 50.377228 247.07156 0.5 0.5 0.5 0.5 0.5 0.5 0.5 0.9799319 
Car 0.5 3 0 147.48961 205.94847 219.56123 242.26422 0.5 0.5 0.5 0.5 0.5 0.5 0.5 0.9768689 
Car 0.5 3 0 477.01215 183.95293 515.3281 215.7036 0.5 0.5 0.5 0.5 0.5 0.5 0.5 0.95723236 
Car 0.5 3 0 67.18615 207.6663 158.44069 243.22507 0.5 0.5 0.5 0.5 0.5 0.5 0.5 0.9537898 
Car 0.5 3 0 660.36383 175.95665 714.9455 220.14716 0.5 0.5 0.5 0.5 0.5 0.5 0.5 0.9062337 
Car 0.5 3 0 28.98615 212.29924 83.663414 244.4561 0.5 0.5 0.5 0.5 0.5 0.5 0.5 0.8884656 
Car 0.5 3 0 537.24176 182.90324 558.4447 199.25554 0.5 0.5 0.5 0.5 0.5 0.5 0.5 0.88392645 
Car 0.5 3 0 626.12854 178.06683 646.6032 194.03328 0.5 0.5 0.5 0.5 0.5 0.5 0.5 0.88356227 
Car 0.5 3 0 570.63196 180.05986 590.24963 193.90237 0.5 0.5 0.5 0.5 0.5 0.5 0.5 0.8722085 
Car 0.5 3 0 508.51926 186.41292 527.87787 210.30669 0.5 0.5 0.5 0.5 0.5 0.5 0.5 0.80643386 
Car 0.5 3 0 1104.621 120.78522 1227.9584 175.20181 0.5 0.5 0.5 0.5 0.5 0.5 0.5 0.7375653 
Car 0.5 3 0 512.95917 186.12611 539.32825 208.19191 0.5 0.5 0.5 0.5 0.5 0.5 0.5 0.6791696 
Car 0.5 3 0 598.4618 179.8819 610.1231 188.56474 0.5 0.5 0.5 0.5 0.5 0.5 0.5 0.625136 
Car 0.5 3 0 678.9548 168.61421 722.12946 187.93153 0.5 0.5 0.5 0.5 0.5 0.5 0.5 0.542809 
Car 0.5 3 0 1147.2863 142.75612 1228.5111 176.4099 0.5 0.5 0.5 0.5 0.5 0.5 0.5 0.5120927 
