Car 0.5 3 0 0.44498155 208.3845 260.3957 373.67612 0.5 0.5 0.5 0.5 0.5 0.5 0.5 0.99854636 
Car 0.5 3 0 786.9468 183.37471 1088.5773 348.80014 0.5 0.5 0.5 0.5 0.5 0.5 0.5 0.99439585 
Car 0.5 3 0 705.339 183.41888 794.68115 247.07498 0.5 0.5 0.5 0.5 0.5 0.5 0.5 0.99278545 
Car 0.5 3 0 257.28812 195.3217 386.7252 281.6489 0.5 0.5 0.5 0.5 0.5 0.5 0.5 0.9909037 
Car 0.5 3 0 654.2468 179.22684 697.19434 214.07048 0.5 0.5 0.5 0.5 0.5 0.5 0.5 0.98926276 
Car 0.5 3 0 398.8322 186.86598 476.36865 236.17976 0.5 0.5 0.5 0.5 0.5 0.5 0.5 0.9886099 
Car 0.5 3 0 678.0623 182.02896 732.2125 227.5877 0.5 0.5 0.5 0.5 0.5 0.5 0.5 0.9881373 
Car 0.5 3 0 484.16446 178.3558 532.73785 209.2711 0.5 0.5 0.5 0.5 0.5 0.5 0.5 0.969546 
Car 0.5 3 0 531.79407 174.45364 570.1371 197.41972 0.5 0.5 0.5 0.5 0.5 0.5 0.5 0.9480606 
Car 0.5 3 0 37.273308 181.43622 250.87871 224.33978 0.5 0.5 0.5 0.5 0.5 0.5 0.5 0.7406539 
Car 0.5 3 0 586.7145 170.67195 613.5153 187.14885 0.5 0.5 0.5 0.5 0.5 0.5 0.5 0.63031065 
Car 0.5 3 0 1024.389 292.70334 1242.0 375.0 0.5 0.5 0.5 0.5 0.5 0.5 0.5 0.5753801 
