Car 0.5 3 0 934.7593 204.18042 1242.0 367.5595 0.5 0.5 0.5 0.5 0.5 0.5 0.5 0.9974964 
Car 0.5 3 0 767.0509 182.80632 948.0553 311.85065 0.5 0.5 0.5 0.5 0.5 0.5 0.5 0.996968 
Car 0.5 3 0 205.07704 203.8222 365.15637 295.28168 0.5 0.5 0.5 0.5 0.5 0.5 0.5 0.99515414 
Car 0.5 3 0 510.21255 180.38208 538.66144 205.7008 0.5 0.5 0.5 0.5 0.5 0.5 0.5 0.9575538 
Car 0.5 3 0 467.54504 187.49718 511.44797 214.65541 0.5 0.5 0.5 0.5 0.5 0.5 0.5 0.9452315 
Car 0.5 3 0 589.4765 177.04443 625.79193 195.5266 0.5 0.5 0.5 0.5 0.5 0.5 0.5 0.9361907 
Car 0.5 3 0 226.83195 196.25676 280.7032 226.17628 0.5 0.5 0.5 0.5 0.5 0.5 0.5 0.9290287 
Car 0.5 3 0 495.67084 186.10265 520.36804 211.81267 0.5 0.5 0.5 0.5 0.5 0.5 0.5 0.9194254 
Car 0.5 3 0 644.6626 176.0676 680.768 206.18236 0.5 0.5 0.5 0.5 0.5 0.5 0.5 0.9079198 
Car 0.5 3 0 545.9883 179.83615 563.1596 195.48367 0.5 0.5 0.5 0.5 0.5 0.5 0.5 0.8202833 
Car 0.5 3 0 798.7738 165.6946 825.94305 178.63576 0.5 0.5 0.5 0.5 0.5 0.5 0.5 0.80641425 
Car 0.5 3 0 572.1679 178.25407 591.7267 189.3609 0.5 0.5 0.5 0.5 0.5 0.5 0.5 0.79285395 
Car 0.5 3 0 622.66876 177.79405 639.8401 192.24869 0.5 0.5 0.5 0.5 0.5 0.5 0.5 0.7813296 
Car 0.5 3 0 671.01697 167.82008 701.08105 183.19821 0.5 0.5 0.5 0.5 0.5 0.5 0.5 0.77178264 
Car 0.5 3 0 202.38748 197.71727 237.01994 225.4545 0.5 0.5 0.5 0.5 0.5 0.5 0.5 0.6711721 
Car 0.5 3 0 283.2043 196.06877 321.909 205.1923 0.5 0.5 0.5 0.5 0.5 0.5 0.5 0.6140197 
Pedestrian 0.5 3 0 217.10385 202.13672 235.97191 239.77353 0.5 0.5 0.5 0.5 0.5 0.5 0.5 0.5541136 
