Car 0.5 3 0 63.123627 205.50725 303.60345 324.94986 0.5 0.5 0.5 0.5 0.5 0.5 0.5 0.9948462 
Car 0.5 3 0 287.4714 198.06258 403.6471 268.31 0.5 0.5 0.5 0.5 0.5 0.5 0.5 0.99476874 
Car 0.5 3 0 703.75336 178.79251 839.6697 264.58936 0.5 0.5 0.5 0.5 0.5 0.5 0.5 0.9912723 
Car 0.5 3 0 555.81085 178.1796 583.9837 198.01862 0.5 0.5 0.5 0.5 0.5 0.5 0.5 0.96997136 
Car 0.5 3 0 637.3845 175.98486 659.4316 193.35226 0.5 0.5 0.5 0.5 0.5 0.5 0.5 0.96952313 
Car 0.5 3 0 458.81946 180.57086 495.89767 220.21576 0.5 0.5 0.5 0.5 0.5 0.5 0.5 0.96085036 
Car 0.5 3 0 524.79626 179.56621 548.33356 199.25067 0.5 0.5 0.5 0.5 0.5 0.5 0.5 0.94249016 
Car 0.5 3 0 398.8932 179.51646 470.60065 233.79306 0.5 0.5 0.5 0.5 0.5 0.5 0.5 0.93074673 
Car 0.5 3 0 494.07324 182.1098 522.50494 210.00546 0.5 0.5 0.5 0.5 0.5 0.5 0.5 0.92787397 
Car 0.5 3 0 598.4632 173.87607 611.5838 185.15681 0.5 0.5 0.5 0.5 0.5 0.5 0.5 0.8393757 
Car 0.5 3 0 687.11005 167.58603 753.46533 191.52672 0.5 0.5 0.5 0.5 0.5 0.5 0.5 0.82236737 
