Car 0.5 3 0 436.72498 185.27309 513.15326 237.51605 0.5 0.5 0.5 0.5 0.5 0.5 0.5 0.99314743 
Car 0.5 3 0 719.3385 166.46005 820.615 202.4507 0.5 0.5 0.5 0.5 0.5 0.5 0.5 0.9928905 
Car 0.5 3 0 500.08258 183.9429 535.24445 218.13689 0.5 0.5 0.5 0.5 0.5 0.5 0.5 0.9851248 
Car 0.5 3 0 0.0 201.13832 215.26462 366.53223 0.5 0.5 0.5 0.5 0.5 0.5 0.5 0.98040193 
Car 0.5 3 0 626.7418 177.4717 668.39594 206.05295 0.5 0.5 0.5 0.5 0.5 0.5 0.5 0.97018325 
Car 0.5 3 0 306.49942 194.06349 401.4692 249.03047 0.5 0.5 0.5 0.5 0.5 0.5 0.5 0.94436485 
Car 0.5 3 0 578.01373 175.80264 592.41486 188.2016 0.5 0.5 0.5 0.5 0.5 0.5 0.5 0.84355026 
Car 0.5 3 0 866.16235 153.8356 915.1025 177.64679 0.5 0.5 0.5 0.5 0.5 0.5 0.5 0.62740314 
Car 0.5 3 0 848.707 158.29446 887.6529 177.2023 0.5 0.5 0.5 0.5 0.5 0.5 0.5 0.60661 
Car 0.5 3 0 522.2762 181.09036 544.861 197.44478 0.5 0.5 0.5 0.5 0.5 0.5 0.5 0.5697407 
Car 0.5 3 0 675.58496 169.11154 700.6742 183.48204 0.5 0.5 0.5 0.5 0.5 0.5 0.5 0.54217744 
Car 0.5 3 0 803.09955 159.54645 842.631 175.85782 0.5 0.5 0.5 0.5 0.5 0.5 0.5 0.5421564 
Car 0.5 3 0 603.6002 176.30742 630.24603 191.57936 0.5 0.5 0.5 0.5 0.5 0.5 0.5 0.5290746 
