Car 0.5 3 0 809.6155 189.89998 1208.4934 365.559 0.5 0.5 0.5 0.5 0.5 0.5 0.5 0.99788827 
Car 0.5 3 0 0.0 227.34334 96.45997 372.18317 0.5 0.5 0.5 0.5 0.5 0.5 0.5 0.99679595 
Car 0.5 3 0 165.17096 199.01706 373.57803 299.25317 0.5 0.5 0.5 0.5 0.5 0.5 0.5 0.99657696 
Car 0.5 3 0 1115.5717 163.28543 1240.6757 279.6616 0.5 0.5 0.5 0.5 0.5 0.5 0.5 0.9934149 
Car 0.5 3 0 652.0815 177.79845 684.54974 209.41052 0.5 0.5 0.5 0.5 0.5 0.5 0.5 0.98991966 
Car 0.5 3 0 687.6552 181.14674 749.4422 231.24959 0.5 0.5 0.5 0.5 0.5 0.5 0.5 0.9891104 
Car 0.5 3 0 4.7393684 188.63675 103.203896 240.41159 0.5 0.5 0.5 0.5 0.5 0.5 0.5 0.9886475 
Car 0.5 3 0 733.3422 178.82848 878.3514 277.7502 0.5 0.5 0.5 0.5 0.5 0.5 0.5 0.9864022 
Car 0.5 3 0 440.0202 185.1767 497.96298 226.4136 0.5 0.5 0.5 0.5 0.5 0.5 0.5 0.9839968 
Car 0.5 3 0 346.43826 188.10112 436.43506 253.82463 0.5 0.5 0.5 0.5 0.5 0.5 0.5 0.98135537 
Car 0.5 3 0 549.6121 174.13768 588.98627 194.65292 0.5 0.5 0.5 0.5 0.5 0.5 0.5 0.95135987 
Car 0.5 3 0 670.0041 181.17851 707.05457 220.5334 0.5 0.5 0.5 0.5 0.5 0.5 0.5 0.9488049 
Car 0.5 3 0 498.89255 179.16566 541.2139 205.64679 0.5 0.5 0.5 0.5 0.5 0.5 0.5 0.94743836 
