Car 0.5 3 0 934.74896 212.48726 1242.0 367.78546 0.5 0.5 0.5 0.5 0.5 0.5 0.5 0.9990087 
Car 0.5 3 0 773.7841 186.27055 1012.09296 325.6194 0.5 0.5 0.5 0.5 0.5 0.5 0.5 0.9974987 
Car 0.5 3 0 1.0740179 205.13057 300.76764 352.9191 0.5 0.5 0.5 0.5 0.5 0.5 0.5 0.99473464 
Car 0.5 3 0 287.23712 193.46292 399.82327 272.0286 0.5 0.5 0.5 0.5 0.5 0.5 0.5 0.9891406 
Car 0.5 3 0 409.19974 186.77808 481.94626 234.39854 0.5 0.5 0.5 0.5 0.5 0.5 0.5 0.98830134 
Car 0.5 3 0 700.9106 183.98947 779.5828 240.99359 0.5 0.5 0.5 0.5 0.5 0.5 0.5 0.9829554 
Car 0.5 3 0 656.22577 180.06976 695.7028 212.47897 0.5 0.5 0.5 0.5 0.5 0.5 0.5 0.9825299 
Car 0.5 3 0 677.58264 181.99309 726.4335 228.58649 0.5 0.5 0.5 0.5 0.5 0.5 0.5 0.9702332 
Car 0.5 3 0 486.6634 179.71721 533.7788 208.95552 0.5 0.5 0.5 0.5 0.5 0.5 0.5 0.96766114 
Car 0.5 3 0 535.9013 174.93233 576.229 197.75941 0.5 0.5 0.5 0.5 0.5 0.5 0.5 0.9571975 
Car 0.5 3 0 669.52045 180.72322 709.3929 220.22998 0.5 0.5 0.5 0.5 0.5 0.5 0.5 0.5175861 
