Car 0.5 3 0 680.94635 187.7582 757.1989 242.2466 0.5 0.5 0.5 0.5 0.5 0.5 0.5 0.9972487 
Car 0.5 3 0 0.0 231.9184 197.38448 372.63687 0.5 0.5 0.5 0.5 0.5 0.5 0.5 0.99657404 
Car 0.5 3 0 904.5918 230.71107 1238.9974 372.41135 0.5 0.5 0.5 0.5 0.5 0.5 0.5 0.9929051 
Car 0.5 3 0 944.27026 168.56602 1121.9592 226.40979 0.5 0.5 0.5 0.5 0.5 0.5 0.5 0.9912237 
Car 0.5 3 0 841.00165 178.31961 962.15576 209.38829 0.5 0.5 0.5 0.5 0.5 0.5 0.5 0.9852447 
Car 0.5 3 0 663.70935 184.40161 709.02515 225.91805 0.5 0.5 0.5 0.5 0.5 0.5 0.5 0.98464704 
Car 0.5 3 0 473.92633 183.53748 522.69867 218.12624 0.5 0.5 0.5 0.5 0.5 0.5 0.5 0.98295087 
Car 0.5 3 0 647.4728 180.82039 671.46173 201.0653 0.5 0.5 0.5 0.5 0.5 0.5 0.5 0.96346694 
Car 0.5 3 0 509.85696 183.68317 534.63556 212.58249 0.5 0.5 0.5 0.5 0.5 0.5 0.5 0.95980376 
Car 0.5 3 0 574.2316 180.1524 602.45056 195.49695 0.5 0.5 0.5 0.5 0.5 0.5 0.5 0.9582961 
Car 0.5 3 0 530.9688 183.91342 552.29913 207.48827 0.5 0.5 0.5 0.5 0.5 0.5 0.5 0.90657127 
Car 0.5 3 0 606.3026 179.93701 621.9635 190.49529 0.5 0.5 0.5 0.5 0.5 0.5 0.5 0.749131 
Car 0.5 3 0 525.13824 184.98422 541.85443 209.44626 0.5 0.5 0.5 0.5 0.5 0.5 0.5 0.7479947 
Car 0.5 3 0 539.26105 183.51965 554.76483 204.8824 0.5 0.5 0.5 0.5 0.5 0.5 0.5 0.6037535 
