Car 0.5 3 0 902.3406 207.99815 1239.3539 367.52487 0.5 0.5 0.5 0.5 0.5 0.5 0.5 0.9979405 
Car 0.5 3 0 750.89575 182.67538 949.5735 304.36234 0.5 0.5 0.5 0.5 0.5 0.5 0.5 0.9957319 
Car 0.5 3 0 345.86212 194.15443 440.08987 254.0025 0.5 0.5 0.5 0.5 0.5 0.5 0.5 0.9897855 
Car 0.5 3 0 706.44946 179.89401 780.52466 248.58061 0.5 0.5 0.5 0.5 0.5 0.5 0.5 0.98948973 
Car 0.5 3 0 521.065 180.62892 547.21436 202.01135 0.5 0.5 0.5 0.5 0.5 0.5 0.5 0.95319986 
Car 0.5 3 0 576.192 177.38194 606.0928 194.39131 0.5 0.5 0.5 0.5 0.5 0.5 0.5 0.95147836 
Car 0.5 3 0 486.04456 185.67133 522.2039 209.29022 0.5 0.5 0.5 0.5 0.5 0.5 0.5 0.921358 
Car 0.5 3 0 622.0911 176.7613 636.6126 188.83301 0.5 0.5 0.5 0.5 0.5 0.5 0.5 0.82743645 
Car 0.5 3 0 513.1831 184.56892 532.77155 207.19681 0.5 0.5 0.5 0.5 0.5 0.5 0.5 0.79940426 
Car 0.5 3 0 663.3834 168.42906 690.5839 181.95023 0.5 0.5 0.5 0.5 0.5 0.5 0.5 0.7663481 
Car 0.5 3 0 302.57193 194.12546 364.50677 243.15068 0.5 0.5 0.5 0.5 0.5 0.5 0.5 0.6973451 
Car 0.5 3 0 636.8994 179.31406 659.2809 201.42427 0.5 0.5 0.5 0.5 0.5 0.5 0.5 0.65921575 
Car 0.5 3 0 550.6207 180.79018 567.57825 193.52138 0.5 0.5 0.5 0.5 0.5 0.5 0.5 0.6169642 
