Car 0.5 3 0 0.0 193.66685 312.62418 371.83865 0.5 0.5 0.5 0.5 0.5 0.5 0.5 0.9974414 
Car 0.5 3 0 412.83597 189.73004 480.551 253.91798 0.5 0.5 0.5 0.5 0.5 0.5 0.5 0.99079835 
Car 0.5 3 0 286.0521 185.051 432.1478 291.5234 0.5 0.5 0.5 0.5 0.5 0.5 0.5 0.98748374 
Car 0.5 3 0 458.08865 184.2771 513.7364 235.07828 0.5 0.5 0.5 0.5 0.5 0.5 0.5 0.98568547 
Car 0.5 3 0 567.01105 177.90623 604.32935 199.42165 0.5 0.5 0.5 0.5 0.5 0.5 0.5 0.9709071 
Car 0.5 3 0 100.565926 175.70024 205.95062 204.08276 0.5 0.5 0.5 0.5 0.5 0.5 0.5 0.9583074 
Car 0.5 3 0 615.8783 175.23698 637.5754 189.53185 0.5 0.5 0.5 0.5 0.5 0.5 0.5 0.9230392 
Car 0.5 3 0 693.7799 174.96149 714.26984 198.26396 0.5 0.5 0.5 0.5 0.5 0.5 0.5 0.91506094 
Car 0.5 3 0 712.6217 171.9915 775.65594 223.9455 0.5 0.5 0.5 0.5 0.5 0.5 0.5 0.89629936 
Car 0.5 3 0 697.97504 174.98549 724.05304 204.8015 0.5 0.5 0.5 0.5 0.5 0.5 0.5 0.88442904 
Car 0.5 3 0 599.13135 177.02197 616.8351 194.88701 0.5 0.5 0.5 0.5 0.5 0.5 0.5 0.8107793 
Car 0.5 3 0 708.03033 176.55566 726.6862 213.80339 0.5 0.5 0.5 0.5 0.5 0.5 0.5 0.7759571 
Car 0.5 3 0 590.2345 177.23235 608.32916 196.3263 0.5 0.5 0.5 0.5 0.5 0.5 0.5 0.6174227 
