Car 0.5 3 0 423.223 185.13078 507.0189 237.94986 0.5 0.5 0.5 0.5 0.5 0.5 0.5 0.9957854 
Car 0.5 3 0 905.6814 212.303 1240.0216 372.59793 0.5 0.5 0.5 0.5 0.5 0.5 0.5 0.99543625 
Car 0.5 3 0 781.1703 182.3712 953.26917 290.0607 0.5 0.5 0.5 0.5 0.5 0.5 0.5 0.9945496 
Car 0.5 3 0 740.2243 181.25699 819.0019 248.99736 0.5 0.5 0.5 0.5 0.5 0.5 0.5 0.9931937 
Car 0.5 3 0 711.19586 180.54253 764.8193 227.16457 0.5 0.5 0.5 0.5 0.5 0.5 0.5 0.98743933 
Car 0.5 3 0 551.6986 178.69705 586.1884 199.9615 0.5 0.5 0.5 0.5 0.5 0.5 0.5 0.98274636 
Car 0.5 3 0 690.55634 178.58104 722.6851 212.79924 0.5 0.5 0.5 0.5 0.5 0.5 0.5 0.9713523 
Car 0.5 3 0 489.72678 183.6165 530.4884 222.99388 0.5 0.5 0.5 0.5 0.5 0.5 0.5 0.96490365 
Car 0.5 3 0 954.65015 173.59743 1011.78796 203.52577 0.5 0.5 0.5 0.5 0.5 0.5 0.5 0.937371 
Car 0.5 3 0 518.1927 182.19681 548.9001 213.75269 0.5 0.5 0.5 0.5 0.5 0.5 0.5 0.9274504 
Car 0.5 3 0 687.0899 176.89365 711.1072 207.46907 0.5 0.5 0.5 0.5 0.5 0.5 0.5 0.8346732 
Car 0.5 3 0 668.34326 177.24638 686.3438 189.03111 0.5 0.5 0.5 0.5 0.5 0.5 0.5 0.8134255 
Car 0.5 3 0 680.21576 177.06747 696.14417 203.32893 0.5 0.5 0.5 0.5 0.5 0.5 0.5 0.69161665 
Car 0.5 3 0 567.766 177.88646 590.14056 198.05249 0.5 0.5 0.5 0.5 0.5 0.5 0.5 0.6098225 
