Car 0.5 3 0 882.46564 166.53726 1116.5513 239.54362 0.5 0.5 0.5 0.5 0.5 0.5 0.5 0.996765 
Car 0.5 3 0 293.61475 197.59286 385.50052 263.07523 0.5 0.5 0.5 0.5 0.5 0.5 0.5 0.99304974 
Car 0.5 3 0 6.7416005 209.95822 354.57706 372.8368 0.5 0.5 0.5 0.5 0.5 0.5 0.5 0.9828227 
Car 0.5 3 0 473.5622 184.83156 510.21643 213.4334 0.5 0.5 0.5 0.5 0.5 0.5 0.5 0.97762215 
Car 0.5 3 0 779.0277 164.11215 887.3613 211.91916 0.5 0.5 0.5 0.5 0.5 0.5 0.5 0.9733498 
Car 0.5 3 0 667.72546 181.52565 730.4649 229.68327 0.5 0.5 0.5 0.5 0.5 0.5 0.5 0.9671804 
Car 0.5 3 0 838.38354 155.51077 1012.19794 230.47513 0.5 0.5 0.5 0.5 0.5 0.5 0.5 0.9614448 
Car 0.5 3 0 503.32233 183.82452 521.678 207.61902 0.5 0.5 0.5 0.5 0.5 0.5 0.5 0.91825503 
Pedestrian 0.5 3 0 238.2356 237.7336 264.3661 276.35568 0.5 0.5 0.5 0.5 0.5 0.5 0.5 0.8268036 
Car 0.5 3 0 702.028 167.80865 764.54126 190.69243 0.5 0.5 0.5 0.5 0.5 0.5 0.5 0.8259353 
Car 0.5 3 0 519.46185 182.18857 538.98676 203.67577 0.5 0.5 0.5 0.5 0.5 0.5 0.5 0.8000477 
Car 0.5 3 0 381.41602 201.52962 437.80206 238.08122 0.5 0.5 0.5 0.5 0.5 0.5 0.5 0.77906466 
Car 0.5 3 0 598.9969 175.35 614.09326 188.21051 0.5 0.5 0.5 0.5 0.5 0.5 0.5 0.7696397 
Car 0.5 3 0 406.09637 190.63988 463.06995 232.9576 0.5 0.5 0.5 0.5 0.5 0.5 0.5 0.76377165 
Car 0.5 3 0 1175.0717 136.32832 1241.6289 184.73946 0.5 0.5 0.5 0.5 0.5 0.5 0.5 0.75719184 
Car 0.5 3 0 1125.0903 146.83763 1174.4127 187.82704 0.5 0.5 0.5 0.5 0.5 0.5 0.5 0.7486681 
Car 0.5 3 0 523.76587 181.78741 545.5905 200.05116 0.5 0.5 0.5 0.5 0.5 0.5 0.5 0.6803423 
Car 0.5 3 0 1030.1786 152.29112 1113.5922 185.42189 0.5 0.5 0.5 0.5 0.5 0.5 0.5 0.56129676 
