Car 0.5 3 0 381.78546 187.97227 467.83136 239.55704 0.5 0.5 0.5 0.5 0.5 0.5 0.5 0.9967135 
Car 0.5 3 0 820.9685 179.3311 1231.9998 374.31775 0.5 0.5 0.5 0.5 0.5 0.5 0.5 0.995732 
Car 0.5 3 0 449.8827 185.56262 493.1613 224.09154 0.5 0.5 0.5 0.5 0.5 0.5 0.5 0.9852401 
Car 0.5 3 0 737.584 160.10281 858.26 193.58694 0.5 0.5 0.5 0.5 0.5 0.5 0.5 0.981614 
Car 0.5 3 0 501.1997 182.22043 528.11975 209.23802 0.5 0.5 0.5 0.5 0.5 0.5 0.5 0.9751237 
Car 0.5 3 0 1004.11664 144.64215 1181.9233 182.66113 0.5 0.5 0.5 0.5 0.5 0.5 0.5 0.9678632 
Car 0.5 3 0 518.4184 179.02411 549.9998 202.54608 0.5 0.5 0.5 0.5 0.5 0.5 0.5 0.9576477 
Car 0.5 3 0 82.636765 193.15723 331.6938 317.11182 0.5 0.5 0.5 0.5 0.5 0.5 0.5 0.9570804 
Car 0.5 3 0 727.37335 164.48993 780.17786 192.08812 0.5 0.5 0.5 0.5 0.5 0.5 0.5 0.9221685 
Car 0.5 3 0 619.33374 171.75906 635.6643 186.61868 0.5 0.5 0.5 0.5 0.5 0.5 0.5 0.92023337 
Car 0.5 3 0 0.67039394 243.25545 121.13651 374.0392 0.5 0.5 0.5 0.5 0.5 0.5 0.5 0.9039871 
Car 0.5 3 0 478.15427 183.37128 512.274 216.33214 0.5 0.5 0.5 0.5 0.5 0.5 0.5 0.9031521 
Car 0.5 3 0 982.841 149.67389 1037.7814 178.28096 0.5 0.5 0.5 0.5 0.5 0.5 0.5 0.88085806 
Car 0.5 3 0 1142.6656 164.32942 1241.2516 283.50674 0.5 0.5 0.5 0.5 0.5 0.5 0.5 0.8223225 
Car 0.5 3 0 749.65955 163.88979 787.21857 193.00395 0.5 0.5 0.5 0.5 0.5 0.5 0.5 0.81324387 
Car 0.5 3 0 644.3646 174.20642 662.3427 192.48747 0.5 0.5 0.5 0.5 0.5 0.5 0.5 0.67234945 
Car 0.5 3 0 656.2298 174.16975 684.68896 199.78406 0.5 0.5 0.5 0.5 0.5 0.5 0.5 0.6557398 
Car 0.5 3 0 546.37494 176.67392 572.1732 195.3002 0.5 0.5 0.5 0.5 0.5 0.5 0.5 0.5550723 
Car 0.5 3 0 1009.3107 149.1681 1233.3291 271.71982 0.5 0.5 0.5 0.5 0.5 0.5 0.5 0.53179467 
Car 0.5 3 0 561.374 176.15634 577.1858 192.36508 0.5 0.5 0.5 0.5 0.5 0.5 0.5 0.5279812 
