Car 0.5 3 0 296.2201 191.46606 441.48105 275.34158 0.5 0.5 0.5 0.5 0.5 0.5 0.5 0.9975299 
Car 0.5 3 0 978.0084 192.17146 1237.5399 370.3004 0.5 0.5 0.5 0.5 0.5 0.5 0.5 0.99718386 
Car 0.5 3 0 803.63965 193.51471 1038.4133 320.04758 0.5 0.5 0.5 0.5 0.5 0.5 0.5 0.9964265 
Car 0.5 3 0 746.35834 184.61198 854.1587 256.86725 0.5 0.5 0.5 0.5 0.5 0.5 0.5 0.99295914 
Car 0.5 3 0 422.60434 189.17223 491.3336 242.36432 0.5 0.5 0.5 0.5 0.5 0.5 0.5 0.9845516 
Car 0.5 3 0 695.1793 180.38014 728.72986 218.43304 0.5 0.5 0.5 0.5 0.5 0.5 0.5 0.9812073 
Car 0.5 3 0 715.46014 183.06007 768.1714 235.7275 0.5 0.5 0.5 0.5 0.5 0.5 0.5 0.9807561 
Car 0.5 3 0 525.81744 179.74985 569.4591 205.79858 0.5 0.5 0.5 0.5 0.5 0.5 0.5 0.9780346 
Car 0.5 3 0 475.1041 187.20303 517.9723 227.45529 0.5 0.5 0.5 0.5 0.5 0.5 0.5 0.97409546 
Car 0.5 3 0 684.726 179.04617 709.6642 210.09393 0.5 0.5 0.5 0.5 0.5 0.5 0.5 0.92293733 
Car 0.5 3 0 565.39044 177.03621 591.76843 190.94052 0.5 0.5 0.5 0.5 0.5 0.5 0.5 0.88407236 
Car 0.5 3 0 704.0001 181.24611 737.0455 227.3333 0.5 0.5 0.5 0.5 0.5 0.5 0.5 0.8662541 
Car 0.5 3 0 617.79156 176.20515 651.3019 189.78807 0.5 0.5 0.5 0.5 0.5 0.5 0.5 0.8660255 
Car 0.5 3 0 552.34656 177.9998 573.523 201.93639 0.5 0.5 0.5 0.5 0.5 0.5 0.5 0.85268027 
Car 0.5 3 0 1017.17474 177.15027 1112.0636 213.11891 0.5 0.5 0.5 0.5 0.5 0.5 0.5 0.83502114 
Car 0.5 3 0 640.73486 176.803 658.341 189.36299 0.5 0.5 0.5 0.5 0.5 0.5 0.5 0.7749322 
Car 0.5 3 0 1025.6494 178.56313 1065.9106 212.48317 0.5 0.5 0.5 0.5 0.5 0.5 0.5 0.7374422 
