Car 0.5 3 0 797.78204 184.45056 1177.7546 371.05475 0.5 0.5 0.5 0.5 0.5 0.5 0.5 0.99756867 
Car 0.5 3 0 0.0 199.28935 192.59831 375.0 0.5 0.5 0.5 0.5 0.5 0.5 0.5 0.9972128 
Car 0.5 3 0 732.9473 182.57047 859.7689 277.499 0.5 0.5 0.5 0.5 0.5 0.5 0.5 0.9931272 
Car 0.5 3 0 183.38582 195.64651 343.00748 297.15408 0.5 0.5 0.5 0.5 0.5 0.5 0.5 0.9911601 
Pedestrian 0.5 3 0 804.6511 154.58876 831.81573 187.46661 0.5 0.5 0.5 0.5 0.5 0.5 0.5 0.9751729 
Car 0.5 3 0 318.0566 176.69627 417.8878 216.05125 0.5 0.5 0.5 0.5 0.5 0.5 0.5 0.9497555 
Car 0.5 3 0 413.58432 179.1698 459.22238 199.27394 0.5 0.5 0.5 0.5 0.5 0.5 0.5 0.90381694 
Pedestrian 0.5 3 0 837.9361 153.4872 862.1029 203.62938 0.5 0.5 0.5 0.5 0.5 0.5 0.5 0.89316094 
Car 0.5 3 0 944.92065 164.91638 991.3173 189.19078 0.5 0.5 0.5 0.5 0.5 0.5 0.5 0.77984923 
Car 0.5 3 0 1032.2427 158.5735 1080.1128 175.4924 0.5 0.5 0.5 0.5 0.5 0.5 0.5 0.74189764 
Car 0.5 3 0 281.50778 182.79263 324.2226 198.94785 0.5 0.5 0.5 0.5 0.5 0.5 0.5 0.6776751 
Car 0.5 3 0 1006.52954 158.79674 1071.3583 178.19743 0.5 0.5 0.5 0.5 0.5 0.5 0.5 0.66695154 
