Car 0.5 3 0 818.5494 201.69212 1211.1432 370.10162 0.5 0.5 0.5 0.5 0.5 0.5 0.5 0.99768925 
Car 0.5 3 0 804.5681 169.36887 882.1283 205.6366 0.5 0.5 0.5 0.5 0.5 0.5 0.5 0.99590355 
Pedestrian 0.5 3 0 876.1941 145.4121 918.36536 217.28859 0.5 0.5 0.5 0.5 0.5 0.5 0.5 0.995248 
Car 0.5 3 0 247.62453 179.12285 372.22385 226.57245 0.5 0.5 0.5 0.5 0.5 0.5 0.5 0.99385273 
Car 0.5 3 0 0.73311985 223.43224 121.00927 365.25278 0.5 0.5 0.5 0.5 0.5 0.5 0.5 0.99380153 
Car 0.5 3 0 100.22528 199.20337 184.67213 231.22888 0.5 0.5 0.5 0.5 0.5 0.5 0.5 0.97903764 
Pedestrian 0.5 3 0 921.03235 145.44829 967.2314 204.27345 0.5 0.5 0.5 0.5 0.5 0.5 0.5 0.95806617 
Car 0.5 3 0 1150.6149 158.97343 1240.6675 181.7227 0.5 0.5 0.5 0.5 0.5 0.5 0.5 0.9510267 
Car 0.5 3 0 217.85355 186.3932 268.0797 211.7812 0.5 0.5 0.5 0.5 0.5 0.5 0.5 0.93970865 
Car 0.5 3 0 69.647194 208.04579 146.83989 239.38782 0.5 0.5 0.5 0.5 0.5 0.5 0.5 0.880668 
Car 0.5 3 0 368.6514 188.17625 387.64523 206.39328 0.5 0.5 0.5 0.5 0.5 0.5 0.5 0.82958966 
Car 0.5 3 0 366.10187 179.71835 426.44937 203.54214 0.5 0.5 0.5 0.5 0.5 0.5 0.5 0.52943116 
