Car 0.5 3 0 254.74236 194.28043 400.23123 277.54697 0.5 0.5 0.5 0.5 0.5 0.5 0.5 0.9933177 
Car 0.5 3 0 799.215 156.68228 916.0813 198.34521 0.5 0.5 0.5 0.5 0.5 0.5 0.5 0.9902131 
Car 0.5 3 0 465.53775 185.50089 503.88834 220.00238 0.5 0.5 0.5 0.5 0.5 0.5 0.5 0.9901334 
Car 0.5 3 0 494.03775 182.34842 531.5708 211.0917 0.5 0.5 0.5 0.5 0.5 0.5 0.5 0.98203367 
Car 0.5 3 0 379.15778 191.1431 447.94992 243.92114 0.5 0.5 0.5 0.5 0.5 0.5 0.5 0.9750495 
Car 0.5 3 0 431.6568 188.14311 480.55872 231.9185 0.5 0.5 0.5 0.5 0.5 0.5 0.5 0.9656455 
Car 0.5 3 0 773.2972 159.43163 820.9732 193.24567 0.5 0.5 0.5 0.5 0.5 0.5 0.5 0.95089084 
Car 0.5 3 0 612.84644 172.7577 630.27264 186.8548 0.5 0.5 0.5 0.5 0.5 0.5 0.5 0.9465192 
Car 0.5 3 0 1051.1176 141.71169 1115.7413 175.45604 0.5 0.5 0.5 0.5 0.5 0.5 0.5 0.91109014 
Car 0.5 3 0 641.25793 174.84633 664.39307 196.08618 0.5 0.5 0.5 0.5 0.5 0.5 0.5 0.910687 
Car 0.5 3 0 1093.6294 137.47491 1178.5067 175.52419 0.5 0.5 0.5 0.5 0.5 0.5 0.5 0.90389925 
Car 0.5 3 0 763.52765 155.19405 865.998 194.10065 0.5 0.5 0.5 0.5 0.5 0.5 0.5 0.87871933 
Car 0.5 3 0 657.2843 174.28035 695.17236 205.34525 0.5 0.5 0.5 0.5 0.5 0.5 0.5 0.8780619 
Car 0.5 3 0 742.5707 163.10228 793.6189 192.2712 0.5 0.5 0.5 0.5 0.5 0.5 0.5 0.6855503 
Car 0.5 3 0 799.01086 155.32117 857.20447 186.5959 0.5 0.5 0.5 0.5 0.5 0.5 0.5 0.6770181 
Car 0.5 3 0 1166.3055 129.98549 1239.4543 173.96236 0.5 0.5 0.5 0.5 0.5 0.5 0.5 0.67580575 
Car 0.5 3 0 653.19305 174.53903 669.6795 200.56593 0.5 0.5 0.5 0.5 0.5 0.5 0.5 0.6650814 
Car 0.5 3 0 1083.0647 144.16039 1131.1411 174.61638 0.5 0.5 0.5 0.5 0.5 0.5 0.5 0.64661133 
Car 0.5 3 0 530.97675 177.77888 557.69116 200.08806 0.5 0.5 0.5 0.5 0.5 0.5 0.5 0.63375807 
