Pedestrian 0.5 3 0 988.68524 131.30151 1051.9272 295.35663 0.5 0.5 0.5 0.5 0.5 0.5 0.5 0.99788386 
Car 0.5 3 0 845.743 170.10657 932.38574 209.49469 0.5 0.5 0.5 0.5 0.5 0.5 0.5 0.9964882 
Car 0.5 3 0 2.5344179 205.93587 117.29398 244.37585 0.5 0.5 0.5 0.5 0.5 0.5 0.5 0.9903769 
Pedestrian 0.5 3 0 1049.4889 130.08154 1119.0067 300.75854 0.5 0.5 0.5 0.5 0.5 0.5 0.5 0.9902795 
Car 0.5 3 0 188.38069 179.77122 330.1169 237.67249 0.5 0.5 0.5 0.5 0.5 0.5 0.5 0.9873274 
Car 0.5 3 0 0.16542149 223.74983 46.233673 270.60995 0.5 0.5 0.5 0.5 0.5 0.5 0.5 0.9860453 
Car 0.5 3 0 1014.48816 290.9793 1241.144 372.5673 0.5 0.5 0.5 0.5 0.5 0.5 0.5 0.9690586 
Car 0.5 3 0 950.42316 174.48647 995.4352 205.85992 0.5 0.5 0.5 0.5 0.5 0.5 0.5 0.9383467 
Car 0.5 3 0 108.55486 193.7337 164.72408 221.78337 0.5 0.5 0.5 0.5 0.5 0.5 0.5 0.9021683 
Car 0.5 3 0 331.4778 191.251 363.02634 210.61473 0.5 0.5 0.5 0.5 0.5 0.5 0.5 0.8963291 
Car 0.5 3 0 334.49298 179.42412 410.63913 210.49084 0.5 0.5 0.5 0.5 0.5 0.5 0.5 0.87056136 
Car 0.5 3 0 160.89706 189.59329 217.76175 219.20163 0.5 0.5 0.5 0.5 0.5 0.5 0.5 0.79773736 
Car 0.5 3 0 1110.3042 164.50829 1164.0616 189.48839 0.5 0.5 0.5 0.5 0.5 0.5 0.5 0.7693407 
