Car 0.5 3 0 272.76572 194.28941 401.32407 287.5372 0.5 0.5 0.5 0.5 0.5 0.5 0.5 0.9971607 
Car 0.5 3 0 229.40245 180.30917 331.97705 228.3021 0.5 0.5 0.5 0.5 0.5 0.5 0.5 0.9935028 
Pedestrian 0.5 3 0 875.7069 160.19357 915.04816 267.54175 0.5 0.5 0.5 0.5 0.5 0.5 0.5 0.99081004 
Car 0.5 3 0 627.2238 174.54956 722.3999 204.4853 0.5 0.5 0.5 0.5 0.5 0.5 0.5 0.98252827 
Car 0.5 3 0 136.33115 179.68675 188.05373 216.689 0.5 0.5 0.5 0.5 0.5 0.5 0.5 0.9323464 
Car 0.5 3 0 489.45715 178.36963 576.5325 211.65045 0.5 0.5 0.5 0.5 0.5 0.5 0.5 0.9272428 
Car 0.5 3 0 539.30206 177.29587 577.8695 209.75092 0.5 0.5 0.5 0.5 0.5 0.5 0.5 0.91174656 
Car 0.5 3 0 482.5134 190.73856 517.65985 212.18784 0.5 0.5 0.5 0.5 0.5 0.5 0.5 0.8873595 
Pedestrian 0.5 3 0 389.25092 182.62563 399.006 206.687 0.5 0.5 0.5 0.5 0.5 0.5 0.5 0.71244407 
Car 0.5 3 0 174.49731 172.88875 225.50941 209.76122 0.5 0.5 0.5 0.5 0.5 0.5 0.5 0.53365 
Pedestrian 0.5 3 0 400.14417 188.58424 408.88144 204.8611 0.5 0.5 0.5 0.5 0.5 0.5 0.5 0.5249972 
