Car 0.5 3 0 59.119293 198.4197 347.9454 353.34396 0.5 0.5 0.5 0.5 0.5 0.5 0.5 0.9987301 
Car 0.5 3 0 796.74725 188.22272 1009.2217 309.9317 0.5 0.5 0.5 0.5 0.5 0.5 0.5 0.9966209 
Car 0.5 3 0 969.76624 209.49976 1242.0 371.32355 0.5 0.5 0.5 0.5 0.5 0.5 0.5 0.9964251 
Car 0.5 3 0 327.75256 190.06364 444.33694 264.87625 0.5 0.5 0.5 0.5 0.5 0.5 0.5 0.990973 
Car 0.5 3 0 732.106 181.45816 839.73395 254.1205 0.5 0.5 0.5 0.5 0.5 0.5 0.5 0.9909418 
Car 0.5 3 0 576.3122 173.04805 621.65173 189.20468 0.5 0.5 0.5 0.5 0.5 0.5 0.5 0.9884865 
Car 0.5 3 0 506.85413 179.46747 548.6369 209.19708 0.5 0.5 0.5 0.5 0.5 0.5 0.5 0.98524773 
Car 0.5 3 0 419.13226 186.92972 486.54236 238.43112 0.5 0.5 0.5 0.5 0.5 0.5 0.5 0.9766892 
Car 0.5 3 0 698.9297 176.8786 735.8758 218.66998 0.5 0.5 0.5 0.5 0.5 0.5 0.5 0.97536963 
Car 0.5 3 0 708.89404 179.35854 766.69104 230.70619 0.5 0.5 0.5 0.5 0.5 0.5 0.5 0.9744933 
Car 0.5 3 0 1084.347 173.76125 1190.1853 216.92108 0.5 0.5 0.5 0.5 0.5 0.5 0.5 0.9729023 
Car 0.5 3 0 685.15094 175.88272 712.82336 210.98306 0.5 0.5 0.5 0.5 0.5 0.5 0.5 0.94883245 
Car 0.5 3 0 536.8193 177.57574 560.56836 204.20932 0.5 0.5 0.5 0.5 0.5 0.5 0.5 0.9293978 
Car 0.5 3 0 997.0198 170.27208 1079.9508 210.80995 0.5 0.5 0.5 0.5 0.5 0.5 0.5 0.8455446 
Car 0.5 3 0 926.14136 176.07341 994.45685 204.6326 0.5 0.5 0.5 0.5 0.5 0.5 0.5 0.77815074 
Car 0.5 3 0 696.79535 177.16216 716.393 215.52528 0.5 0.5 0.5 0.5 0.5 0.5 0.5 0.6909887 
Car 0.5 3 0 1040.9661 170.53023 1085.1084 209.31651 0.5 0.5 0.5 0.5 0.5 0.5 0.5 0.5457096 
