Car 0.5 3 0 2.5936143 199.41608 253.05995 343.56284 0.5 0.5 0.5 0.5 0.5 0.5 0.5 0.9954205 
Car 0.5 3 0 447.4284 184.4181 518.947 233.59047 0.5 0.5 0.5 0.5 0.5 0.5 0.5 0.9922414 
Car 0.5 3 0 711.8883 165.44688 812.99744 202.15742 0.5 0.5 0.5 0.5 0.5 0.5 0.5 0.99117786 
Car 0.5 3 0 505.53513 182.85179 538.15625 216.26706 0.5 0.5 0.5 0.5 0.5 0.5 0.5 0.987767 
Car 0.5 3 0 626.9285 178.23824 664.4006 205.1915 0.5 0.5 0.5 0.5 0.5 0.5 0.5 0.9690411 
Car 0.5 3 0 326.7387 193.87912 412.62698 244.92332 0.5 0.5 0.5 0.5 0.5 0.5 0.5 0.90506583 
Car 0.5 3 0 577.10504 175.74303 591.87244 189.10637 0.5 0.5 0.5 0.5 0.5 0.5 0.5 0.73262495 
Car 0.5 3 0 840.408 158.92735 881.38684 177.84306 0.5 0.5 0.5 0.5 0.5 0.5 0.5 0.66624427 
Car 0.5 3 0 860.12555 155.88063 905.3643 179.2077 0.5 0.5 0.5 0.5 0.5 0.5 0.5 0.6543361 
Car 0.5 3 0 444.48148 188.77194 467.84073 216.86235 0.5 0.5 0.5 0.5 0.5 0.5 0.5 0.6343232 
Car 0.5 3 0 603.2916 176.02727 631.18427 192.22208 0.5 0.5 0.5 0.5 0.5 0.5 0.5 0.6288053 
Car 0.5 3 0 711.6511 164.46608 754.70685 191.97693 0.5 0.5 0.5 0.5 0.5 0.5 0.5 0.56819874 
Car 0.5 3 0 925.61273 147.98808 954.8647 175.97571 0.5 0.5 0.5 0.5 0.5 0.5 0.5 0.544408 
Car 0.5 3 0 675.3436 169.02058 696.10065 182.74213 0.5 0.5 0.5 0.5 0.5 0.5 0.5 0.5135672 
