Car 0.5 3 0 371.42612 193.77643 448.24417 244.50185 0.5 0.5 0.5 0.5 0.5 0.5 0.5 0.9963857 
Car 0.5 3 0 434.54495 190.34843 481.829 230.89719 0.5 0.5 0.5 0.5 0.5 0.5 0.5 0.99340516 
Car 0.5 3 0 17.686356 204.83418 115.2012 243.78099 0.5 0.5 0.5 0.5 0.5 0.5 0.5 0.9676344 
Car 0.5 3 0 1049.6823 135.39114 1164.5602 180.10854 0.5 0.5 0.5 0.5 0.5 0.5 0.5 0.9612224 
Car 0.5 3 0 661.70337 173.7392 721.57587 221.43546 0.5 0.5 0.5 0.5 0.5 0.5 0.5 0.92217475 
Car 0.5 3 0 466.95197 180.78001 508.20703 216.04857 0.5 0.5 0.5 0.5 0.5 0.5 0.5 0.9200342 
Car 0.5 3 0 627.3758 175.67686 646.2375 191.93245 0.5 0.5 0.5 0.5 0.5 0.5 0.5 0.90485924 
Car 0.5 3 0 534.4472 180.41106 555.00995 195.91997 0.5 0.5 0.5 0.5 0.5 0.5 0.5 0.9005138 
Car 0.5 3 0 120.968056 204.18384 183.6329 239.52556 0.5 0.5 0.5 0.5 0.5 0.5 0.5 0.82725304 
Car 0.5 3 0 0.12513551 209.75885 41.13346 241.75815 0.5 0.5 0.5 0.5 0.5 0.5 0.5 0.80493677 
Car 0.5 3 0 513.99023 182.62341 534.2291 206.17369 0.5 0.5 0.5 0.5 0.5 0.5 0.5 0.7782114 
Car 0.5 3 0 569.8374 176.62112 589.89294 192.31972 0.5 0.5 0.5 0.5 0.5 0.5 0.5 0.76662636 
Car 0.5 3 0 504.2983 181.95827 520.4406 209.64919 0.5 0.5 0.5 0.5 0.5 0.5 0.5 0.7224712 
Car 0.5 3 0 1218.939 147.0977 1241.5774 171.34375 0.5 0.5 0.5 0.5 0.5 0.5 0.5 0.5583868 
Car 0.5 3 0 596.003 174.7968 610.3294 185.49377 0.5 0.5 0.5 0.5 0.5 0.5 0.5 0.5576276 
