Car 0.5 3 0 376.16388 188.61147 468.25357 263.73578 0.5 0.5 0.5 0.5 0.5 0.5 0.5 0.9896421 
Car 0.5 3 0 259.02222 201.44547 405.59302 310.66092 0.5 0.5 0.5 0.5 0.5 0.5 0.5 0.98797077 
Car 0.5 3 0 545.5624 179.85011 585.7699 204.75328 0.5 0.5 0.5 0.5 0.5 0.5 0.5 0.98530257 
Car 0.5 3 0 2.0206645 189.40909 283.83194 371.14764 0.5 0.5 0.5 0.5 0.5 0.5 0.5 0.98499507 
Car 0.5 3 0 715.0693 179.95323 739.37964 221.19612 0.5 0.5 0.5 0.5 0.5 0.5 0.5 0.95273536 
Car 0.5 3 0 689.4028 176.8806 709.73566 201.22368 0.5 0.5 0.5 0.5 0.5 0.5 0.5 0.9348189 
Car 0.5 3 0 604.65796 178.1184 626.4064 191.3994 0.5 0.5 0.5 0.5 0.5 0.5 0.5 0.91625845 
Car 0.5 3 0 723.66754 173.73709 818.6463 240.99205 0.5 0.5 0.5 0.5 0.5 0.5 0.5 0.90276104 
Car 0.5 3 0 576.2167 178.09142 595.26874 200.45107 0.5 0.5 0.5 0.5 0.5 0.5 0.5 0.8947571 
Car 0.5 3 0 587.5603 179.68388 602.57886 197.86131 0.5 0.5 0.5 0.5 0.5 0.5 0.5 0.8923237 
Car 0.5 3 0 702.37146 178.66423 732.9212 210.82492 0.5 0.5 0.5 0.5 0.5 0.5 0.5 0.7491422 
Car 0.5 3 0 699.1576 177.75479 717.5608 207.35109 0.5 0.5 0.5 0.5 0.5 0.5 0.5 0.7373021 
Car 0.5 3 0 0.06591411 179.60297 31.700647 212.16605 0.5 0.5 0.5 0.5 0.5 0.5 0.5 0.67591786 
Car 0.5 3 0 722.453 178.04791 746.77234 225.6447 0.5 0.5 0.5 0.5 0.5 0.5 0.5 0.58099306 
Car 0.5 3 0 610.5133 175.41676 633.4594 189.94595 0.5 0.5 0.5 0.5 0.5 0.5 0.5 0.50569135 
