Car 0.5 3 0 760.817 194.69963 870.0462 269.0633 0.5 0.5 0.5 0.5 0.5 0.5 0.5 0.99637336 
Car 0.5 3 0 491.26086 188.03514 547.67163 225.73862 0.5 0.5 0.5 0.5 0.5 0.5 0.5 0.99522 
Car 0.5 3 0 1.2108327 235.12209 89.92972 374.1259 0.5 0.5 0.5 0.5 0.5 0.5 0.5 0.9945226 
Car 0.5 3 0 727.82825 184.4622 803.4988 244.52643 0.5 0.5 0.5 0.5 0.5 0.5 0.5 0.9878516 
Car 0.5 3 0 575.2937 183.99577 605.4266 202.17307 0.5 0.5 0.5 0.5 0.5 0.5 0.5 0.96721673 
Car 0.5 3 0 538.11475 187.04636 559.69464 215.96053 0.5 0.5 0.5 0.5 0.5 0.5 0.5 0.9636148 
Car 0.5 3 0 709.71423 186.04706 745.87317 226.61821 0.5 0.5 0.5 0.5 0.5 0.5 0.5 0.962376 
Car 0.5 3 0 686.29535 182.82721 711.2651 212.6076 0.5 0.5 0.5 0.5 0.5 0.5 0.5 0.959561 
Car 0.5 3 0 646.53204 179.22435 682.83057 193.65154 0.5 0.5 0.5 0.5 0.5 0.5 0.5 0.9247195 
Car 0.5 3 0 555.48395 188.63332 572.9196 211.95262 0.5 0.5 0.5 0.5 0.5 0.5 0.5 0.8792714 
Car 0.5 3 0 700.4502 183.8578 726.4845 217.4855 0.5 0.5 0.5 0.5 0.5 0.5 0.5 0.8048238 
Car 0.5 3 0 694.9825 184.19385 716.91064 216.02608 0.5 0.5 0.5 0.5 0.5 0.5 0.5 0.7895078 
Car 0.5 3 0 658.9896 180.52338 680.00696 192.1609 0.5 0.5 0.5 0.5 0.5 0.5 0.5 0.68429774 
Car 0.5 3 0 645.88806 181.16747 662.71625 193.04121 0.5 0.5 0.5 0.5 0.5 0.5 0.5 0.6623096 
Car 0.5 3 0 817.6242 168.21568 1233.8542 364.45447 0.5 0.5 0.5 0.5 0.5 0.5 0.5 0.50035745 
