Car 0.5 3 0 512.2537 179.21744 551.1103 209.59525 0.5 0.5 0.5 0.5 0.5 0.5 0.5 0.9926979 
Car 0.5 3 0 691.40405 164.4942 779.36865 193.34515 0.5 0.5 0.5 0.5 0.5 0.5 0.5 0.98924494 
Car 0.5 3 0 990.451 254.30475 1240.7965 374.13077 0.5 0.5 0.5 0.5 0.5 0.5 0.5 0.986666 
Car 0.5 3 0 124.10164 182.19043 340.5835 300.16718 0.5 0.5 0.5 0.5 0.5 0.5 0.5 0.98026454 
Car 0.5 3 0 325.87595 183.55318 414.54364 249.14807 0.5 0.5 0.5 0.5 0.5 0.5 0.5 0.9787239 
Car 0.5 3 0 627.47217 175.28151 659.9526 196.92238 0.5 0.5 0.5 0.5 0.5 0.5 0.5 0.9779911 
Car 0.5 3 0 484.40265 180.48668 516.5728 206.43626 0.5 0.5 0.5 0.5 0.5 0.5 0.5 0.97769916 
Car 0.5 3 0 418.06863 182.94957 474.98932 221.96587 0.5 0.5 0.5 0.5 0.5 0.5 0.5 0.93207014 
Car 0.5 3 0 1147.9917 148.14363 1242.0 184.97287 0.5 0.5 0.5 0.5 0.5 0.5 0.5 0.9254306 
Car 0.5 3 0 546.1452 177.92944 564.5089 200.22757 0.5 0.5 0.5 0.5 0.5 0.5 0.5 0.920289 
Car 0.5 3 0 1051.7706 159.7839 1132.6075 184.4816 0.5 0.5 0.5 0.5 0.5 0.5 0.5 0.875564 
Car 0.5 3 0 775.4544 159.73483 819.671 177.08173 0.5 0.5 0.5 0.5 0.5 0.5 0.5 0.7880743 
Car 0.5 3 0 829.52264 158.82439 852.76013 176.99982 0.5 0.5 0.5 0.5 0.5 0.5 0.5 0.5375378 
Car 0.5 3 0 584.80133 173.35437 598.2911 185.26842 0.5 0.5 0.5 0.5 0.5 0.5 0.5 0.5300621 
