Car 0.5 3 0 204.50304 198.39816 364.16565 285.9137 0.5 0.5 0.5 0.5 0.5 0.5 0.5 0.9919092 
Car 0.5 3 0 349.35468 192.64832 437.0443 250.7495 0.5 0.5 0.5 0.5 0.5 0.5 0.5 0.9910772 
Car 0.5 3 0 688.8717 177.20381 784.55084 246.8312 0.5 0.5 0.5 0.5 0.5 0.5 0.5 0.99084735 
Car 0.5 3 0 634.0653 175.74875 655.1501 192.49947 0.5 0.5 0.5 0.5 0.5 0.5 0.5 0.97161263 
Car 0.5 3 0 558.2312 176.25552 584.18164 196.0359 0.5 0.5 0.5 0.5 0.5 0.5 0.5 0.96008044 
Car 0.5 3 0 527.07227 180.25908 550.8759 198.49025 0.5 0.5 0.5 0.5 0.5 0.5 0.5 0.9322759 
Car 0.5 3 0 499.25543 180.83316 525.44836 208.7469 0.5 0.5 0.5 0.5 0.5 0.5 0.5 0.9157781 
Car 0.5 3 0 424.07874 178.66968 480.80435 226.02698 0.5 0.5 0.5 0.5 0.5 0.5 0.5 0.913164 
Car 0.5 3 0 471.08112 180.25848 502.50494 216.02449 0.5 0.5 0.5 0.5 0.5 0.5 0.5 0.907189 
Car 0.5 3 0 678.0706 166.60019 741.859 190.85004 0.5 0.5 0.5 0.5 0.5 0.5 0.5 0.8746719 
Car 0.5 3 0 597.30444 174.40157 609.85 185.45863 0.5 0.5 0.5 0.5 0.5 0.5 0.5 0.7193064 
