Car 0.5 3 0 315.29938 189.92361 442.18878 273.33014 0.5 0.5 0.5 0.5 0.5 0.5 0.5 0.9955314 
Car 0.5 3 0 496.44186 175.8037 575.523 206.03053 0.5 0.5 0.5 0.5 0.5 0.5 0.5 0.9805875 
Car 0.5 3 0 150.81572 181.21681 230.23286 221.44695 0.5 0.5 0.5 0.5 0.5 0.5 0.5 0.9737762 
Pedestrian 0.5 3 0 743.7275 171.10875 771.4085 232.72835 0.5 0.5 0.5 0.5 0.5 0.5 0.5 0.96708393 
Car 0.5 3 0 623.6111 174.57112 702.7317 200.19037 0.5 0.5 0.5 0.5 0.5 0.5 0.5 0.96158457 
Car 0.5 3 0 537.6161 177.45703 575.7925 204.11378 0.5 0.5 0.5 0.5 0.5 0.5 0.5 0.9464181 
Car 0.5 3 0 311.72177 175.56233 345.131 207.29591 0.5 0.5 0.5 0.5 0.5 0.5 0.5 0.8038658 
Car 0.5 3 0 497.16263 182.59375 537.51794 205.49365 0.5 0.5 0.5 0.5 0.5 0.5 0.5 0.67772347 
Pedestrian 0.5 3 0 516.7433 172.93323 542.38513 214.60278 0.5 0.5 0.5 0.5 0.5 0.5 0.5 0.63370705 
Pedestrian 0.5 3 0 740.77747 174.36107 753.8798 220.21281 0.5 0.5 0.5 0.5 0.5 0.5 0.5 0.52103937 
