Car 0.5 3 0 0.35042703 229.75124 109.72756 373.37784 0.5 0.5 0.5 0.5 0.5 0.5 0.5 0.99720204 
Car 0.5 3 0 1002.6434 141.37943 1238.0773 233.3963 0.5 0.5 0.5 0.5 0.5 0.5 0.5 0.9966294 
Car 0.5 3 0 290.55347 197.60368 406.16565 267.0757 0.5 0.5 0.5 0.5 0.5 0.5 0.5 0.9956143 
Car 0.5 3 0 399.4444 190.60619 471.0041 238.32176 0.5 0.5 0.5 0.5 0.5 0.5 0.5 0.99432796 
Car 0.5 3 0 893.3547 152.2352 1012.83344 216.75183 0.5 0.5 0.5 0.5 0.5 0.5 0.5 0.9915987 
Car 0.5 3 0 91.89336 210.41345 299.47968 326.70364 0.5 0.5 0.5 0.5 0.5 0.5 0.5 0.9900718 
Car 0.5 3 0 696.90405 177.72426 785.00024 236.68929 0.5 0.5 0.5 0.5 0.5 0.5 0.5 0.9898169 
Car 0.5 3 0 832.8876 158.17143 938.675 212.65248 0.5 0.5 0.5 0.5 0.5 0.5 0.5 0.98189294 
Car 0.5 3 0 677.8347 177.2271 727.54694 227.35193 0.5 0.5 0.5 0.5 0.5 0.5 0.5 0.97308886 
Car 0.5 3 0 970.11676 140.97585 1109.9027 219.72618 0.5 0.5 0.5 0.5 0.5 0.5 0.5 0.96805364 
Car 0.5 3 0 639.9362 177.34813 665.7613 201.2613 0.5 0.5 0.5 0.5 0.5 0.5 0.5 0.9632907 
Car 0.5 3 0 658.44257 178.17473 690.83014 211.41087 0.5 0.5 0.5 0.5 0.5 0.5 0.5 0.95057225 
Car 0.5 3 0 589.8361 173.07683 617.4111 191.05356 0.5 0.5 0.5 0.5 0.5 0.5 0.5 0.9324031 
Car 0.5 3 0 492.6955 183.30582 527.2647 213.77234 0.5 0.5 0.5 0.5 0.5 0.5 0.5 0.88736683 
Car 0.5 3 0 457.38437 186.53691 494.87222 224.56734 0.5 0.5 0.5 0.5 0.5 0.5 0.5 0.85501754 
Car 0.5 3 0 649.8614 178.36777 668.5488 207.04718 0.5 0.5 0.5 0.5 0.5 0.5 0.5 0.81815743 
Car 0.5 3 0 520.9332 180.96552 550.46436 201.99588 0.5 0.5 0.5 0.5 0.5 0.5 0.5 0.7189479 
Car 0.5 3 0 283.49472 193.47116 305.66818 224.65092 0.5 0.5 0.5 0.5 0.5 0.5 0.5 0.6214751 
Car 0.5 3 0 449.40988 191.66763 473.116 230.0751 0.5 0.5 0.5 0.5 0.5 0.5 0.5 0.56428105 
