Car 0.5 3 0 0.49704462 209.39418 261.59106 363.01758 0.5 0.5 0.5 0.5 0.5 0.5 0.5 0.99848396 
Car 0.5 3 0 1004.19 238.40062 1241.1465 374.90906 0.5 0.5 0.5 0.5 0.5 0.5 0.5 0.99631727 
Car 0.5 3 0 738.7735 183.87296 894.7912 279.23386 0.5 0.5 0.5 0.5 0.5 0.5 0.5 0.9955509 
Car 0.5 3 0 696.747 179.79605 769.56104 243.64268 0.5 0.5 0.5 0.5 0.5 0.5 0.5 0.9951079 
Car 0.5 3 0 663.52594 176.76791 719.42236 217.67027 0.5 0.5 0.5 0.5 0.5 0.5 0.5 0.9949221 
Car 0.5 3 0 320.05603 187.77576 440.3311 253.31862 0.5 0.5 0.5 0.5 0.5 0.5 0.5 0.9914048 
Car 0.5 3 0 458.47653 177.42311 519.2116 212.92479 0.5 0.5 0.5 0.5 0.5 0.5 0.5 0.9775327 
Car 0.5 3 0 53.424145 191.14932 144.11455 223.48979 0.5 0.5 0.5 0.5 0.5 0.5 0.5 0.84090316 
Car 0.5 3 0 511.76047 176.59761 532.85455 204.5814 0.5 0.5 0.5 0.5 0.5 0.5 0.5 0.71491176 
Pedestrian 0.5 3 0 28.309072 183.13142 70.99677 239.1098 0.5 0.5 0.5 0.5 0.5 0.5 0.5 0.6798525 
Car 0.5 3 0 129.22325 189.74525 195.6388 207.71115 0.5 0.5 0.5 0.5 0.5 0.5 0.5 0.6632663 
Car 0.5 3 0 499.67676 176.37325 521.783 206.41739 0.5 0.5 0.5 0.5 0.5 0.5 0.5 0.56631815 
Car 0.5 3 0 18.18651 189.59113 71.97881 237.24692 0.5 0.5 0.5 0.5 0.5 0.5 0.5 0.55848575 
Car 0.5 3 0 658.6102 175.21664 680.74207 209.85304 0.5 0.5 0.5 0.5 0.5 0.5 0.5 0.5396318 
Car 0.5 3 0 208.47267 183.1084 251.68436 193.66922 0.5 0.5 0.5 0.5 0.5 0.5 0.5 0.53932595 
