Car 0.5 3 0 30.291359 205.92389 285.01743 327.08084 0.5 0.5 0.5 0.5 0.5 0.5 0.5 0.99773455 
Car 0.5 3 0 688.6237 180.1034 787.1658 244.67639 0.5 0.5 0.5 0.5 0.5 0.5 0.5 0.99470794 
Car 0.5 3 0 1030.892 160.58102 1240.9625 277.01407 0.5 0.5 0.5 0.5 0.5 0.5 0.5 0.9945682 
Car 0.5 3 0 450.89478 183.14392 503.3019 216.33936 0.5 0.5 0.5 0.5 0.5 0.5 0.5 0.98959935 
Car 0.5 3 0 935.75476 137.24348 1216.2523 252.17125 0.5 0.5 0.5 0.5 0.5 0.5 0.5 0.97748655 
Car 0.5 3 0 833.4997 157.84625 1007.93524 224.18535 0.5 0.5 0.5 0.5 0.5 0.5 0.5 0.9735624 
Car 0.5 3 0 360.9524 185.00365 445.7931 243.39613 0.5 0.5 0.5 0.5 0.5 0.5 0.5 0.95531994 
Car 0.5 3 0 490.76007 182.0276 515.22864 209.76817 0.5 0.5 0.5 0.5 0.5 0.5 0.5 0.9423205 
Car 0.5 3 0 517.8203 180.61714 534.53143 202.74803 0.5 0.5 0.5 0.5 0.5 0.5 0.5 0.93187857 
Car 0.5 3 0 529.2332 179.8494 546.0671 197.54404 0.5 0.5 0.5 0.5 0.5 0.5 0.5 0.78369117 
Car 0.5 3 0 605.3151 172.6373 622.02716 186.22832 0.5 0.5 0.5 0.5 0.5 0.5 0.5 0.71637404 
Car 0.5 3 0 307.7884 201.18675 391.88947 258.91544 0.5 0.5 0.5 0.5 0.5 0.5 0.5 0.5908679 
Car 0.5 3 0 713.191 164.01318 767.3829 185.21014 0.5 0.5 0.5 0.5 0.5 0.5 0.5 0.5450767 
