Pedestrian 0.5 3 0 1050.6884 127.27316 1126.9003 312.06497 0.5 0.5 0.5 0.5 0.5 0.5 0.5 0.99545896 
Car 0.5 3 0 837.64325 170.20842 946.9382 211.52528 0.5 0.5 0.5 0.5 0.5 0.5 0.5 0.9931132 
Pedestrian 0.5 3 0 1120.2592 121.60065 1212.816 319.5386 0.5 0.5 0.5 0.5 0.5 0.5 0.5 0.9929802 
Car 0.5 3 0 314.70148 194.27254 349.73718 214.55264 0.5 0.5 0.5 0.5 0.5 0.5 0.5 0.98608464 
Car 0.5 3 0 961.86926 164.6246 1061.7983 206.87537 0.5 0.5 0.5 0.5 0.5 0.5 0.5 0.98486197 
Car 0.5 3 0 163.98273 182.28964 313.13983 242.56102 0.5 0.5 0.5 0.5 0.5 0.5 0.5 0.97659713 
Car 0.5 3 0 1.9306418 209.6336 90.73088 251.70244 0.5 0.5 0.5 0.5 0.5 0.5 0.5 0.97170144 
Car 0.5 3 0 85.09129 197.36455 145.8433 224.55338 0.5 0.5 0.5 0.5 0.5 0.5 0.5 0.95467675 
Car 0.5 3 0 151.81429 193.66884 199.01369 218.53995 0.5 0.5 0.5 0.5 0.5 0.5 0.5 0.848207 
Pedestrian 0.5 3 0 1190.7817 142.37766 1226.4495 185.41817 0.5 0.5 0.5 0.5 0.5 0.5 0.5 0.77100086 
Car 0.5 3 0 331.3867 183.64485 395.01517 206.944 0.5 0.5 0.5 0.5 0.5 0.5 0.5 0.64729387 
Cyclist 0.5 3 0 765.6444 178.82033 809.237 208.04265 0.5 0.5 0.5 0.5 0.5 0.5 0.5 0.603688 
Car 0.5 3 0 1188.6117 151.68454 1242.0 185.3306 0.5 0.5 0.5 0.5 0.5 0.5 0.5 0.51210755 
