Car 0.5 3 0 0.120383434 222.7407 160.24539 368.93945 0.5 0.5 0.5 0.5 0.5 0.5 0.5 0.9973295 
Car 0.5 3 0 1060.2822 131.74977 1236.6311 276.39578 0.5 0.5 0.5 0.5 0.5 0.5 0.5 0.99467695 
Car 0.5 3 0 896.0869 151.33669 1131.8522 230.26991 0.5 0.5 0.5 0.5 0.5 0.5 0.5 0.9946695 
Car 0.5 3 0 433.86157 183.58487 495.4118 220.79688 0.5 0.5 0.5 0.5 0.5 0.5 0.5 0.99347234 
Car 0.5 3 0 715.21436 179.6317 847.00256 264.9866 0.5 0.5 0.5 0.5 0.5 0.5 0.5 0.9869676 
Car 0.5 3 0 480.79996 181.45877 510.13956 212.449 0.5 0.5 0.5 0.5 0.5 0.5 0.5 0.96798784 
Car 0.5 3 0 512.97894 179.91699 534.96063 203.90753 0.5 0.5 0.5 0.5 0.5 0.5 0.5 0.95349795 
Car 0.5 3 0 734.22314 160.6537 805.29 185.92253 0.5 0.5 0.5 0.5 0.5 0.5 0.5 0.90712005 
Car 0.5 3 0 313.6933 185.88176 422.7885 255.44354 0.5 0.5 0.5 0.5 0.5 0.5 0.5 0.8832268 
Car 0.5 3 0 611.78033 171.69637 627.72705 184.81764 0.5 0.5 0.5 0.5 0.5 0.5 0.5 0.875335 
Car 0.5 3 0 528.3219 178.42426 548.4083 197.6339 0.5 0.5 0.5 0.5 0.5 0.5 0.5 0.8736064 
Car 0.5 3 0 1123.6938 144.90573 1176.1395 175.3948 0.5 0.5 0.5 0.5 0.5 0.5 0.5 0.7221362 
Car 0.5 3 0 232.9689 210.61296 346.66608 279.47827 0.5 0.5 0.5 0.5 0.5 0.5 0.5 0.6797183 
Car 0.5 3 0 636.03345 172.46375 651.20856 189.86935 0.5 0.5 0.5 0.5 0.5 0.5 0.5 0.61944777 
Car 0.5 3 0 520.703 178.87462 541.59973 199.63571 0.5 0.5 0.5 0.5 0.5 0.5 0.5 0.56589293 
Car 0.5 3 0 505.15958 180.3887 528.67755 207.1881 0.5 0.5 0.5 0.5 0.5 0.5 0.5 0.50689673 
