Car 0.5 3 0 455.0201 187.38698 524.94977 231.76549 0.5 0.5 0.5 0.5 0.5 0.5 0.5 0.9940778 
Car 0.5 3 0 726.7371 184.8813 783.21893 240.65567 0.5 0.5 0.5 0.5 0.5 0.5 0.5 0.9904393 
Car 0.5 3 0 755.2109 184.29173 872.6734 264.76794 0.5 0.5 0.5 0.5 0.5 0.5 0.5 0.98768216 
Car 0.5 3 0 819.8074 203.29887 1070.478 333.78613 0.5 0.5 0.5 0.5 0.5 0.5 0.5 0.9834262 
Car 0.5 3 0 688.5337 179.43797 715.6791 212.47574 0.5 0.5 0.5 0.5 0.5 0.5 0.5 0.97736084 
Car 0.5 3 0 512.2835 184.44191 545.634 219.83134 0.5 0.5 0.5 0.5 0.5 0.5 0.5 0.9752111 
Car 0.5 3 0 706.6655 183.20044 744.5446 223.09264 0.5 0.5 0.5 0.5 0.5 0.5 0.5 0.95934385 
Car 0.5 3 0 563.29236 180.0737 592.3389 201.36725 0.5 0.5 0.5 0.5 0.5 0.5 0.5 0.94788563 
Car 0.5 3 0 933.7441 177.25815 988.4537 202.90222 0.5 0.5 0.5 0.5 0.5 0.5 0.5 0.888207 
Car 0.5 3 0 671.75323 178.78816 691.0819 190.81923 0.5 0.5 0.5 0.5 0.5 0.5 0.5 0.76288223 
Car 0.5 3 0 538.15497 187.60223 559.2577 212.95557 0.5 0.5 0.5 0.5 0.5 0.5 0.5 0.76251984 
Car 0.5 3 0 824.84485 205.21114 1206.8683 368.20624 0.5 0.5 0.5 0.5 0.5 0.5 0.5 0.74455 
Car 0.5 3 0 723.1281 185.8458 754.7074 230.82774 0.5 0.5 0.5 0.5 0.5 0.5 0.5 0.6904821 
Car 0.5 3 0 1019.6631 206.70056 1242.0 372.37207 0.5 0.5 0.5 0.5 0.5 0.5 0.5 0.6867007 
Car 0.5 3 0 523.25916 184.37648 557.5776 214.4929 0.5 0.5 0.5 0.5 0.5 0.5 0.5 0.58565664 
Car 0.5 3 0 700.4419 180.94958 727.00494 217.44322 0.5 0.5 0.5 0.5 0.5 0.5 0.5 0.5748987 
Car 0.5 3 0 583.8214 181.14018 596.5398 198.44548 0.5 0.5 0.5 0.5 0.5 0.5 0.5 0.5077294 
