Car 0.5 3 0 808.6583 165.58495 991.7122 223.99864 0.5 0.5 0.5 0.5 0.5 0.5 0.5 0.9975337 
Car 0.5 3 0 0.0 214.48024 329.94745 371.49905 0.5 0.5 0.5 0.5 0.5 0.5 0.5 0.99312323 
Car 0.5 3 0 311.2929 195.39725 452.45334 295.32074 0.5 0.5 0.5 0.5 0.5 0.5 0.5 0.98488206 
Car 0.5 3 0 745.9442 166.01299 828.47437 208.00813 0.5 0.5 0.5 0.5 0.5 0.5 0.5 0.98096585 
Car 0.5 3 0 653.2278 181.04646 702.4481 221.77757 0.5 0.5 0.5 0.5 0.5 0.5 0.5 0.9655487 
Car 0.5 3 0 483.12003 184.48741 518.02313 208.69627 0.5 0.5 0.5 0.5 0.5 0.5 0.5 0.96215236 
Car 0.5 3 0 946.1505 157.44418 1013.8168 185.53065 0.5 0.5 0.5 0.5 0.5 0.5 0.5 0.8906182 
Car 0.5 3 0 522.4984 182.31363 543.52655 201.24255 0.5 0.5 0.5 0.5 0.5 0.5 0.5 0.8394797 
Car 0.5 3 0 592.19934 176.9872 607.75867 189.36646 0.5 0.5 0.5 0.5 0.5 0.5 0.5 0.80667627 
Car 0.5 3 0 786.1374 164.48688 853.2623 216.79514 0.5 0.5 0.5 0.5 0.5 0.5 0.5 0.8052755 
Car 0.5 3 0 745.94904 158.51433 944.8651 212.81053 0.5 0.5 0.5 0.5 0.5 0.5 0.5 0.772897 
Car 0.5 3 0 705.4339 169.42268 745.0511 189.20332 0.5 0.5 0.5 0.5 0.5 0.5 0.5 0.66862965 
Car 0.5 3 0 937.37573 158.66692 983.80865 178.58784 0.5 0.5 0.5 0.5 0.5 0.5 0.5 0.6647173 
Car 0.5 3 0 1103.9808 140.47379 1186.4387 182.26758 0.5 0.5 0.5 0.5 0.5 0.5 0.5 0.60625046 
Car 0.5 3 0 508.60455 183.69249 524.71985 206.0016 0.5 0.5 0.5 0.5 0.5 0.5 0.5 0.596224 
Car 0.5 3 0 433.2819 184.8944 481.85953 225.25597 0.5 0.5 0.5 0.5 0.5 0.5 0.5 0.57117116 
Car 0.5 3 0 618.7293 176.9756 653.95044 196.06506 0.5 0.5 0.5 0.5 0.5 0.5 0.5 0.55340147 
