Car 0.5 3 0 189.87329 200.92383 416.32767 338.6217 0.5 0.5 0.5 0.5 0.5 0.5 0.5 0.996278 
Car 0.5 3 0 838.60126 169.81622 1042.0652 231.32805 0.5 0.5 0.5 0.5 0.5 0.5 0.5 0.9958027 
Car 0.5 3 0 0.0 265.68005 164.38596 373.6844 0.5 0.5 0.5 0.5 0.5 0.5 0.5 0.9942971 
Car 0.5 3 0 758.09155 167.92937 847.1506 212.85687 0.5 0.5 0.5 0.5 0.5 0.5 0.5 0.9837884 
Car 0.5 3 0 658.0935 183.03336 715.5503 226.68144 0.5 0.5 0.5 0.5 0.5 0.5 0.5 0.98022664 
Car 0.5 3 0 478.9218 186.35622 515.63885 212.67737 0.5 0.5 0.5 0.5 0.5 0.5 0.5 0.98012954 
Car 0.5 3 0 807.2641 157.08054 977.9419 220.9407 0.5 0.5 0.5 0.5 0.5 0.5 0.5 0.896375 
Car 0.5 3 0 1001.3527 152.97314 1086.9229 188.12567 0.5 0.5 0.5 0.5 0.5 0.5 0.5 0.85177284 
Car 0.5 3 0 519.13116 183.02184 540.5433 204.94096 0.5 0.5 0.5 0.5 0.5 0.5 0.5 0.8386671 
Car 0.5 3 0 596.9243 177.9098 612.1085 190.96475 0.5 0.5 0.5 0.5 0.5 0.5 0.5 0.8143917 
Car 0.5 3 0 1086.1866 150.62671 1124.639 188.04027 0.5 0.5 0.5 0.5 0.5 0.5 0.5 0.7970362 
Car 0.5 3 0 336.6897 196.67668 408.92834 230.77185 0.5 0.5 0.5 0.5 0.5 0.5 0.5 0.7967934 
Car 0.5 3 0 505.73508 185.43498 524.23395 209.15428 0.5 0.5 0.5 0.5 0.5 0.5 0.5 0.79189837 
Car 0.5 3 0 403.8241 198.3162 452.31732 234.11559 0.5 0.5 0.5 0.5 0.5 0.5 0.5 0.77974033 
Car 0.5 3 0 420.8509 187.93137 474.18427 229.99954 0.5 0.5 0.5 0.5 0.5 0.5 0.5 0.74484074 
Car 0.5 3 0 622.42664 179.71587 657.7189 199.0331 0.5 0.5 0.5 0.5 0.5 0.5 0.5 0.70926666 
Car 0.5 3 0 701.9792 170.66414 753.872 191.35652 0.5 0.5 0.5 0.5 0.5 0.5 0.5 0.6138746 
Car 0.5 3 0 994.9221 157.37262 1051.3539 183.52277 0.5 0.5 0.5 0.5 0.5 0.5 0.5 0.5264144 
