Car 0.5 3 0 1053.7794 156.8997 1237.5574 235.00937 0.5 0.5 0.5 0.5 0.5 0.5 0.5 0.9976006 
Car 0.5 3 0 382.89633 182.09354 438.73962 219.54506 0.5 0.5 0.5 0.5 0.5 0.5 0.5 0.9940216 
Car 0.5 3 0 483.25162 189.77254 611.3556 263.10388 0.5 0.5 0.5 0.5 0.5 0.5 0.5 0.99310404 
Car 0.5 3 0 0.0 219.06349 78.04381 359.42926 0.5 0.5 0.5 0.5 0.5 0.5 0.5 0.991084 
Car 0.5 3 0 4.1652813 204.57071 129.33675 297.11847 0.5 0.5 0.5 0.5 0.5 0.5 0.5 0.9904117 
Car 0.5 3 0 187.62271 183.76552 235.80844 216.05502 0.5 0.5 0.5 0.5 0.5 0.5 0.5 0.9877593 
Car 0.5 3 0 629.76575 145.84396 1012.58295 351.8826 0.5 0.5 0.5 0.5 0.5 0.5 0.5 0.98464566 
Car 0.5 3 0 369.23648 180.15265 405.0022 212.57455 0.5 0.5 0.5 0.5 0.5 0.5 0.5 0.9791606 
Car 0.5 3 0 986.00946 159.54146 1038.3512 219.65375 0.5 0.5 0.5 0.5 0.5 0.5 0.5 0.9692376 
Car 0.5 3 0 560.87244 168.45604 649.3754 201.18884 0.5 0.5 0.5 0.5 0.5 0.5 0.5 0.9476187 
Car 0.5 3 0 350.25473 176.4671 373.42465 195.5212 0.5 0.5 0.5 0.5 0.5 0.5 0.5 0.94125724 
Car 0.5 3 0 226.17827 182.58264 255.98907 207.18237 0.5 0.5 0.5 0.5 0.5 0.5 0.5 0.92385477 
Car 0.5 3 0 301.4772 179.91455 316.49332 189.22258 0.5 0.5 0.5 0.5 0.5 0.5 0.5 0.89105225 
Car 0.5 3 0 269.90402 181.40942 291.71878 195.36008 0.5 0.5 0.5 0.5 0.5 0.5 0.5 0.8845659 
Car 0.5 3 0 241.46408 182.34506 257.64844 204.18835 0.5 0.5 0.5 0.5 0.5 0.5 0.5 0.7715411 
Car 0.5 3 0 1170.3955 149.79944 1241.4398 198.05951 0.5 0.5 0.5 0.5 0.5 0.5 0.5 0.67430866 
Car 0.5 3 0 220.77243 183.89548 244.55075 211.14694 0.5 0.5 0.5 0.5 0.5 0.5 0.5 0.62487465 
Car 0.5 3 0 285.44028 180.56613 300.47568 191.85786 0.5 0.5 0.5 0.5 0.5 0.5 0.5 0.6108543 
Car 0.5 3 0 1023.0271 162.45255 1071.777 209.54222 0.5 0.5 0.5 0.5 0.5 0.5 0.5 0.5287268 
