Car 0.5 3 0 726.7331 183.7245 839.68787 272.74683 0.5 0.5 0.5 0.5 0.5 0.5 0.5 0.99635625 
Car 0.5 3 0 781.5025 187.38747 1087.0876 360.10803 0.5 0.5 0.5 0.5 0.5 0.5 0.5 0.9961009 
Car 0.5 3 0 0.7070314 202.40959 235.6714 368.49252 0.5 0.5 0.5 0.5 0.5 0.5 0.5 0.99589384 
Car 0.5 3 0 220.73128 196.11115 357.05542 286.5 0.5 0.5 0.5 0.5 0.5 0.5 0.5 0.98354685 
Car 0.5 3 0 1006.0125 276.97064 1238.8763 372.00296 0.5 0.5 0.5 0.5 0.5 0.5 0.5 0.9808919 
Car 0.5 3 0 331.30084 177.88098 427.05164 217.82016 0.5 0.5 0.5 0.5 0.5 0.5 0.5 0.9530982 
Pedestrian 0.5 3 0 796.731 156.39539 822.6298 187.9058 0.5 0.5 0.5 0.5 0.5 0.5 0.5 0.95229506 
Pedestrian 0.5 3 0 827.5723 153.78009 850.4489 202.8705 0.5 0.5 0.5 0.5 0.5 0.5 0.5 0.93930155 
Car 0.5 3 0 1023.95233 161.1362 1058.2092 178.59573 0.5 0.5 0.5 0.5 0.5 0.5 0.5 0.8261857 
Car 0.5 3 0 990.0878 160.48038 1058.0209 189.07846 0.5 0.5 0.5 0.5 0.5 0.5 0.5 0.72630286 
Car 0.5 3 0 931.0117 167.94038 971.8083 188.40482 0.5 0.5 0.5 0.5 0.5 0.5 0.5 0.67662066 
