Car 0.5 3 0 796.6004 181.23065 1194.2452 366.84625 0.5 0.5 0.5 0.5 0.5 0.5 0.5 0.996798 
Car 0.5 3 0 289.74973 195.16277 409.37073 269.69003 0.5 0.5 0.5 0.5 0.5 0.5 0.5 0.9964992 
Car 0.5 3 0 729.7432 178.65244 844.9784 271.81458 0.5 0.5 0.5 0.5 0.5 0.5 0.5 0.99087197 
Car 0.5 3 0 515.39655 178.74104 542.66003 202.49983 0.5 0.5 0.5 0.5 0.5 0.5 0.5 0.9451649 
Car 0.5 3 0 274.9239 193.31645 304.22208 217.03195 0.5 0.5 0.5 0.5 0.5 0.5 0.5 0.92328405 
Car 0.5 3 0 476.96182 184.89438 516.74756 211.74094 0.5 0.5 0.5 0.5 0.5 0.5 0.5 0.92252254 
Car 0.5 3 0 637.97504 176.76395 675.5881 202.03691 0.5 0.5 0.5 0.5 0.5 0.5 0.5 0.9203533 
Car 0.5 3 0 579.28296 175.85207 616.79694 193.20045 0.5 0.5 0.5 0.5 0.5 0.5 0.5 0.900567 
Car 0.5 3 0 665.74426 166.85555 696.7455 180.66864 0.5 0.5 0.5 0.5 0.5 0.5 0.5 0.84675384 
Car 0.5 3 0 302.95416 192.49458 338.59976 220.2527 0.5 0.5 0.5 0.5 0.5 0.5 0.5 0.83963287 
Car 0.5 3 0 504.3393 184.08412 525.98627 207.56458 0.5 0.5 0.5 0.5 0.5 0.5 0.5 0.8128311 
Car 0.5 3 0 623.1081 174.4211 638.5647 187.5073 0.5 0.5 0.5 0.5 0.5 0.5 0.5 0.80212027 
Car 0.5 3 0 548.44403 180.53575 563.3625 192.57404 0.5 0.5 0.5 0.5 0.5 0.5 0.5 0.8014652 
Car 0.5 3 0 595.1814 175.29764 618.28864 191.30759 0.5 0.5 0.5 0.5 0.5 0.5 0.5 0.68897426 
