Car 0.5 3 0 338.40366 191.29678 446.15683 252.08621 0.5 0.5 0.5 0.5 0.5 0.5 0.5 0.99503326 
Car 0.5 3 0 725.3341 179.02267 859.0457 261.2954 0.5 0.5 0.5 0.5 0.5 0.5 0.5 0.9949838 
Car 0.5 3 0 1000.7081 147.73857 1189.0101 233.2882 0.5 0.5 0.5 0.5 0.5 0.5 0.5 0.9933897 
Car 0.5 3 0 694.8954 176.06723 761.47327 242.30553 0.5 0.5 0.5 0.5 0.5 0.5 0.5 0.99286133 
Car 0.5 3 0 0.0 226.55147 115.24349 367.07623 0.5 0.5 0.5 0.5 0.5 0.5 0.5 0.99253285 
Car 0.5 3 0 1123.2443 135.48203 1238.487 248.4124 0.5 0.5 0.5 0.5 0.5 0.5 0.5 0.9895802 
Car 0.5 3 0 126.49011 203.21132 345.76733 306.56854 0.5 0.5 0.5 0.5 0.5 0.5 0.5 0.98933685 
Car 0.5 3 0 670.1694 178.55507 709.6871 216.31886 0.5 0.5 0.5 0.5 0.5 0.5 0.5 0.98741674 
Car 0.5 3 0 645.3084 176.72443 670.2378 202.40863 0.5 0.5 0.5 0.5 0.5 0.5 0.5 0.9726418 
Car 0.5 3 0 429.8955 186.90175 479.1369 231.52835 0.5 0.5 0.5 0.5 0.5 0.5 0.5 0.96691406 
Car 0.5 3 0 577.0174 174.4964 611.3758 192.17331 0.5 0.5 0.5 0.5 0.5 0.5 0.5 0.96483797 
Car 0.5 3 0 478.6649 184.48933 517.81586 215.24707 0.5 0.5 0.5 0.5 0.5 0.5 0.5 0.9533028 
Car 0.5 3 0 516.44244 179.95975 549.3488 201.65488 0.5 0.5 0.5 0.5 0.5 0.5 0.5 0.94971913 
Car 0.5 3 0 963.88 156.62883 1061.1829 219.11668 0.5 0.5 0.5 0.5 0.5 0.5 0.5 0.9300307 
Car 0.5 3 0 656.8848 178.48349 675.4345 209.72353 0.5 0.5 0.5 0.5 0.5 0.5 0.5 0.86030227 
Car 0.5 3 0 206.38353 189.6292 241.55345 206.30688 0.5 0.5 0.5 0.5 0.5 0.5 0.5 0.7128558 
Car 0.5 3 0 693.2264 183.89326 714.0648 231.04448 0.5 0.5 0.5 0.5 0.5 0.5 0.5 0.66723925 
