Car 0.5 3 0 748.8793 185.75143 883.3666 272.08246 0.5 0.5 0.5 0.5 0.5 0.5 0.5 0.9966774 
Car 0.5 3 0 718.00366 179.1126 789.65826 238.61942 0.5 0.5 0.5 0.5 0.5 0.5 0.5 0.98745525 
Car 0.5 3 0 967.98047 170.39314 1154.6282 215.85867 0.5 0.5 0.5 0.5 0.5 0.5 0.5 0.98637575 
Car 0.5 3 0 479.09265 181.43553 537.41046 223.34103 0.5 0.5 0.5 0.5 0.5 0.5 0.5 0.98541534 
Car 0.5 3 0 1087.2627 171.33682 1242.0 239.06104 0.5 0.5 0.5 0.5 0.5 0.5 0.5 0.96794343 
Car 0.5 3 0 550.5571 180.35286 578.5497 205.30666 0.5 0.5 0.5 0.5 0.5 0.5 0.5 0.9500937 
Car 0.5 3 0 684.9234 172.66602 715.4436 198.13272 0.5 0.5 0.5 0.5 0.5 0.5 0.5 0.9435574 
Car 0.5 3 0 520.63275 179.87856 557.61975 214.09138 0.5 0.5 0.5 0.5 0.5 0.5 0.5 0.9405275 
Car 0.5 3 0 637.54175 176.44559 653.22217 186.24797 0.5 0.5 0.5 0.5 0.5 0.5 0.5 0.9281056 
Car 0.5 3 0 601.65076 176.48279 623.86163 192.32463 0.5 0.5 0.5 0.5 0.5 0.5 0.5 0.89539623 
Car 0.5 3 0 547.622 182.08543 567.4001 208.48895 0.5 0.5 0.5 0.5 0.5 0.5 0.5 0.82084495 
Car 0.5 3 0 1210.7633 179.45087 1242.0 232.3641 0.5 0.5 0.5 0.5 0.5 0.5 0.5 0.74690086 
Car 0.5 3 0 619.90985 176.61952 633.7281 189.17407 0.5 0.5 0.5 0.5 0.5 0.5 0.5 0.718439 
Car 0.5 3 0 713.8812 178.90584 742.85205 199.975 0.5 0.5 0.5 0.5 0.5 0.5 0.5 0.6657621 
Car 0.5 3 0 711.63165 180.13948 743.83704 232.65681 0.5 0.5 0.5 0.5 0.5 0.5 0.5 0.65223247 
Car 0.5 3 0 609.671 176.21498 630.83075 190.63454 0.5 0.5 0.5 0.5 0.5 0.5 0.5 0.5445263 
