Car 0.5 3 0 825.5465 169.39203 1017.1494 227.78209 0.5 0.5 0.5 0.5 0.5 0.5 0.5 0.9979771 
Car 0.5 3 0 1.8760906 226.83322 264.16727 374.7602 0.5 0.5 0.5 0.5 0.5 0.5 0.5 0.9973694 
Car 0.5 3 0 253.10158 199.7145 436.75937 315.8046 0.5 0.5 0.5 0.5 0.5 0.5 0.5 0.9914466 
Car 0.5 3 0 656.12335 182.35237 709.64307 223.1482 0.5 0.5 0.5 0.5 0.5 0.5 0.5 0.98166484 
Car 0.5 3 0 482.38007 185.58653 514.16565 211.10712 0.5 0.5 0.5 0.5 0.5 0.5 0.5 0.9792656 
Car 0.5 3 0 754.795 165.76283 837.9661 208.53976 0.5 0.5 0.5 0.5 0.5 0.5 0.5 0.9769778 
Car 0.5 3 0 798.5167 160.09656 952.3365 217.55548 0.5 0.5 0.5 0.5 0.5 0.5 0.5 0.9514491 
Car 0.5 3 0 692.7954 170.03688 749.5769 191.35176 0.5 0.5 0.5 0.5 0.5 0.5 0.5 0.93140966 
Car 0.5 3 0 1102.4708 140.47142 1157.5498 185.34079 0.5 0.5 0.5 0.5 0.5 0.5 0.5 0.85960424 
Car 0.5 3 0 507.17072 183.98404 525.5258 207.19337 0.5 0.5 0.5 0.5 0.5 0.5 0.5 0.84928054 
Car 0.5 3 0 1067.3213 150.65674 1102.7865 186.34152 0.5 0.5 0.5 0.5 0.5 0.5 0.5 0.84807134 
Car 0.5 3 0 520.12384 183.63434 539.5442 203.884 0.5 0.5 0.5 0.5 0.5 0.5 0.5 0.8348003 
Pedestrian 0.5 3 0 0.0 265.3498 45.263012 346.32468 0.5 0.5 0.5 0.5 0.5 0.5 0.5 0.7708764 
Car 0.5 3 0 595.16815 177.4075 610.37695 190.18877 0.5 0.5 0.5 0.5 0.5 0.5 0.5 0.7636108 
Car 0.5 3 0 982.8816 158.15282 1034.9906 184.28372 0.5 0.5 0.5 0.5 0.5 0.5 0.5 0.7324505 
Car 0.5 3 0 1008.6298 152.28229 1070.8501 186.63734 0.5 0.5 0.5 0.5 0.5 0.5 0.5 0.66779494 
Car 0.5 3 0 526.22565 183.48933 544.3155 200.63515 0.5 0.5 0.5 0.5 0.5 0.5 0.5 0.5627409 
Car 0.5 3 0 625.50073 179.26624 659.2417 197.54321 0.5 0.5 0.5 0.5 0.5 0.5 0.5 0.54117876 
Car 0.5 3 0 951.25323 160.00854 999.55096 179.90544 0.5 0.5 0.5 0.5 0.5 0.5 0.5 0.5194806 
