Car 0.5 3 0 1.9158987 211.1062 251.5501 353.17258 0.5 0.5 0.5 0.5 0.5 0.5 0.5 0.99838126 
Car 0.5 3 0 700.0908 177.98967 802.2957 250.918 0.5 0.5 0.5 0.5 0.5 0.5 0.5 0.9968213 
Car 0.5 3 0 445.503 182.69249 500.4124 216.59871 0.5 0.5 0.5 0.5 0.5 0.5 0.5 0.995057 
Car 0.5 3 0 1082.6996 168.13307 1242.0 284.5918 0.5 0.5 0.5 0.5 0.5 0.5 0.5 0.9902773 
Car 0.5 3 0 977.6563 135.61491 1236.9888 260.08636 0.5 0.5 0.5 0.5 0.5 0.5 0.5 0.98763627 
Car 0.5 3 0 848.2126 153.68068 1042.9735 226.32541 0.5 0.5 0.5 0.5 0.5 0.5 0.5 0.9809254 
Car 0.5 3 0 487.83652 181.31009 512.77655 210.92366 0.5 0.5 0.5 0.5 0.5 0.5 0.5 0.9691059 
Car 0.5 3 0 344.33954 185.11424 440.6591 245.93744 0.5 0.5 0.5 0.5 0.5 0.5 0.5 0.9617455 
Car 0.5 3 0 515.7688 179.38576 535.55585 202.77104 0.5 0.5 0.5 0.5 0.5 0.5 0.5 0.95798826 
Car 0.5 3 0 287.2411 204.55602 380.46512 263.93967 0.5 0.5 0.5 0.5 0.5 0.5 0.5 0.8799106 
Car 0.5 3 0 529.59406 178.08586 547.652 196.98659 0.5 0.5 0.5 0.5 0.5 0.5 0.5 0.8604001 
Car 0.5 3 0 607.18317 171.34239 624.38574 184.98213 0.5 0.5 0.5 0.5 0.5 0.5 0.5 0.7467547 
Car 0.5 3 0 719.1783 162.34164 782.36597 186.235 0.5 0.5 0.5 0.5 0.5 0.5 0.5 0.6817773 
Car 0.5 3 0 631.80865 173.07845 647.45715 189.86389 0.5 0.5 0.5 0.5 0.5 0.5 0.5 0.619098 
Car 0.5 3 0 557.3143 176.45128 573.0766 190.13309 0.5 0.5 0.5 0.5 0.5 0.5 0.5 0.55155385 
