Car 0.5 3 0 391.79367 185.42422 492.26465 254.21889 0.5 0.5 0.5 0.5 0.5 0.5 0.5 0.99614835 
Car 0.5 3 0 801.63824 191.21124 1087.4723 333.7845 0.5 0.5 0.5 0.5 0.5 0.5 0.5 0.9950246 
Car 0.5 3 0 1022.26196 271.11514 1240.9556 372.87115 0.5 0.5 0.5 0.5 0.5 0.5 0.5 0.99279046 
Car 0.5 3 0 471.13263 184.71875 522.6341 234.76112 0.5 0.5 0.5 0.5 0.5 0.5 0.5 0.98380095 
Car 0.5 3 0 517.4433 184.60518 558.2131 221.51201 0.5 0.5 0.5 0.5 0.5 0.5 0.5 0.969269 
Car 0.5 3 0 588.6835 179.71773 622.48566 198.28293 0.5 0.5 0.5 0.5 0.5 0.5 0.5 0.9483547 
Car 0.5 3 0 629.6739 178.78468 649.0551 190.69109 0.5 0.5 0.5 0.5 0.5 0.5 0.5 0.9197506 
Car 0.5 3 0 283.41962 179.02432 353.96353 203.96945 0.5 0.5 0.5 0.5 0.5 0.5 0.5 0.9046143 
Car 0.5 3 0 693.8798 176.66264 735.49524 209.38301 0.5 0.5 0.5 0.5 0.5 0.5 0.5 0.90073615 
Car 0.5 3 0 613.4525 179.49223 628.9374 194.53587 0.5 0.5 0.5 0.5 0.5 0.5 0.5 0.7548197 
Car 0.5 3 0 82.43654 193.82841 235.56409 239.22803 0.5 0.5 0.5 0.5 0.5 0.5 0.5 0.7050666 
