Car 0.5 3 0 0.082324214 226.97209 225.07376 373.06482 0.5 0.5 0.5 0.5 0.5 0.5 0.5 0.99786526 
Car 0.5 3 0 668.6908 188.99548 741.51416 239.8192 0.5 0.5 0.5 0.5 0.5 0.5 0.5 0.99681735 
Car 0.5 3 0 826.579 177.31044 943.0257 208.76985 0.5 0.5 0.5 0.5 0.5 0.5 0.5 0.9923098 
Car 0.5 3 0 868.7747 220.64264 1235.8802 374.89215 0.5 0.5 0.5 0.5 0.5 0.5 0.5 0.9862868 
Car 0.5 3 0 915.89984 168.28543 1089.4158 225.79446 0.5 0.5 0.5 0.5 0.5 0.5 0.5 0.9853764 
Car 0.5 3 0 652.5414 184.19507 695.2821 223.83554 0.5 0.5 0.5 0.5 0.5 0.5 0.5 0.98092216 
Car 0.5 3 0 502.08383 183.76164 526.3991 212.68007 0.5 0.5 0.5 0.5 0.5 0.5 0.5 0.9737492 
Car 0.5 3 0 466.0769 184.03937 509.85092 217.29613 0.5 0.5 0.5 0.5 0.5 0.5 0.5 0.9628774 
Car 0.5 3 0 528.95325 183.86461 544.99023 205.28607 0.5 0.5 0.5 0.5 0.5 0.5 0.5 0.94958806 
Car 0.5 3 0 638.29376 180.08661 661.4235 198.71042 0.5 0.5 0.5 0.5 0.5 0.5 0.5 0.91196215 
Car 0.5 3 0 564.06586 181.36865 585.7349 195.53194 0.5 0.5 0.5 0.5 0.5 0.5 0.5 0.90065056 
Car 0.5 3 0 523.3767 184.75111 539.7306 207.70317 0.5 0.5 0.5 0.5 0.5 0.5 0.5 0.83169633 
Car 0.5 3 0 597.82825 180.31525 611.9652 189.82045 0.5 0.5 0.5 0.5 0.5 0.5 0.5 0.82501376 
Car 0.5 3 0 579.8522 180.75938 593.951 193.74353 0.5 0.5 0.5 0.5 0.5 0.5 0.5 0.6848952 
Car 0.5 3 0 537.2528 180.4551 557.74176 192.2642 0.5 0.5 0.5 0.5 0.5 0.5 0.5 0.6398275 
