Car 0.5 3 0 312.00964 198.83868 433.44223 260.61438 0.5 0.5 0.5 0.5 0.5 0.5 0.5 0.99685234 
Car 0.5 3 0 782.00323 180.97263 882.9768 235.8844 0.5 0.5 0.5 0.5 0.5 0.5 0.5 0.9950034 
Car 0.5 3 0 186.8697 192.19405 254.90138 229.4644 0.5 0.5 0.5 0.5 0.5 0.5 0.5 0.9931185 
Car 0.5 3 0 168.81654 191.6244 215.81412 222.42609 0.5 0.5 0.5 0.5 0.5 0.5 0.5 0.98197895 
Car 0.5 3 0 860.47156 173.37134 995.15247 207.4697 0.5 0.5 0.5 0.5 0.5 0.5 0.5 0.97150505 
Car 0.5 3 0 700.0076 179.03287 765.81384 224.84216 0.5 0.5 0.5 0.5 0.5 0.5 0.5 0.97037876 
Car 0.5 3 0 449.20868 170.33015 699.2392 306.94406 0.5 0.5 0.5 0.5 0.5 0.5 0.5 0.97002 
Car 0.5 3 0 0.0 191.34575 18.270395 221.81847 0.5 0.5 0.5 0.5 0.5 0.5 0.5 0.9638212 
Car 0.5 3 0 388.93033 179.78674 468.79816 211.00143 0.5 0.5 0.5 0.5 0.5 0.5 0.5 0.9594039 
Car 0.5 3 0 138.32127 185.91612 167.09483 208.01569 0.5 0.5 0.5 0.5 0.5 0.5 0.5 0.92082065 
Car 0.5 3 0 31.717709 190.82126 57.19724 205.8637 0.5 0.5 0.5 0.5 0.5 0.5 0.5 0.87187886 
Car 0.5 3 0 68.32208 190.136 88.23419 199.54776 0.5 0.5 0.5 0.5 0.5 0.5 0.5 0.7955252 
Car 0.5 3 0 324.20093 188.3367 389.3836 204.76447 0.5 0.5 0.5 0.5 0.5 0.5 0.5 0.7536151 
Car 0.5 3 0 322.94165 191.7077 364.457 205.0506 0.5 0.5 0.5 0.5 0.5 0.5 0.5 0.5859665 
