Car 0.5 3 0 55.21341 191.60529 294.7558 318.00757 0.5 0.5 0.5 0.5 0.5 0.5 0.5 0.9966143 
Car 0.5 3 0 354.6683 176.99663 410.984 203.00049 0.5 0.5 0.5 0.5 0.5 0.5 0.5 0.994611 
Car 0.5 3 0 803.59033 184.12729 1203.8795 374.51672 0.5 0.5 0.5 0.5 0.5 0.5 0.5 0.99341327 
Car 0.5 3 0 0.0 212.74432 78.92752 368.21533 0.5 0.5 0.5 0.5 0.5 0.5 0.5 0.9931692 
Car 0.5 3 0 468.33765 177.1773 520.2739 205.85919 0.5 0.5 0.5 0.5 0.5 0.5 0.5 0.99126583 
Pedestrian 0.5 3 0 671.2073 169.13217 688.8127 205.68 0.5 0.5 0.5 0.5 0.5 0.5 0.5 0.94546723 
Car 0.5 3 0 555.5737 168.89969 610.50024 193.89566 0.5 0.5 0.5 0.5 0.5 0.5 0.5 0.9356214 
Car 0.5 3 0 663.3512 170.18611 718.5759 191.30032 0.5 0.5 0.5 0.5 0.5 0.5 0.5 0.8963881 
Car 0.5 3 0 180.17117 176.67758 237.92354 194.05228 0.5 0.5 0.5 0.5 0.5 0.5 0.5 0.7950776 
Car 0.5 3 0 118.69895 178.84508 181.2732 204.0321 0.5 0.5 0.5 0.5 0.5 0.5 0.5 0.7842765 
Car 0.5 3 0 655.8754 175.94371 675.5342 189.6895 0.5 0.5 0.5 0.5 0.5 0.5 0.5 0.7490763 
Pedestrian 0.5 3 0 450.77057 176.48146 457.501 193.65448 0.5 0.5 0.5 0.5 0.5 0.5 0.5 0.7158477 
Pedestrian 0.5 3 0 1059.1307 210.88844 1098.7968 246.54622 0.5 0.5 0.5 0.5 0.5 0.5 0.5 0.71573347 
