Car 0.5 3 0 534.45044 184.5587 575.8268 212.43167 0.5 0.5 0.5 0.5 0.5 0.5 0.5 0.9928308 
Car 0.5 3 0 300.42792 195.0687 429.92816 293.03815 0.5 0.5 0.5 0.5 0.5 0.5 0.5 0.99035674 
Car 0.5 3 0 0.0 225.57245 73.28821 374.8272 0.5 0.5 0.5 0.5 0.5 0.5 0.5 0.98840964 
Car 0.5 3 0 54.471004 212.56717 332.6543 370.659 0.5 0.5 0.5 0.5 0.5 0.5 0.5 0.987425 
Car 0.5 3 0 718.68665 187.8159 753.7837 230.9959 0.5 0.5 0.5 0.5 0.5 0.5 0.5 0.97240067 
Car 0.5 3 0 683.6515 183.30202 712.2673 208.0799 0.5 0.5 0.5 0.5 0.5 0.5 0.5 0.9691803 
Car 0.5 3 0 734.62946 176.56775 853.63184 260.63565 0.5 0.5 0.5 0.5 0.5 0.5 0.5 0.93496853 
Car 0.5 3 0 569.60406 184.68146 587.37195 207.34451 0.5 0.5 0.5 0.5 0.5 0.5 0.5 0.9342114 
Car 0.5 3 0 597.15137 182.8736 619.5644 197.95454 0.5 0.5 0.5 0.5 0.5 0.5 0.5 0.91928965 
Car 0.5 3 0 577.5535 184.24586 595.58344 205.35022 0.5 0.5 0.5 0.5 0.5 0.5 0.5 0.9169717 
Car 0.5 3 0 705.0399 184.88495 738.10455 222.07506 0.5 0.5 0.5 0.5 0.5 0.5 0.5 0.8174467 
Car 0.5 3 0 621.1641 181.38937 641.7174 192.16563 0.5 0.5 0.5 0.5 0.5 0.5 0.5 0.7918237 
Car 0.5 3 0 704.5814 185.23216 721.88354 219.84163 0.5 0.5 0.5 0.5 0.5 0.5 0.5 0.7155019 
Car 0.5 3 0 606.8863 181.35118 623.9524 196.26451 0.5 0.5 0.5 0.5 0.5 0.5 0.5 0.61832494 
Car 0.5 3 0 699.6976 183.89575 717.59235 213.82262 0.5 0.5 0.5 0.5 0.5 0.5 0.5 0.5872623 
Pedestrian 0.5 3 0 192.23709 229.89233 219.68552 258.22876 0.5 0.5 0.5 0.5 0.5 0.5 0.5 0.51492935 
