Car 0.5 3 0 392.3561 180.66713 475.87677 236.11304 0.5 0.5 0.5 0.5 0.5 0.5 0.5 0.99695396 
Car 0.5 3 0 890.73224 203.54889 1240.7625 372.4869 0.5 0.5 0.5 0.5 0.5 0.5 0.5 0.99585426 
Car 0.5 3 0 458.1727 178.22237 505.82324 220.9149 0.5 0.5 0.5 0.5 0.5 0.5 0.5 0.9920021 
Car 0.5 3 0 722.41345 181.76897 819.07513 250.33382 0.5 0.5 0.5 0.5 0.5 0.5 0.5 0.98675066 
Car 0.5 3 0 772.3501 186.70657 965.38306 303.073 0.5 0.5 0.5 0.5 0.5 0.5 0.5 0.98660547 
Car 0.5 3 0 0.5462643 224.29956 176.36948 372.15356 0.5 0.5 0.5 0.5 0.5 0.5 0.5 0.98358685 
Car 0.5 3 0 548.06946 174.76013 586.0726 190.41072 0.5 0.5 0.5 0.5 0.5 0.5 0.5 0.9785801 
Car 0.5 3 0 706.1655 180.86815 766.8243 224.70474 0.5 0.5 0.5 0.5 0.5 0.5 0.5 0.93539256 
Car 0.5 3 0 707.5054 178.58527 733.57446 225.67001 0.5 0.5 0.5 0.5 0.5 0.5 0.5 0.8371794 
Car 0.5 3 0 632.50433 174.36273 668.89856 189.04103 0.5 0.5 0.5 0.5 0.5 0.5 0.5 0.81978136 
Car 0.5 3 0 1072.4265 171.81633 1234.68 210.30315 0.5 0.5 0.5 0.5 0.5 0.5 0.5 0.67001414 
Car 0.5 3 0 710.137 171.39915 732.4276 190.96243 0.5 0.5 0.5 0.5 0.5 0.5 0.5 0.6092028 
