Car 0.5 3 0 130.61487 191.12784 338.20898 306.84274 0.5 0.5 0.5 0.5 0.5 0.5 0.5 0.9943727 
Car 0.5 3 0 811.0817 191.43056 1241.718 371.73056 0.5 0.5 0.5 0.5 0.5 0.5 0.5 0.99424464 
Car 0.5 3 0 476.5638 176.18962 529.53906 199.90506 0.5 0.5 0.5 0.5 0.5 0.5 0.5 0.9931346 
Car 0.5 3 0 321.04935 184.38107 420.55887 258.05618 0.5 0.5 0.5 0.5 0.5 0.5 0.5 0.98790854 
Car 0.5 3 0 743.7181 182.33989 890.763 279.05417 0.5 0.5 0.5 0.5 0.5 0.5 0.5 0.98434144 
Car 0.5 3 0 591.096 174.34166 636.1056 192.53304 0.5 0.5 0.5 0.5 0.5 0.5 0.5 0.97914207 
Car 0.5 3 0 418.22037 179.95338 443.2628 195.20879 0.5 0.5 0.5 0.5 0.5 0.5 0.5 0.96452045 
Pedestrian 0.5 3 0 669.4086 171.56839 685.13055 201.45497 0.5 0.5 0.5 0.5 0.5 0.5 0.5 0.93751085 
Car 0.5 3 0 635.70764 165.68814 663.574 188.71443 0.5 0.5 0.5 0.5 0.5 0.5 0.5 0.7757233 
Car 0.5 3 0 279.50113 175.51999 323.8206 193.32266 0.5 0.5 0.5 0.5 0.5 0.5 0.5 0.55262303 
