Car 0.5 3 0 526.29016 174.57854 569.34064 202.83716 0.5 0.5 0.5 0.5 0.5 0.5 0.5 0.99536234 
Car 0.5 3 0 2.710337 212.03038 254.91653 373.36572 0.5 0.5 0.5 0.5 0.5 0.5 0.5 0.99140054 
Car 0.5 3 0 221.54811 187.65147 394.98663 312.15454 0.5 0.5 0.5 0.5 0.5 0.5 0.5 0.98440623 
Car 0.5 3 0 725.2563 178.49945 768.3734 225.83632 0.5 0.5 0.5 0.5 0.5 0.5 0.5 0.9826346 
Car 0.5 3 0 708.4166 174.02078 758.0057 215.32396 0.5 0.5 0.5 0.5 0.5 0.5 0.5 0.97006196 
Car 0.5 3 0 592.3585 172.13373 616.208 187.24384 0.5 0.5 0.5 0.5 0.5 0.5 0.5 0.9531782 
Car 0.5 3 0 561.76843 173.52063 579.53687 197.50104 0.5 0.5 0.5 0.5 0.5 0.5 0.5 0.9520834 
Car 0.5 3 0 686.66455 170.42168 711.6209 197.05928 0.5 0.5 0.5 0.5 0.5 0.5 0.5 0.92878306 
Car 0.5 3 0 620.4636 168.85114 648.38196 180.2937 0.5 0.5 0.5 0.5 0.5 0.5 0.5 0.91935766 
Car 0.5 3 0 749.9747 165.38248 886.9146 261.46445 0.5 0.5 0.5 0.5 0.5 0.5 0.5 0.8889047 
Car 0.5 3 0 571.98645 173.56473 589.0197 194.96654 0.5 0.5 0.5 0.5 0.5 0.5 0.5 0.88028026 
Car 0.5 3 0 703.6426 173.16382 727.5347 207.84853 0.5 0.5 0.5 0.5 0.5 0.5 0.5 0.8232329 
Car 0.5 3 0 700.0106 173.3624 718.26117 202.98041 0.5 0.5 0.5 0.5 0.5 0.5 0.5 0.6723787 
