Car 0.5 3 0 0.16320361 211.47687 41.711586 253.91306 0.5 0.5 0.5 0.5 0.5 0.5 0.5 0.99463767 
Car 0.5 3 0 851.83563 169.00252 950.7412 215.27466 0.5 0.5 0.5 0.5 0.5 0.5 0.5 0.9938083 
Car 0.5 3 0 995.9997 161.09665 1146.1079 208.73933 0.5 0.5 0.5 0.5 0.5 0.5 0.5 0.99022806 
Pedestrian 0.5 3 0 1164.981 118.43282 1240.739 346.69922 0.5 0.5 0.5 0.5 0.5 0.5 0.5 0.98503083 
Car 0.5 3 0 286.09613 191.31383 330.94608 216.48337 0.5 0.5 0.5 0.5 0.5 0.5 0.5 0.9514796 
Car 0.5 3 0 1129.1958 161.64359 1175.7179 226.1256 0.5 0.5 0.5 0.5 0.5 0.5 0.5 0.9506306 
Car 0.5 3 0 119.284195 183.69925 288.65756 247.0568 0.5 0.5 0.5 0.5 0.5 0.5 0.5 0.9475807 
Car 0.5 3 0 52.10964 198.53922 111.12076 226.08398 0.5 0.5 0.5 0.5 0.5 0.5 0.5 0.92619723 
Car 0.5 3 0 310.28256 181.51476 380.1595 205.39812 0.5 0.5 0.5 0.5 0.5 0.5 0.5 0.8585843 
Cyclist 0.5 3 0 771.2099 177.63275 819.47736 209.37013 0.5 0.5 0.5 0.5 0.5 0.5 0.5 0.5899502 
