Car 0.5 3 0 1015.58234 148.80804 1239.5131 257.29657 0.5 0.5 0.5 0.5 0.5 0.5 0.5 0.9983126 
Car 0.5 3 0 764.3586 185.23405 1013.87195 324.6385 0.5 0.5 0.5 0.5 0.5 0.5 0.5 0.997903 
Car 0.5 3 0 405.75018 186.03232 480.47836 232.26523 0.5 0.5 0.5 0.5 0.5 0.5 0.5 0.99671704 
Car 0.5 3 0 464.1244 184.58932 501.43826 218.65996 0.5 0.5 0.5 0.5 0.5 0.5 0.5 0.9894063 
Car 0.5 3 0 506.14215 181.26208 531.8949 208.86066 0.5 0.5 0.5 0.5 0.5 0.5 0.5 0.95557207 
Car 0.5 3 0 993.6094 147.20898 1112.7108 183.24902 0.5 0.5 0.5 0.5 0.5 0.5 0.5 0.95515555 
Car 0.5 3 0 764.5403 162.4359 842.0521 192.51363 0.5 0.5 0.5 0.5 0.5 0.5 0.5 0.9525765 
Car 0.5 3 0 194.78116 188.1454 372.13007 289.6866 0.5 0.5 0.5 0.5 0.5 0.5 0.5 0.95118034 
Car 0.5 3 0 965.756 152.28708 1016.8448 178.96361 0.5 0.5 0.5 0.5 0.5 0.5 0.5 0.94789726 
Car 0.5 3 0 523.5455 179.36018 548.70264 202.33295 0.5 0.5 0.5 0.5 0.5 0.5 0.5 0.90185016 
Car 0.5 3 0 18.299143 230.31209 232.59212 329.77634 0.5 0.5 0.5 0.5 0.5 0.5 0.5 0.8284251 
Car 0.5 3 0 616.80035 172.92291 634.7628 186.90666 0.5 0.5 0.5 0.5 0.5 0.5 0.5 0.82839257 
Car 0.5 3 0 493.037 182.10739 517.4126 213.10298 0.5 0.5 0.5 0.5 0.5 0.5 0.5 0.81850576 
Car 0.5 3 0 978.9663 153.70909 1036.1808 180.22823 0.5 0.5 0.5 0.5 0.5 0.5 0.5 0.8043811 
Car 0.5 3 0 648.2984 174.5273 677.2115 198.27136 0.5 0.5 0.5 0.5 0.5 0.5 0.5 0.69943094 
Car 0.5 3 0 641.6406 175.16673 659.50085 192.52621 0.5 0.5 0.5 0.5 0.5 0.5 0.5 0.65417314 
Car 0.5 3 0 561.01086 176.79903 577.7622 191.71266 0.5 0.5 0.5 0.5 0.5 0.5 0.5 0.5112402 
