Car 0.5 3 0 797.998 185.3612 1075.0087 339.6532 0.5 0.5 0.5 0.5 0.5 0.5 0.5 0.9959637 
Car 0.5 3 0 1001.71185 241.75226 1241.3517 373.6486 0.5 0.5 0.5 0.5 0.5 0.5 0.5 0.99580115 
Car 0.5 3 0 361.4892 178.51361 459.41714 241.47307 0.5 0.5 0.5 0.5 0.5 0.5 0.5 0.99482745 
Car 0.5 3 0 729.736 181.70761 856.621 263.136 0.5 0.5 0.5 0.5 0.5 0.5 0.5 0.9909272 
Car 0.5 3 0 438.0548 177.53316 495.07883 224.82838 0.5 0.5 0.5 0.5 0.5 0.5 0.5 0.9902294 
Car 0.5 3 0 713.04645 179.33452 786.3794 230.43811 0.5 0.5 0.5 0.5 0.5 0.5 0.5 0.9899828 
Car 0.5 3 0 526.4892 174.27878 561.55133 189.36894 0.5 0.5 0.5 0.5 0.5 0.5 0.5 0.98617935 
Car 0.5 3 0 627.25024 173.38051 662.9894 187.73402 0.5 0.5 0.5 0.5 0.5 0.5 0.5 0.91071504 
Car 0.5 3 0 480.41644 173.43755 510.41013 191.61221 0.5 0.5 0.5 0.5 0.5 0.5 0.5 0.7663422 
Pedestrian 0.5 3 0 668.94275 172.77638 678.8001 195.26758 0.5 0.5 0.5 0.5 0.5 0.5 0.5 0.6293417 
