Car 0.5 3 0 285.42035 191.79285 413.94974 266.56494 0.5 0.5 0.5 0.5 0.5 0.5 0.5 0.99760157 
Car 0.5 3 0 0.7962154 259.637 94.7111 372.79584 0.5 0.5 0.5 0.5 0.5 0.5 0.5 0.9956382 
Car 0.5 3 0 472.8797 183.96074 509.21823 216.84306 0.5 0.5 0.5 0.5 0.5 0.5 0.5 0.9914928 
Car 0.5 3 0 781.24005 156.02477 906.45654 195.77174 0.5 0.5 0.5 0.5 0.5 0.5 0.5 0.990308 
Car 0.5 3 0 399.44882 190.37775 458.41443 239.41777 0.5 0.5 0.5 0.5 0.5 0.5 0.5 0.9874214 
Car 0.5 3 0 1142.872 132.87129 1239.595 177.37317 0.5 0.5 0.5 0.5 0.5 0.5 0.5 0.98464483 
Car 0.5 3 0 498.37436 180.84006 534.176 208.49625 0.5 0.5 0.5 0.5 0.5 0.5 0.5 0.9767923 
Car 0.5 3 0 442.16632 186.25084 486.38525 227.69223 0.5 0.5 0.5 0.5 0.5 0.5 0.5 0.968158 
Car 0.5 3 0 1043.3558 143.11331 1107.4114 175.4192 0.5 0.5 0.5 0.5 0.5 0.5 0.5 0.910935 
Car 0.5 3 0 614.85913 171.52032 631.6029 185.51393 0.5 0.5 0.5 0.5 0.5 0.5 0.5 0.88753855 
Car 0.5 3 0 656.1585 172.50165 693.6364 202.16667 0.5 0.5 0.5 0.5 0.5 0.5 0.5 0.80758953 
Car 0.5 3 0 643.3837 173.71361 665.331 194.52298 0.5 0.5 0.5 0.5 0.5 0.5 0.5 0.80471945 
Car 0.5 3 0 769.67377 159.61195 817.46136 191.24904 0.5 0.5 0.5 0.5 0.5 0.5 0.5 0.7648789 
Car 0.5 3 0 766.8122 155.65797 857.6425 191.84608 0.5 0.5 0.5 0.5 0.5 0.5 0.5 0.7644273 
Car 0.5 3 0 533.9507 175.43398 560.45105 198.47995 0.5 0.5 0.5 0.5 0.5 0.5 0.5 0.7293491 
Car 0.5 3 0 739.035 157.69084 798.38336 190.4906 0.5 0.5 0.5 0.5 0.5 0.5 0.5 0.628963 
Car 0.5 3 0 551.7059 175.9232 571.11505 192.39171 0.5 0.5 0.5 0.5 0.5 0.5 0.5 0.55708367 
