Car 0.5 3 0 57.138706 205.46973 315.26016 337.71054 0.5 0.5 0.5 0.5 0.5 0.5 0.5 0.9981713 
Car 0.5 3 0 429.67694 191.03505 479.26257 231.30186 0.5 0.5 0.5 0.5 0.5 0.5 0.5 0.99438727 
Car 0.5 3 0 829.14905 155.75674 971.2929 207.17659 0.5 0.5 0.5 0.5 0.5 0.5 0.5 0.99304575 
Car 0.5 3 0 296.6691 201.14014 399.68625 271.5902 0.5 0.5 0.5 0.5 0.5 0.5 0.5 0.988564 
Car 0.5 3 0 383.81012 194.12747 445.0287 249.14479 0.5 0.5 0.5 0.5 0.5 0.5 0.5 0.98580986 
Car 0.5 3 0 1110.9209 139.42116 1189.209 179.69475 0.5 0.5 0.5 0.5 0.5 0.5 0.5 0.9840642 
Car 0.5 3 0 794.2233 160.17882 852.1587 200.77905 0.5 0.5 0.5 0.5 0.5 0.5 0.5 0.9809558 
Car 0.5 3 0 473.68442 187.56241 510.3863 219.16772 0.5 0.5 0.5 0.5 0.5 0.5 0.5 0.98001134 
Car 0.5 3 0 657.54144 177.18692 711.7748 211.3405 0.5 0.5 0.5 0.5 0.5 0.5 0.5 0.9652349 
Car 0.5 3 0 603.8961 176.32501 624.23456 190.95808 0.5 0.5 0.5 0.5 0.5 0.5 0.5 0.95328635 
Car 0.5 3 0 1150.2023 143.00801 1212.492 177.48128 0.5 0.5 0.5 0.5 0.5 0.5 0.5 0.9189592 
Car 0.5 3 0 756.9723 164.40434 819.72003 197.1649 0.5 0.5 0.5 0.5 0.5 0.5 0.5 0.9179033 
Car 0.5 3 0 1191.1415 140.427 1240.3746 178.89499 0.5 0.5 0.5 0.5 0.5 0.5 0.5 0.90710384 
Car 0.5 3 0 645.14087 178.41116 666.1764 203.59755 0.5 0.5 0.5 0.5 0.5 0.5 0.5 0.8786075 
Car 0.5 3 0 636.15594 178.82826 655.0735 198.8125 0.5 0.5 0.5 0.5 0.5 0.5 0.5 0.8749975 
Car 0.5 3 0 518.5902 183.34119 545.93085 206.21964 0.5 0.5 0.5 0.5 0.5 0.5 0.5 0.8442726 
Car 0.5 3 0 750.9445 156.14328 896.57043 200.4488 0.5 0.5 0.5 0.5 0.5 0.5 0.5 0.7188509 
Car 0.5 3 0 539.74426 181.49217 560.6391 198.56674 0.5 0.5 0.5 0.5 0.5 0.5 0.5 0.58884853 
Car 0.5 3 0 656.59296 177.39748 682.8446 210.3196 0.5 0.5 0.5 0.5 0.5 0.5 0.5 0.54720515 
