Car 0.5 3 0 405.97882 182.23814 483.1075 233.8436 0.5 0.5 0.5 0.5 0.5 0.5 0.5 0.9976943 
Car 0.5 3 0 854.2929 198.35538 1238.3341 373.72556 0.5 0.5 0.5 0.5 0.5 0.5 0.5 0.9942702 
Car 0.5 3 0 0.29911393 216.76991 230.606 370.01422 0.5 0.5 0.5 0.5 0.5 0.5 0.5 0.9891822 
Car 0.5 3 0 464.10355 178.18819 511.11432 220.29672 0.5 0.5 0.5 0.5 0.5 0.5 0.5 0.98738885 
Car 0.5 3 0 717.99927 184.02876 803.279 246.73448 0.5 0.5 0.5 0.5 0.5 0.5 0.5 0.9853711 
Car 0.5 3 0 703.244 180.6474 759.5118 223.20404 0.5 0.5 0.5 0.5 0.5 0.5 0.5 0.9841277 
Car 0.5 3 0 763.28546 185.57219 928.2931 286.11212 0.5 0.5 0.5 0.5 0.5 0.5 0.5 0.98324823 
Car 0.5 3 0 559.12823 175.41814 596.6829 190.81366 0.5 0.5 0.5 0.5 0.5 0.5 0.5 0.9815075 
Car 0.5 3 0 1200.9202 175.2181 1240.8323 210.49026 0.5 0.5 0.5 0.5 0.5 0.5 0.5 0.9023564 
Car 0.5 3 0 639.8815 174.63972 667.7935 188.84094 0.5 0.5 0.5 0.5 0.5 0.5 0.5 0.7314537 
Pedestrian 0.5 3 0 19.393423 246.99655 76.17766 291.539 0.5 0.5 0.5 0.5 0.5 0.5 0.5 0.6967734 
Car 0.5 3 0 1103.4054 175.06418 1181.8787 207.3226 0.5 0.5 0.5 0.5 0.5 0.5 0.5 0.61029494 
