Car 0.5 3 0 339.6921 193.56023 432.59378 250.44563 0.5 0.5 0.5 0.5 0.5 0.5 0.5 0.9965918 
Car 0.5 3 0 420.73492 191.2103 470.87744 233.38089 0.5 0.5 0.5 0.5 0.5 0.5 0.5 0.9923321 
Car 0.5 3 0 663.97925 174.30066 734.0508 224.02231 0.5 0.5 0.5 0.5 0.5 0.5 0.5 0.97384834 
Car 0.5 3 0 0.8651471 204.56569 77.494675 246.94453 0.5 0.5 0.5 0.5 0.5 0.5 0.5 0.9619889 
Car 0.5 3 0 1084.5175 134.13771 1201.4581 182.0068 0.5 0.5 0.5 0.5 0.5 0.5 0.5 0.958679 
Car 0.5 3 0 532.8158 179.38974 554.2947 195.87173 0.5 0.5 0.5 0.5 0.5 0.5 0.5 0.9545604 
Car 0.5 3 0 458.56607 179.02109 506.60886 217.16916 0.5 0.5 0.5 0.5 0.5 0.5 0.5 0.9158447 
Car 0.5 3 0 627.42633 174.92586 648.39996 191.00874 0.5 0.5 0.5 0.5 0.5 0.5 0.5 0.9130431 
Car 0.5 3 0 563.1233 177.83739 586.448 191.89119 0.5 0.5 0.5 0.5 0.5 0.5 0.5 0.8907129 
Car 0.5 3 0 505.67685 181.54985 532.7037 206.11938 0.5 0.5 0.5 0.5 0.5 0.5 0.5 0.8857758 
Car 0.5 3 0 52.159077 203.33629 89.48429 232.4179 0.5 0.5 0.5 0.5 0.5 0.5 0.5 0.7781032 
Car 0.5 3 0 725.078 168.40843 752.6374 182.49483 0.5 0.5 0.5 0.5 0.5 0.5 0.5 0.75639594 
Car 0.5 3 0 1171.0533 116.64618 1240.8665 175.98415 0.5 0.5 0.5 0.5 0.5 0.5 0.5 0.7246048 
Car 0.5 3 0 499.33145 181.58864 515.49664 210.08913 0.5 0.5 0.5 0.5 0.5 0.5 0.5 0.6854203 
Car 0.5 3 0 18.038301 203.1876 87.38867 234.78741 0.5 0.5 0.5 0.5 0.5 0.5 0.5 0.58644617 
Car 0.5 3 0 684.0204 164.42644 717.47644 178.58308 0.5 0.5 0.5 0.5 0.5 0.5 0.5 0.51217383 
