Car 0.5 3 0 301.32895 185.96414 401.6579 255.58524 0.5 0.5 0.5 0.5 0.5 0.5 0.5 0.99170107 
Car 0.5 3 0 64.21016 183.43169 313.11185 315.83823 0.5 0.5 0.5 0.5 0.5 0.5 0.5 0.9901126 
Car 0.5 3 0 506.8385 179.33623 549.36145 212.19151 0.5 0.5 0.5 0.5 0.5 0.5 0.5 0.9861188 
Car 0.5 3 0 694.1335 164.67096 781.3324 194.251 0.5 0.5 0.5 0.5 0.5 0.5 0.5 0.9848551 
Car 0.5 3 0 480.6542 181.3761 511.1564 207.36037 0.5 0.5 0.5 0.5 0.5 0.5 0.5 0.98460025 
Car 0.5 3 0 627.50397 174.86238 657.1148 197.59305 0.5 0.5 0.5 0.5 0.5 0.5 0.5 0.96141034 
Car 0.5 3 0 541.6474 179.2678 562.05615 201.93575 0.5 0.5 0.5 0.5 0.5 0.5 0.5 0.95874405 
Car 0.5 3 0 411.98697 186.85103 468.1358 223.11005 0.5 0.5 0.5 0.5 0.5 0.5 0.5 0.9571254 
Car 0.5 3 0 1057.3174 158.92822 1161.8401 186.31996 0.5 0.5 0.5 0.5 0.5 0.5 0.5 0.9423579 
Car 0.5 3 0 1099.3416 157.8418 1165.7688 182.9636 0.5 0.5 0.5 0.5 0.5 0.5 0.5 0.7747042 
Car 0.5 3 0 776.8111 159.80763 821.7099 177.49464 0.5 0.5 0.5 0.5 0.5 0.5 0.5 0.75654733 
Car 0.5 3 0 583.284 173.7395 596.0843 186.14117 0.5 0.5 0.5 0.5 0.5 0.5 0.5 0.6918065 
Car 0.5 3 0 1157.6674 146.87743 1241.8878 184.08786 0.5 0.5 0.5 0.5 0.5 0.5 0.5 0.6056783 
Car 0.5 3 0 869.37897 151.84135 898.02234 175.27505 0.5 0.5 0.5 0.5 0.5 0.5 0.5 0.6001146 
