Car 0.5 3 0 759.264 182.75331 1004.65344 323.897 0.5 0.5 0.5 0.5 0.5 0.5 0.5 0.9969252 
Car 0.5 3 0 330.24377 193.728 432.41757 256.16693 0.5 0.5 0.5 0.5 0.5 0.5 0.5 0.9957009 
Car 0.5 3 0 711.7826 176.97356 800.1634 255.40195 0.5 0.5 0.5 0.5 0.5 0.5 0.5 0.9910682 
Car 0.5 3 0 520.06085 179.85855 544.80835 200.55875 0.5 0.5 0.5 0.5 0.5 0.5 0.5 0.9354023 
Car 0.5 3 0 484.27356 184.59433 521.4653 208.33981 0.5 0.5 0.5 0.5 0.5 0.5 0.5 0.9259152 
Car 0.5 3 0 576.50793 175.80229 608.1237 192.35815 0.5 0.5 0.5 0.5 0.5 0.5 0.5 0.91496295 
Car 0.5 3 0 621.3932 174.4915 636.2758 187.14616 0.5 0.5 0.5 0.5 0.5 0.5 0.5 0.85291946 
Car 0.5 3 0 321.10745 191.78307 355.58926 214.93773 0.5 0.5 0.5 0.5 0.5 0.5 0.5 0.85211617 
Car 0.5 3 0 665.0322 166.72098 692.5055 180.75319 0.5 0.5 0.5 0.5 0.5 0.5 0.5 0.7800415 
Car 0.5 3 0 981.4888 257.70227 1240.2107 373.53732 0.5 0.5 0.5 0.5 0.5 0.5 0.5 0.7662021 
Car 0.5 3 0 549.67255 180.02449 565.34515 192.35126 0.5 0.5 0.5 0.5 0.5 0.5 0.5 0.76058084 
Car 0.5 3 0 637.5492 173.85063 670.24036 199.7512 0.5 0.5 0.5 0.5 0.5 0.5 0.5 0.7498981 
Car 0.5 3 0 511.75034 182.82294 531.8886 205.93547 0.5 0.5 0.5 0.5 0.5 0.5 0.5 0.69825906 
Car 0.5 3 0 781.68085 165.61703 807.1032 178.68175 0.5 0.5 0.5 0.5 0.5 0.5 0.5 0.6485236 
