Car 0.5 3 0 698.0141 181.93056 817.53143 260.69095 0.5 0.5 0.5 0.5 0.5 0.5 0.5 0.9953858 
Car 0.5 3 0 122.18243 204.7326 322.5125 311.76663 0.5 0.5 0.5 0.5 0.5 0.5 0.5 0.9927313 
Car 0.5 3 0 310.7537 196.80449 413.62103 263.80624 0.5 0.5 0.5 0.5 0.5 0.5 0.5 0.98858625 
Car 0.5 3 0 558.4757 179.561 583.7849 197.805 0.5 0.5 0.5 0.5 0.5 0.5 0.5 0.9680226 
Car 0.5 3 0 463.57693 181.00279 497.42023 218.61223 0.5 0.5 0.5 0.5 0.5 0.5 0.5 0.96423805 
Car 0.5 3 0 525.41754 180.60869 549.0747 199.35175 0.5 0.5 0.5 0.5 0.5 0.5 0.5 0.9482208 
Car 0.5 3 0 636.31964 177.02962 657.2811 193.37099 0.5 0.5 0.5 0.5 0.5 0.5 0.5 0.9408006 
Car 0.5 3 0 410.99658 179.479 476.20435 231.91222 0.5 0.5 0.5 0.5 0.5 0.5 0.5 0.91541135 
Car 0.5 3 0 496.52023 181.72545 524.399 210.72034 0.5 0.5 0.5 0.5 0.5 0.5 0.5 0.91096383 
Car 0.5 3 0 680.5283 167.33029 749.80597 192.65358 0.5 0.5 0.5 0.5 0.5 0.5 0.5 0.90937114 
Car 0.5 3 0 598.616 174.15767 611.1015 185.96294 0.5 0.5 0.5 0.5 0.5 0.5 0.5 0.8135083 
Car 0.5 3 0 680.05457 170.89705 714.6823 190.86235 0.5 0.5 0.5 0.5 0.5 0.5 0.5 0.5045041 
