Car 0.5 3 0 838.6733 206.1883 1241.3726 374.91946 0.5 0.5 0.5 0.5 0.5 0.5 0.5 0.99850804 
Car 0.5 3 0 812.1956 169.21268 891.67303 205.44849 0.5 0.5 0.5 0.5 0.5 0.5 0.5 0.99732226 
Pedestrian 0.5 3 0 893.31213 143.23958 938.24634 230.13046 0.5 0.5 0.5 0.5 0.5 0.5 0.5 0.99605644 
Car 0.5 3 0 235.79265 179.0014 365.77258 228.40051 0.5 0.5 0.5 0.5 0.5 0.5 0.5 0.9929865 
Car 0.5 3 0 1.2142448 241.32567 64.71897 373.3654 0.5 0.5 0.5 0.5 0.5 0.5 0.5 0.99215966 
Car 0.5 3 0 45.917053 208.11781 130.78055 243.15166 0.5 0.5 0.5 0.5 0.5 0.5 0.5 0.97543997 
Car 0.5 3 0 81.72414 201.22002 150.17622 233.16173 0.5 0.5 0.5 0.5 0.5 0.5 0.5 0.97478753 
Car 0.5 3 0 214.17964 187.30151 260.1346 210.71135 0.5 0.5 0.5 0.5 0.5 0.5 0.5 0.9417202 
Car 0.5 3 0 1154.906 156.84306 1240.3347 176.49652 0.5 0.5 0.5 0.5 0.5 0.5 0.5 0.8564801 
Pedestrian 0.5 3 0 949.23315 143.80685 992.6614 211.33078 0.5 0.5 0.5 0.5 0.5 0.5 0.5 0.82929677 
Car 0.5 3 0 360.861 178.90494 429.3378 205.85873 0.5 0.5 0.5 0.5 0.5 0.5 0.5 0.75495374 
Car 0.5 3 0 168.23137 191.57906 204.92157 213.69963 0.5 0.5 0.5 0.5 0.5 0.5 0.5 0.74317324 
Car 0.5 3 0 361.176 186.78151 383.78876 206.10759 0.5 0.5 0.5 0.5 0.5 0.5 0.5 0.7328602 
Car 0.5 3 0 988.90796 162.53993 1014.6387 184.87863 0.5 0.5 0.5 0.5 0.5 0.5 0.5 0.68692225 
