Car 0.5 3 0 766.4764 184.90102 1022.7401 317.63678 0.5 0.5 0.5 0.5 0.5 0.5 0.5 0.99903786 
Car 0.5 3 0 0.97078025 212.73149 216.17586 369.7813 0.5 0.5 0.5 0.5 0.5 0.5 0.5 0.99683654 
Car 0.5 3 0 240.28815 198.11757 404.20013 280.31836 0.5 0.5 0.5 0.5 0.5 0.5 0.5 0.9967243 
Car 0.5 3 0 717.8018 180.36153 825.85156 260.77472 0.5 0.5 0.5 0.5 0.5 0.5 0.5 0.99628496 
Car 0.5 3 0 1006.86835 157.00952 1238.799 258.99866 0.5 0.5 0.5 0.5 0.5 0.5 0.5 0.99176395 
Car 0.5 3 0 676.6178 182.27347 734.29144 225.66824 0.5 0.5 0.5 0.5 0.5 0.5 0.5 0.9904496 
Car 0.5 3 0 649.0453 178.92456 680.8766 209.63567 0.5 0.5 0.5 0.5 0.5 0.5 0.5 0.98789805 
Car 0.5 3 0 453.7857 186.9178 506.22836 223.2595 0.5 0.5 0.5 0.5 0.5 0.5 0.5 0.9836527 
Car 0.5 3 0 384.51157 189.39343 454.85977 246.7974 0.5 0.5 0.5 0.5 0.5 0.5 0.5 0.97659475 
Car 0.5 3 0 561.53033 177.4325 600.14734 195.47841 0.5 0.5 0.5 0.5 0.5 0.5 0.5 0.9502213 
Car 0.5 3 0 503.80548 180.45244 541.84937 206.36629 0.5 0.5 0.5 0.5 0.5 0.5 0.5 0.93493366 
Car 0.5 3 0 666.01245 181.87746 687.0891 218.4291 0.5 0.5 0.5 0.5 0.5 0.5 0.5 0.85485137 
Car 0.5 3 0 69.43366 188.98087 134.12306 218.86655 0.5 0.5 0.5 0.5 0.5 0.5 0.5 0.7623536 
Car 0.5 3 0 663.4918 181.56097 707.6956 215.59377 0.5 0.5 0.5 0.5 0.5 0.5 0.5 0.71747047 
Car 0.5 3 0 587.202 176.73311 602.37915 193.46313 0.5 0.5 0.5 0.5 0.5 0.5 0.5 0.5718846 
