Car 0.5 3 0 1.6780249 188.21164 211.14519 362.3335 0.5 0.5 0.5 0.5 0.5 0.5 0.5 0.99535877 
Car 0.5 3 0 697.8926 163.88902 794.43243 195.75085 0.5 0.5 0.5 0.5 0.5 0.5 0.5 0.99499315 
Car 0.5 3 0 197.66132 190.0137 356.36505 280.6353 0.5 0.5 0.5 0.5 0.5 0.5 0.5 0.9943639 
Car 0.5 3 0 484.1175 182.08672 538.1384 219.9374 0.5 0.5 0.5 0.5 0.5 0.5 0.5 0.9921508 
Car 0.5 3 0 529.1758 179.37868 554.11633 206.73547 0.5 0.5 0.5 0.5 0.5 0.5 0.5 0.99078256 
Car 0.5 3 0 463.66428 183.92297 495.90094 211.48767 0.5 0.5 0.5 0.5 0.5 0.5 0.5 0.988209 
Car 0.5 3 0 383.33542 185.56227 448.6538 229.49232 0.5 0.5 0.5 0.5 0.5 0.5 0.5 0.9819693 
Car 0.5 3 0 627.90546 174.82828 659.2799 199.9852 0.5 0.5 0.5 0.5 0.5 0.5 0.5 0.9774138 
Car 0.5 3 0 785.15063 158.87137 830.1373 175.9373 0.5 0.5 0.5 0.5 0.5 0.5 0.5 0.9225269 
Car 0.5 3 0 828.85236 158.18001 858.79205 175.678 0.5 0.5 0.5 0.5 0.5 0.5 0.5 0.82194024 
Car 0.5 3 0 883.8066 147.6664 929.4516 173.4621 0.5 0.5 0.5 0.5 0.5 0.5 0.5 0.7542239 
Car 0.5 3 0 694.6093 165.71278 727.6789 189.6054 0.5 0.5 0.5 0.5 0.5 0.5 0.5 0.6757395 
Car 0.5 3 0 606.26013 174.98132 629.62744 188.70271 0.5 0.5 0.5 0.5 0.5 0.5 0.5 0.5139567 
Car 0.5 3 0 1173.1035 151.96883 1241.4321 187.87598 0.5 0.5 0.5 0.5 0.5 0.5 0.5 0.500487 
