Car 0.5 3 0 440.0334 191.74336 485.53818 229.88379 0.5 0.5 0.5 0.5 0.5 0.5 0.5 0.99304765 
Car 0.5 3 0 382.1275 194.01894 454.8222 241.66765 0.5 0.5 0.5 0.5 0.5 0.5 0.5 0.9856248 
Car 0.5 3 0 0.0 213.02615 29.428371 239.45581 0.5 0.5 0.5 0.5 0.5 0.5 0.5 0.98385024 
Car 0.5 3 0 45.297447 206.30579 141.58653 243.47736 0.5 0.5 0.5 0.5 0.5 0.5 0.5 0.9836129 
Car 0.5 3 0 1039.069 135.49747 1147.8156 179.58423 0.5 0.5 0.5 0.5 0.5 0.5 0.5 0.95953035 
Car 0.5 3 0 149.19237 204.3784 198.1782 237.71133 0.5 0.5 0.5 0.5 0.5 0.5 0.5 0.931586 
Car 0.5 3 0 626.48724 176.4742 646.30475 192.82823 0.5 0.5 0.5 0.5 0.5 0.5 0.5 0.9212971 
Car 0.5 3 0 536.4224 180.86484 556.20496 198.40265 0.5 0.5 0.5 0.5 0.5 0.5 0.5 0.91762775 
Car 0.5 3 0 569.5466 179.83766 589.3436 193.12503 0.5 0.5 0.5 0.5 0.5 0.5 0.5 0.91727906 
Car 0.5 3 0 658.4578 175.39207 716.8239 218.87955 0.5 0.5 0.5 0.5 0.5 0.5 0.5 0.8953526 
Car 0.5 3 0 1200.4098 147.35803 1241.4014 170.85023 0.5 0.5 0.5 0.5 0.5 0.5 0.5 0.87772304 
Car 0.5 3 0 473.54776 181.87836 514.30994 214.63348 0.5 0.5 0.5 0.5 0.5 0.5 0.5 0.8659103 
Car 0.5 3 0 6.1188393 212.11996 64.2302 242.52943 0.5 0.5 0.5 0.5 0.5 0.5 0.5 0.835747 
Car 0.5 3 0 596.1965 175.3784 616.9487 186.53731 0.5 0.5 0.5 0.5 0.5 0.5 0.5 0.8168332 
Car 0.5 3 0 516.58276 184.23656 537.78845 206.21602 0.5 0.5 0.5 0.5 0.5 0.5 0.5 0.76058483 
Car 0.5 3 0 506.22034 184.37312 523.02893 210.43938 0.5 0.5 0.5 0.5 0.5 0.5 0.5 0.6290133 
Car 0.5 3 0 1125.3055 125.70644 1209.5969 175.74283 0.5 0.5 0.5 0.5 0.5 0.5 0.5 0.50290775 
