Car 0.5 3 0 319.48752 192.98868 436.9291 259.9951 0.5 0.5 0.5 0.5 0.5 0.5 0.5 0.99663025 
Car 0.5 3 0 732.28436 179.80865 886.876 272.01508 0.5 0.5 0.5 0.5 0.5 0.5 0.5 0.99636143 
Car 0.5 3 0 61.798195 203.87447 321.25995 322.1476 0.5 0.5 0.5 0.5 0.5 0.5 0.5 0.9944331 
Car 0.5 3 0 696.63654 176.40302 774.19934 243.41054 0.5 0.5 0.5 0.5 0.5 0.5 0.5 0.99365425 
Car 0.5 3 0 672.72107 178.7585 713.5818 217.9789 0.5 0.5 0.5 0.5 0.5 0.5 0.5 0.9920455 
Car 0.5 3 0 1038.8367 146.43828 1233.4324 237.76025 0.5 0.5 0.5 0.5 0.5 0.5 0.5 0.99012065 
Car 0.5 3 0 1185.0515 162.66376 1241.2618 254.57649 0.5 0.5 0.5 0.5 0.5 0.5 0.5 0.9844662 
Car 0.5 3 0 646.93384 177.37932 672.7478 204.24669 0.5 0.5 0.5 0.5 0.5 0.5 0.5 0.97728467 
Car 0.5 3 0 420.39688 186.99985 474.61877 235.54463 0.5 0.5 0.5 0.5 0.5 0.5 0.5 0.9716979 
Car 0.5 3 0 469.28607 184.21088 517.87976 217.58662 0.5 0.5 0.5 0.5 0.5 0.5 0.5 0.95455736 
Car 0.5 3 0 572.692 177.44331 604.2239 192.52222 0.5 0.5 0.5 0.5 0.5 0.5 0.5 0.94629246 
Car 0.5 3 0 511.65903 180.09756 542.3693 204.66902 0.5 0.5 0.5 0.5 0.5 0.5 0.5 0.91349626 
Car 0.5 3 0 912.80646 157.83247 1118.451 221.52995 0.5 0.5 0.5 0.5 0.5 0.5 0.5 0.9132616 
Car 0.5 3 0 657.05316 178.65648 679.67145 210.96674 0.5 0.5 0.5 0.5 0.5 0.5 0.5 0.86736965 
Car 0.5 3 0 0.17657925 262.2962 26.847092 375.0 0.5 0.5 0.5 0.5 0.5 0.5 0.5 0.8588392 
Car 0.5 3 0 1028.3346 157.3879 1105.7972 213.01062 0.5 0.5 0.5 0.5 0.5 0.5 0.5 0.8143136 
Car 0.5 3 0 916.32025 176.7341 984.8299 213.00279 0.5 0.5 0.5 0.5 0.5 0.5 0.5 0.7786477 
Car 0.5 3 0 595.0042 175.21124 610.1572 190.344 0.5 0.5 0.5 0.5 0.5 0.5 0.5 0.55102843 
