Car 0.5 3 0 856.23755 185.44089 1236.0778 370.84332 0.5 0.5 0.5 0.5 0.5 0.5 0.5 0.99620914 
Car 0.5 3 0 523.7024 177.55217 559.91986 205.64297 0.5 0.5 0.5 0.5 0.5 0.5 0.5 0.9952271 
Car 0.5 3 0 690.32367 163.41632 773.2073 193.17981 0.5 0.5 0.5 0.5 0.5 0.5 0.5 0.99191827 
Car 0.5 3 0 363.03375 180.7034 437.08838 240.10442 0.5 0.5 0.5 0.5 0.5 0.5 0.5 0.98748314 
Car 0.5 3 0 632.6722 174.09145 658.36523 195.83264 0.5 0.5 0.5 0.5 0.5 0.5 0.5 0.98315316 
Car 0.5 3 0 493.27615 179.94453 524.1625 203.68303 0.5 0.5 0.5 0.5 0.5 0.5 0.5 0.98283225 
Car 0.5 3 0 213.3562 178.3744 378.7494 276.82288 0.5 0.5 0.5 0.5 0.5 0.5 0.5 0.96017003 
Car 0.5 3 0 1051.0375 150.99162 1239.0522 190.67654 0.5 0.5 0.5 0.5 0.5 0.5 0.5 0.9588589 
Car 0.5 3 0 1.6466762 228.26657 151.60559 366.19037 0.5 0.5 0.5 0.5 0.5 0.5 0.5 0.958482 
Car 0.5 3 0 441.72232 181.44664 486.3765 216.2842 0.5 0.5 0.5 0.5 0.5 0.5 0.5 0.94684345 
Car 0.5 3 0 557.55707 177.92987 571.96716 195.48708 0.5 0.5 0.5 0.5 0.5 0.5 0.5 0.94335896 
Car 0.5 3 0 854.4639 151.29385 891.7288 172.78171 0.5 0.5 0.5 0.5 0.5 0.5 0.5 0.8159407 
Car 0.5 3 0 772.8184 153.6028 809.631 175.16083 0.5 0.5 0.5 0.5 0.5 0.5 0.5 0.69211644 
Car 0.5 3 0 588.5511 173.81102 601.0185 184.1288 0.5 0.5 0.5 0.5 0.5 0.5 0.5 0.6642609 
Car 0.5 3 0 611.88715 172.99487 634.2387 186.11082 0.5 0.5 0.5 0.5 0.5 0.5 0.5 0.6533971 
Car 0.5 3 0 826.17114 158.77486 848.63556 176.18477 0.5 0.5 0.5 0.5 0.5 0.5 0.5 0.57175 
