Car 0.5 3 0 4.2235074 207.15588 261.83893 374.54242 0.5 0.5 0.5 0.5 0.5 0.5 0.5 0.9979944 
Car 0.5 3 0 755.21356 185.07588 904.2292 281.30325 0.5 0.5 0.5 0.5 0.5 0.5 0.5 0.9906412 
Car 0.5 3 0 459.55353 180.79568 516.7524 220.10446 0.5 0.5 0.5 0.5 0.5 0.5 0.5 0.9895662 
Car 0.5 3 0 696.9613 180.70712 735.0887 226.56917 0.5 0.5 0.5 0.5 0.5 0.5 0.5 0.9849539 
Car 0.5 3 0 722.71594 181.38524 803.7396 245.65367 0.5 0.5 0.5 0.5 0.5 0.5 0.5 0.9827355 
Car 0.5 3 0 830.25604 198.33134 1234.0017 373.6992 0.5 0.5 0.5 0.5 0.5 0.5 0.5 0.9810729 
Car 0.5 3 0 238.1283 193.84546 400.57568 298.21262 0.5 0.5 0.5 0.5 0.5 0.5 0.5 0.9773086 
Car 0.5 3 0 505.16333 179.67238 536.2388 212.63382 0.5 0.5 0.5 0.5 0.5 0.5 0.5 0.9716433 
Car 0.5 3 0 625.693 173.7274 669.07086 190.61838 0.5 0.5 0.5 0.5 0.5 0.5 0.5 0.9469481 
Car 0.5 3 0 664.00226 175.03748 688.3035 189.94397 0.5 0.5 0.5 0.5 0.5 0.5 0.5 0.585957 
Car 0.5 3 0 97.603065 185.71846 163.05693 205.8985 0.5 0.5 0.5 0.5 0.5 0.5 0.5 0.5616797 
Car 0.5 3 0 1084.563 174.80731 1216.6453 236.13705 0.5 0.5 0.5 0.5 0.5 0.5 0.5 0.5328836 
