Car 0.5 3 0 0.040006965 216.71782 239.07275 370.7627 0.5 0.5 0.5 0.5 0.5 0.5 0.5 0.9976547 
Car 0.5 3 0 845.53094 151.7246 1011.6053 211.67984 0.5 0.5 0.5 0.5 0.5 0.5 0.5 0.9962729 
Car 0.5 3 0 1146.126 134.86876 1233.3472 178.09023 0.5 0.5 0.5 0.5 0.5 0.5 0.5 0.9919086 
Car 0.5 3 0 229.14212 200.39749 364.2419 289.45416 0.5 0.5 0.5 0.5 0.5 0.5 0.5 0.99189126 
Car 0.5 3 0 1192.4833 138.0849 1241.2715 178.57594 0.5 0.5 0.5 0.5 0.5 0.5 0.5 0.98886186 
Car 0.5 3 0 766.5882 159.55801 856.531 199.95734 0.5 0.5 0.5 0.5 0.5 0.5 0.5 0.9862091 
Car 0.5 3 0 411.18906 190.14308 466.3549 234.0042 0.5 0.5 0.5 0.5 0.5 0.5 0.5 0.9861513 
Car 0.5 3 0 458.0785 186.79683 502.18933 220.89835 0.5 0.5 0.5 0.5 0.5 0.5 0.5 0.98248166 
Car 0.5 3 0 356.69583 194.78996 422.84177 257.04807 0.5 0.5 0.5 0.5 0.5 0.5 0.5 0.9716827 
Car 0.5 3 0 664.8466 175.01254 722.6519 213.88158 0.5 0.5 0.5 0.5 0.5 0.5 0.5 0.96951723 
Car 0.5 3 0 600.31146 172.35631 620.877 189.07689 0.5 0.5 0.5 0.5 0.5 0.5 0.5 0.9592182 
Car 0.5 3 0 634.195 175.83821 655.17065 198.95656 0.5 0.5 0.5 0.5 0.5 0.5 0.5 0.930928 
Car 0.5 3 0 646.5233 176.86194 667.5184 203.0187 0.5 0.5 0.5 0.5 0.5 0.5 0.5 0.9137136 
Car 0.5 3 0 806.2754 159.0277 873.45605 202.53224 0.5 0.5 0.5 0.5 0.5 0.5 0.5 0.8787624 
Car 0.5 3 0 659.1012 175.51752 695.5441 210.91797 0.5 0.5 0.5 0.5 0.5 0.5 0.5 0.8725717 
Car 0.5 3 0 507.87698 181.11304 537.6383 206.09111 0.5 0.5 0.5 0.5 0.5 0.5 0.5 0.85070235 
Car 0.5 3 0 533.7027 180.09805 554.63544 197.41214 0.5 0.5 0.5 0.5 0.5 0.5 0.5 0.80204976 
Car 0.5 3 0 760.6539 154.634 907.7034 204.49933 0.5 0.5 0.5 0.5 0.5 0.5 0.5 0.7749037 
Car 0.5 3 0 488.19794 184.99115 516.6038 213.88492 0.5 0.5 0.5 0.5 0.5 0.5 0.5 0.7078898 
