Car 0.5 3 0 0.83815587 190.348 223.20938 370.41364 0.5 0.5 0.5 0.5 0.5 0.5 0.5 0.99439174 
Car 0.5 3 0 196.12354 187.61722 394.91522 326.71277 0.5 0.5 0.5 0.5 0.5 0.5 0.5 0.99171245 
Car 0.5 3 0 382.345 191.91211 460.50433 264.35757 0.5 0.5 0.5 0.5 0.5 0.5 0.5 0.9914403 
Car 0.5 3 0 438.61237 183.03522 501.04788 242.44838 0.5 0.5 0.5 0.5 0.5 0.5 0.5 0.9850839 
Car 0.5 3 0 559.4974 177.00258 593.04297 199.65337 0.5 0.5 0.5 0.5 0.5 0.5 0.5 0.98264056 
Car 0.5 3 0 36.090137 173.7869 166.63202 200.80595 0.5 0.5 0.5 0.5 0.5 0.5 0.5 0.9669827 
Car 0.5 3 0 612.71173 175.35167 634.74677 188.06082 0.5 0.5 0.5 0.5 0.5 0.5 0.5 0.94973665 
Car 0.5 3 0 715.62695 171.66516 787.44794 226.7158 0.5 0.5 0.5 0.5 0.5 0.5 0.5 0.9224008 
Car 0.5 3 0 696.1081 173.75244 727.17523 203.78914 0.5 0.5 0.5 0.5 0.5 0.5 0.5 0.91817796 
Car 0.5 3 0 588.16034 175.9594 606.22644 195.58653 0.5 0.5 0.5 0.5 0.5 0.5 0.5 0.90921503 
Car 0.5 3 0 693.0551 173.0389 717.0446 197.65753 0.5 0.5 0.5 0.5 0.5 0.5 0.5 0.88764185 
Car 0.5 3 0 596.55615 176.36365 610.41113 194.1487 0.5 0.5 0.5 0.5 0.5 0.5 0.5 0.82708013 
Car 0.5 3 0 709.974 174.86816 731.1567 212.17036 0.5 0.5 0.5 0.5 0.5 0.5 0.5 0.7944316 
