Car 0.5 3 0 402.89215 192.34518 466.6914 237.75046 0.5 0.5 0.5 0.5 0.5 0.5 0.5 0.9860532 
Car 0.5 3 0 0.6442451 210.4631 68.15785 244.89285 0.5 0.5 0.5 0.5 0.5 0.5 0.5 0.98351353 
Car 0.5 3 0 161.49817 204.28865 239.30385 240.1859 0.5 0.5 0.5 0.5 0.5 0.5 0.5 0.9797595 
Car 0.5 3 0 454.7248 191.48093 492.73364 224.29877 0.5 0.5 0.5 0.5 0.5 0.5 0.5 0.9786597 
Car 0.5 3 0 1023.3003 137.44597 1116.1296 178.94185 0.5 0.5 0.5 0.5 0.5 0.5 0.5 0.9724274 
Car 0.5 3 0 85.49439 204.38644 170.34422 240.0484 0.5 0.5 0.5 0.5 0.5 0.5 0.5 0.96314436 
Car 0.5 3 0 481.08676 181.86646 518.1451 214.4553 0.5 0.5 0.5 0.5 0.5 0.5 0.5 0.95799977 
Car 0.5 3 0 49.554768 209.5252 100.42872 241.32991 0.5 0.5 0.5 0.5 0.5 0.5 0.5 0.9550689 
Car 0.5 3 0 626.6458 176.41234 645.73584 192.67198 0.5 0.5 0.5 0.5 0.5 0.5 0.5 0.9362594 
Car 0.5 3 0 659.1808 174.62796 710.19745 215.99655 0.5 0.5 0.5 0.5 0.5 0.5 0.5 0.93228745 
Car 0.5 3 0 569.3889 180.2972 589.7038 193.19229 0.5 0.5 0.5 0.5 0.5 0.5 0.5 0.90600353 
Car 0.5 3 0 538.4011 181.17628 557.19305 198.0939 0.5 0.5 0.5 0.5 0.5 0.5 0.5 0.8904103 
Car 0.5 3 0 839.02936 164.281 872.27704 177.70755 0.5 0.5 0.5 0.5 0.5 0.5 0.5 0.8509508 
Car 0.5 3 0 1090.2201 121.2182 1182.8439 172.44183 0.5 0.5 0.5 0.5 0.5 0.5 0.5 0.81252426 
Car 0.5 3 0 681.94354 167.58185 717.74475 183.42574 0.5 0.5 0.5 0.5 0.5 0.5 0.5 0.7832228 
Car 0.5 3 0 509.3836 184.01128 527.1161 209.51259 0.5 0.5 0.5 0.5 0.5 0.5 0.5 0.73146105 
Car 0.5 3 0 598.81036 177.21716 611.4183 186.79684 0.5 0.5 0.5 0.5 0.5 0.5 0.5 0.6739139 
Car 0.5 3 0 518.2092 183.4816 538.80304 206.2652 0.5 0.5 0.5 0.5 0.5 0.5 0.5 0.5343934 
