Car 0.5 3 0 149.54785 212.83614 359.02655 349.09518 0.5 0.5 0.5 0.5 0.5 0.5 0.5 0.995401 
Car 0.5 3 0 537.9642 185.8542 579.7255 212.17749 0.5 0.5 0.5 0.5 0.5 0.5 0.5 0.9895107 
Car 0.5 3 0 334.88846 196.26648 443.6324 284.502 0.5 0.5 0.5 0.5 0.5 0.5 0.5 0.9890731 
Car 0.5 3 0 0.7457731 205.28418 163.34856 372.94916 0.5 0.5 0.5 0.5 0.5 0.5 0.5 0.98850167 
Car 0.5 3 0 716.6096 187.3003 750.19934 231.4323 0.5 0.5 0.5 0.5 0.5 0.5 0.5 0.97277373 
Car 0.5 3 0 689.28186 183.99998 715.66473 209.62057 0.5 0.5 0.5 0.5 0.5 0.5 0.5 0.959323 
Car 0.5 3 0 599.9816 183.07317 626.0754 198.50601 0.5 0.5 0.5 0.5 0.5 0.5 0.5 0.9534802 
Car 0.5 3 0 572.77734 184.57562 599.1077 206.51007 0.5 0.5 0.5 0.5 0.5 0.5 0.5 0.9531975 
Car 0.5 3 0 733.5097 180.44028 840.0503 254.60411 0.5 0.5 0.5 0.5 0.5 0.5 0.5 0.94857454 
Car 0.5 3 0 704.8638 186.39491 727.9852 221.91763 0.5 0.5 0.5 0.5 0.5 0.5 0.5 0.8456473 
Car 0.5 3 0 699.7749 185.65125 717.7304 215.18672 0.5 0.5 0.5 0.5 0.5 0.5 0.5 0.77838993 
Car 0.5 3 0 623.8218 182.24559 640.6609 192.22809 0.5 0.5 0.5 0.5 0.5 0.5 0.5 0.72497815 
Car 0.5 3 0 584.4414 184.64513 598.3201 204.6921 0.5 0.5 0.5 0.5 0.5 0.5 0.5 0.7005439 
Car 0.5 3 0 567.7542 184.86278 585.68866 208.97917 0.5 0.5 0.5 0.5 0.5 0.5 0.5 0.64319265 
Car 0.5 3 0 598.6571 187.9943 618.19165 198.41362 0.5 0.5 0.5 0.5 0.5 0.5 0.5 0.53794 
