Car 0.5 3 0 814.9949 189.56776 1069.4272 328.48282 0.5 0.5 0.5 0.5 0.5 0.5 0.5 0.99772435 
Car 0.5 3 0 1.4788929 202.17859 322.7282 367.6342 0.5 0.5 0.5 0.5 0.5 0.5 0.5 0.9962379 
Car 0.5 3 0 1035.7666 243.40439 1242.0 374.63354 0.5 0.5 0.5 0.5 0.5 0.5 0.5 0.9943104 
Car 0.5 3 0 500.47964 179.67519 545.0752 210.02936 0.5 0.5 0.5 0.5 0.5 0.5 0.5 0.9939913 
Car 0.5 3 0 299.99872 191.78534 432.4248 274.64767 0.5 0.5 0.5 0.5 0.5 0.5 0.5 0.99387676 
Car 0.5 3 0 739.8859 182.83463 860.07574 262.79105 0.5 0.5 0.5 0.5 0.5 0.5 0.5 0.99363744 
Car 0.5 3 0 711.6746 181.63666 774.1647 236.89249 0.5 0.5 0.5 0.5 0.5 0.5 0.5 0.98824453 
Car 0.5 3 0 406.2653 187.8993 478.46445 244.75693 0.5 0.5 0.5 0.5 0.5 0.5 0.5 0.9882075 
Car 0.5 3 0 700.87317 178.25554 744.6145 223.19173 0.5 0.5 0.5 0.5 0.5 0.5 0.5 0.97494274 
Car 0.5 3 0 533.6053 178.4346 557.1941 205.1484 0.5 0.5 0.5 0.5 0.5 0.5 0.5 0.97175175 
Car 0.5 3 0 572.0446 173.73935 629.12134 189.86966 0.5 0.5 0.5 0.5 0.5 0.5 0.5 0.97037977 
Car 0.5 3 0 1084.2284 174.71292 1215.4722 221.48344 0.5 0.5 0.5 0.5 0.5 0.5 0.5 0.9322143 
Car 0.5 3 0 688.69635 177.02792 714.2869 212.42735 0.5 0.5 0.5 0.5 0.5 0.5 0.5 0.87275594 
Car 0.5 3 0 566.1339 178.84871 584.2449 188.28285 0.5 0.5 0.5 0.5 0.5 0.5 0.5 0.6171136 
Car 0.5 3 0 1004.1925 168.86353 1096.1459 210.35986 0.5 0.5 0.5 0.5 0.5 0.5 0.5 0.5462579 
Car 0.5 3 0 1066.7775 171.61172 1112.4761 211.7233 0.5 0.5 0.5 0.5 0.5 0.5 0.5 0.52469444 
Car 0.5 3 0 926.45807 174.33966 1005.1606 196.79231 0.5 0.5 0.5 0.5 0.5 0.5 0.5 0.51774323 
