Car 0.5 3 0 866.5828 149.33694 1066.2644 216.12602 0.5 0.5 0.5 0.5 0.5 0.5 0.5 0.9951934 
Car 0.5 3 0 124.24429 206.09593 323.84976 323.0503 0.5 0.5 0.5 0.5 0.5 0.5 0.5 0.992695 
Car 0.5 3 0 0.0 229.51675 137.55243 372.2622 0.5 0.5 0.5 0.5 0.5 0.5 0.5 0.99175984 
Car 0.5 3 0 385.13812 193.07057 451.34702 240.56807 0.5 0.5 0.5 0.5 0.5 0.5 0.5 0.9917231 
Car 0.5 3 0 443.69656 189.25906 496.3054 225.1997 0.5 0.5 0.5 0.5 0.5 0.5 0.5 0.99142087 
Car 0.5 3 0 780.23804 159.11952 868.0633 203.64076 0.5 0.5 0.5 0.5 0.5 0.5 0.5 0.99100995 
Car 0.5 3 0 824.8632 157.6633 896.015 203.27493 0.5 0.5 0.5 0.5 0.5 0.5 0.5 0.98225063 
Car 0.5 3 0 1192.0009 132.26466 1241.7444 179.75938 0.5 0.5 0.5 0.5 0.5 0.5 0.5 0.98103 
Car 0.5 3 0 677.1738 177.94768 735.3582 222.40567 0.5 0.5 0.5 0.5 0.5 0.5 0.5 0.9669883 
Car 0.5 3 0 662.84955 175.63045 700.9362 214.78362 0.5 0.5 0.5 0.5 0.5 0.5 0.5 0.96655464 
Car 0.5 3 0 309.42484 198.89417 398.62234 269.1649 0.5 0.5 0.5 0.5 0.5 0.5 0.5 0.966214 
Car 0.5 3 0 595.699 174.18343 619.3203 190.85822 0.5 0.5 0.5 0.5 0.5 0.5 0.5 0.9422616 
Car 0.5 3 0 649.55414 177.29062 671.5083 206.01355 0.5 0.5 0.5 0.5 0.5 0.5 0.5 0.9119009 
Car 0.5 3 0 504.25333 180.62187 534.51337 208.63638 0.5 0.5 0.5 0.5 0.5 0.5 0.5 0.9086785 
Car 0.5 3 0 634.61053 177.43712 655.63885 199.34882 0.5 0.5 0.5 0.5 0.5 0.5 0.5 0.8960778 
Car 0.5 3 0 526.9054 180.70569 552.5572 198.1042 0.5 0.5 0.5 0.5 0.5 0.5 0.5 0.8825726 
Car 0.5 3 0 478.56674 185.68494 510.84882 217.57657 0.5 0.5 0.5 0.5 0.5 0.5 0.5 0.82948816 
Car 0.5 3 0 871.78503 147.38313 962.75116 189.2001 0.5 0.5 0.5 0.5 0.5 0.5 0.5 0.6603253 
Car 0.5 3 0 777.33887 148.3878 958.1903 202.59044 0.5 0.5 0.5 0.5 0.5 0.5 0.5 0.6565791 
Car 0.5 3 0 652.9654 177.04753 687.0109 209.91046 0.5 0.5 0.5 0.5 0.5 0.5 0.5 0.6393729 
