Car 0.5 3 0 151.30794 192.44351 335.10745 295.48666 0.5 0.5 0.5 0.5 0.5 0.5 0.5 0.99672276 
Car 0.5 3 0 476.56653 186.67332 533.95483 225.55957 0.5 0.5 0.5 0.5 0.5 0.5 0.5 0.99486357 
Car 0.5 3 0 0.37853783 195.11742 151.52666 362.63168 0.5 0.5 0.5 0.5 0.5 0.5 0.5 0.99296993 
Car 0.5 3 0 703.0417 165.87746 799.5189 199.88243 0.5 0.5 0.5 0.5 0.5 0.5 0.5 0.9925891 
Car 0.5 3 0 461.5591 187.10602 490.8875 214.64252 0.5 0.5 0.5 0.5 0.5 0.5 0.5 0.98469746 
Car 0.5 3 0 523.5216 182.93602 551.23816 211.28964 0.5 0.5 0.5 0.5 0.5 0.5 0.5 0.983585 
Car 0.5 3 0 627.3987 178.62595 660.75635 204.03804 0.5 0.5 0.5 0.5 0.5 0.5 0.5 0.9780042 
Car 0.5 3 0 372.55814 192.9357 439.10892 234.00624 0.5 0.5 0.5 0.5 0.5 0.5 0.5 0.9715039 
Car 0.5 3 0 787.7193 162.11763 830.26373 178.26857 0.5 0.5 0.5 0.5 0.5 0.5 0.5 0.8708943 
Car 0.5 3 0 1142.7672 154.82855 1240.1001 193.65434 0.5 0.5 0.5 0.5 0.5 0.5 0.5 0.78757626 
Car 0.5 3 0 697.879 169.0436 726.01935 193.56302 0.5 0.5 0.5 0.5 0.5 0.5 0.5 0.77128327 
Car 0.5 3 0 890.413 149.815 937.4768 175.43935 0.5 0.5 0.5 0.5 0.5 0.5 0.5 0.7248321 
Car 0.5 3 0 830.332 161.20128 856.0064 177.43864 0.5 0.5 0.5 0.5 0.5 0.5 0.5 0.70712847 
Car 0.5 3 0 840.16516 160.9311 869.252 178.95802 0.5 0.5 0.5 0.5 0.5 0.5 0.5 0.6834651 
Car 0.5 3 0 605.1895 176.50572 630.7437 192.06577 0.5 0.5 0.5 0.5 0.5 0.5 0.5 0.6279973 
Car 0.5 3 0 845.64856 158.41252 887.27954 178.93619 0.5 0.5 0.5 0.5 0.5 0.5 0.5 0.5684537 
