Car 0.5 3 0 696.3315 188.29918 783.8592 249.41856 0.5 0.5 0.5 0.5 0.5 0.5 0.5 0.9976769 
Car 0.5 3 0 1.5657843 264.65466 108.21084 373.15628 0.5 0.5 0.5 0.5 0.5 0.5 0.5 0.9952897 
Car 0.5 3 0 680.0144 184.97809 730.04114 230.60933 0.5 0.5 0.5 0.5 0.5 0.5 0.5 0.9904727 
Car 0.5 3 0 991.3743 168.60971 1195.046 234.01785 0.5 0.5 0.5 0.5 0.5 0.5 0.5 0.987115 
Car 0.5 3 0 875.668 177.29553 1011.7246 212.33928 0.5 0.5 0.5 0.5 0.5 0.5 0.5 0.97712916 
Car 0.5 3 0 481.18668 183.24509 531.90845 220.27791 0.5 0.5 0.5 0.5 0.5 0.5 0.5 0.96681297 
Car 0.5 3 0 517.5811 183.99387 541.26843 213.70953 0.5 0.5 0.5 0.5 0.5 0.5 0.5 0.9641256 
Car 0.5 3 0 661.1519 179.2619 688.69684 202.11864 0.5 0.5 0.5 0.5 0.5 0.5 0.5 0.94274634 
Car 0.5 3 0 540.8282 184.36613 563.2814 207.5086 0.5 0.5 0.5 0.5 0.5 0.5 0.5 0.92892194 
Car 0.5 3 0 584.36035 180.73119 614.15454 196.32014 0.5 0.5 0.5 0.5 0.5 0.5 0.5 0.88699913 
Car 0.5 3 0 617.2599 181.06746 632.271 190.7752 0.5 0.5 0.5 0.5 0.5 0.5 0.5 0.85000205 
Car 0.5 3 0 1015.4858 275.24518 1239.1829 373.78842 0.5 0.5 0.5 0.5 0.5 0.5 0.5 0.81894 
Car 0.5 3 0 599.6969 180.23068 615.07837 193.86852 0.5 0.5 0.5 0.5 0.5 0.5 0.5 0.79844064 
Car 0.5 3 0 274.2317 187.73483 324.2278 212.45479 0.5 0.5 0.5 0.5 0.5 0.5 0.5 0.7822067 
Car 0.5 3 0 536.66 184.99629 553.8263 210.25537 0.5 0.5 0.5 0.5 0.5 0.5 0.5 0.7177547 
Car 0.5 3 0 555.5739 180.40315 576.4752 192.57108 0.5 0.5 0.5 0.5 0.5 0.5 0.5 0.7134795 
Car 0.5 3 0 584.7932 182.41084 601.4125 196.06836 0.5 0.5 0.5 0.5 0.5 0.5 0.5 0.6937165 
