Car 0.5 3 0 788.57794 176.68375 1195.6759 374.25095 0.5 0.5 0.5 0.5 0.5 0.5 0.5 0.99567777 
Car 0.5 3 0 534.1398 178.59377 566.77185 204.36617 0.5 0.5 0.5 0.5 0.5 0.5 0.5 0.9941493 
Car 0.5 3 0 395.4592 180.98256 456.8022 234.4408 0.5 0.5 0.5 0.5 0.5 0.5 0.5 0.9872563 
Car 0.5 3 0 1.3187228 216.51094 246.88583 365.76746 0.5 0.5 0.5 0.5 0.5 0.5 0.5 0.986922 
Car 0.5 3 0 690.38525 165.23271 769.20184 192.8749 0.5 0.5 0.5 0.5 0.5 0.5 0.5 0.98297083 
Car 0.5 3 0 998.2552 158.56113 1151.4386 188.73848 0.5 0.5 0.5 0.5 0.5 0.5 0.5 0.97548795 
Car 0.5 3 0 450.07092 181.43626 497.2806 216.55554 0.5 0.5 0.5 0.5 0.5 0.5 0.5 0.97046405 
Car 0.5 3 0 634.6166 174.77083 658.2997 194.64781 0.5 0.5 0.5 0.5 0.5 0.5 0.5 0.96257144 
Car 0.5 3 0 502.7917 179.47472 536.0653 203.86555 0.5 0.5 0.5 0.5 0.5 0.5 0.5 0.959302 
Car 0.5 3 0 274.74002 177.93758 409.50568 262.97992 0.5 0.5 0.5 0.5 0.5 0.5 0.5 0.9444942 
Car 0.5 3 0 565.37787 179.96329 577.8298 195.32376 0.5 0.5 0.5 0.5 0.5 0.5 0.5 0.7229945 
Car 0.5 3 0 811.08185 160.64468 846.88654 177.87895 0.5 0.5 0.5 0.5 0.5 0.5 0.5 0.69074106 
Car 0.5 3 0 840.5059 155.57211 880.1106 176.46498 0.5 0.5 0.5 0.5 0.5 0.5 0.5 0.59360486 
