Car 0.5 3 0 866.14996 207.04512 1242.0 374.34753 0.5 0.5 0.5 0.5 0.5 0.5 0.5 0.99748874 
Car 0.5 3 0 435.3423 186.14116 512.4487 234.49646 0.5 0.5 0.5 0.5 0.5 0.5 0.5 0.9962831 
Car 0.5 3 0 734.6621 180.99081 808.239 244.263 0.5 0.5 0.5 0.5 0.5 0.5 0.5 0.9901895 
Car 0.5 3 0 771.3735 183.6747 923.3595 279.3348 0.5 0.5 0.5 0.5 0.5 0.5 0.5 0.98941004 
Car 0.5 3 0 710.54333 182.32614 765.3438 223.55798 0.5 0.5 0.5 0.5 0.5 0.5 0.5 0.98479617 
Car 0.5 3 0 689.6484 178.3229 718.922 212.35074 0.5 0.5 0.5 0.5 0.5 0.5 0.5 0.977401 
Car 0.5 3 0 496.82715 184.19145 534.9943 221.47536 0.5 0.5 0.5 0.5 0.5 0.5 0.5 0.9696638 
Car 0.5 3 0 555.15186 178.47955 591.70294 199.98396 0.5 0.5 0.5 0.5 0.5 0.5 0.5 0.9693289 
Car 0.5 3 0 947.0708 174.52249 999.32635 203.43074 0.5 0.5 0.5 0.5 0.5 0.5 0.5 0.94940454 
Car 0.5 3 0 529.2061 183.47542 551.9768 213.91722 0.5 0.5 0.5 0.5 0.5 0.5 0.5 0.90790546 
Car 0.5 3 0 698.6733 179.90161 730.0067 216.89188 0.5 0.5 0.5 0.5 0.5 0.5 0.5 0.74096143 
Car 0.5 3 0 513.96783 183.27802 546.0104 217.98651 0.5 0.5 0.5 0.5 0.5 0.5 0.5 0.731452 
Car 0.5 3 0 680.2623 178.63156 695.06445 201.50151 0.5 0.5 0.5 0.5 0.5 0.5 0.5 0.653623 
Car 0.5 3 0 685.20715 177.3811 709.35657 206.84079 0.5 0.5 0.5 0.5 0.5 0.5 0.5 0.64636207 
