Car 0.5 3 0 786.42926 181.32335 1228.5265 372.99265 0.5 0.5 0.5 0.5 0.5 0.5 0.5 0.9965233 
Car 0.5 3 0 385.60345 195.32462 462.49725 243.24867 0.5 0.5 0.5 0.5 0.5 0.5 0.5 0.9940899 
Car 0.5 3 0 688.4602 182.03952 748.52356 240.0834 0.5 0.5 0.5 0.5 0.5 0.5 0.5 0.98951936 
Car 0.5 3 0 719.4195 183.2353 842.1966 271.9537 0.5 0.5 0.5 0.5 0.5 0.5 0.5 0.98594785 
Car 0.5 3 0 1079.2542 144.66522 1135.5892 165.8872 0.5 0.5 0.5 0.5 0.5 0.5 0.5 0.9656614 
Car 0.5 3 0 574.98334 179.85847 598.56445 196.56725 0.5 0.5 0.5 0.5 0.5 0.5 0.5 0.9569541 
Car 0.5 3 0 526.5212 183.45415 547.9671 204.54729 0.5 0.5 0.5 0.5 0.5 0.5 0.5 0.8978515 
Car 0.5 3 0 633.8966 180.1112 667.1004 202.45604 0.5 0.5 0.5 0.5 0.5 0.5 0.5 0.8855715 
Car 0.5 3 0 495.29346 188.22784 529.9979 209.0431 0.5 0.5 0.5 0.5 0.5 0.5 0.5 0.88349235 
Car 0.5 3 0 1138.8727 133.39139 1189.3928 160.32285 0.5 0.5 0.5 0.5 0.5 0.5 0.5 0.8014243 
Car 0.5 3 0 620.2141 178.87549 634.1471 190.36661 0.5 0.5 0.5 0.5 0.5 0.5 0.5 0.785793 
Car 0.5 3 0 659.62024 171.81726 686.4799 186.95923 0.5 0.5 0.5 0.5 0.5 0.5 0.5 0.7215612 
Car 0.5 3 0 639.3161 178.87323 664.5905 194.7342 0.5 0.5 0.5 0.5 0.5 0.5 0.5 0.59789777 
Car 0.5 3 0 1129.0942 138.80768 1168.2134 162.98329 0.5 0.5 0.5 0.5 0.5 0.5 0.5 0.56939363 
Car 0.5 3 0 599.4725 178.91617 613.3262 188.74445 0.5 0.5 0.5 0.5 0.5 0.5 0.5 0.5449599 
