Car 0.5 3 0 824.43604 188.9495 1240.4957 372.24695 0.5 0.5 0.5 0.5 0.5 0.5 0.5 0.99782 
Car 0.5 3 0 138.54137 196.5881 318.64722 310.09366 0.5 0.5 0.5 0.5 0.5 0.5 0.5 0.9950277 
Car 0.5 3 0 0.0 208.76363 141.93355 363.81845 0.5 0.5 0.5 0.5 0.5 0.5 0.5 0.99471635 
Car 0.5 3 0 738.7051 186.06195 892.9088 283.79807 0.5 0.5 0.5 0.5 0.5 0.5 0.5 0.99457955 
Pedestrian 0.5 3 0 810.2724 149.46338 840.7396 185.13004 0.5 0.5 0.5 0.5 0.5 0.5 0.5 0.9754465 
Car 0.5 3 0 304.10724 175.25784 412.55508 214.85701 0.5 0.5 0.5 0.5 0.5 0.5 0.5 0.94824374 
Pedestrian 0.5 3 0 846.74255 151.20563 873.0561 196.75163 0.5 0.5 0.5 0.5 0.5 0.5 0.5 0.9344134 
Car 0.5 3 0 963.802 164.08664 998.5418 188.82512 0.5 0.5 0.5 0.5 0.5 0.5 0.5 0.751577 
Car 0.5 3 0 404.19778 174.23814 452.81335 197.7377 0.5 0.5 0.5 0.5 0.5 0.5 0.5 0.73642224 
Car 0.5 3 0 274.43344 178.28325 327.2161 208.17584 0.5 0.5 0.5 0.5 0.5 0.5 0.5 0.7266413 
Car 0.5 3 0 1044.4501 156.36731 1094.0869 171.68887 0.5 0.5 0.5 0.5 0.5 0.5 0.5 0.6314446 
