Car 0.5 3 0 851.8183 207.19397 1237.0632 374.9479 0.5 0.5 0.5 0.5 0.5 0.5 0.5 0.99807835 
Car 0.5 3 0 765.27124 188.58295 922.6423 282.17035 0.5 0.5 0.5 0.5 0.5 0.5 0.5 0.99273914 
Car 0.5 3 0 432.9991 183.05377 514.92096 240.97203 0.5 0.5 0.5 0.5 0.5 0.5 0.5 0.99266195 
Car 0.5 3 0 1155.365 202.73277 1241.7614 246.54619 0.5 0.5 0.5 0.5 0.5 0.5 0.5 0.98241526 
Car 0.5 3 0 532.98114 182.61766 569.4566 215.11235 0.5 0.5 0.5 0.5 0.5 0.5 0.5 0.9806285 
Car 0.5 3 0 497.46396 182.63861 539.3517 225.31952 0.5 0.5 0.5 0.5 0.5 0.5 0.5 0.96288425 
Car 0.5 3 0 595.99243 178.67903 618.71936 195.75494 0.5 0.5 0.5 0.5 0.5 0.5 0.5 0.8962191 
Car 0.5 3 0 635.25543 178.14688 651.65344 188.5058 0.5 0.5 0.5 0.5 0.5 0.5 0.5 0.84871155 
Car 0.5 3 0 691.534 173.37497 728.4084 205.68962 0.5 0.5 0.5 0.5 0.5 0.5 0.5 0.84564334 
Car 0.5 3 0 614.5553 177.63484 633.7328 193.5856 0.5 0.5 0.5 0.5 0.5 0.5 0.5 0.73570186 
Car 0.5 3 0 600.23926 177.66129 630.62317 195.17548 0.5 0.5 0.5 0.5 0.5 0.5 0.5 0.61712253 
Car 0.5 3 0 132.17004 189.25151 274.51575 226.89319 0.5 0.5 0.5 0.5 0.5 0.5 0.5 0.52703357 
