Car 0.5 3 0 751.5605 180.23671 1008.6945 331.04102 0.5 0.5 0.5 0.5 0.5 0.5 0.5 0.9980262 
Car 0.5 3 0 542.5484 176.16324 573.8256 200.76506 0.5 0.5 0.5 0.5 0.5 0.5 0.5 0.99487513 
Car 0.5 3 0 55.114716 206.13225 311.6077 322.351 0.5 0.5 0.5 0.5 0.5 0.5 0.5 0.9925563 
Car 0.5 3 0 0.9346563 245.8089 47.973682 375.0 0.5 0.5 0.5 0.5 0.5 0.5 0.5 0.9920797 
Car 0.5 3 0 419.9031 179.1327 472.56973 227.90201 0.5 0.5 0.5 0.5 0.5 0.5 0.5 0.9748258 
Car 0.5 3 0 326.3717 177.06429 432.9179 249.0342 0.5 0.5 0.5 0.5 0.5 0.5 0.5 0.97397864 
Car 0.5 3 0 510.29297 178.58636 541.45996 201.26622 0.5 0.5 0.5 0.5 0.5 0.5 0.5 0.9704706 
Car 0.5 3 0 637.10144 173.95985 660.0736 192.26212 0.5 0.5 0.5 0.5 0.5 0.5 0.5 0.9626842 
Car 0.5 3 0 690.80865 165.04848 760.7187 190.2298 0.5 0.5 0.5 0.5 0.5 0.5 0.5 0.9552949 
Car 0.5 3 0 467.431 180.58208 506.74176 216.32889 0.5 0.5 0.5 0.5 0.5 0.5 0.5 0.94479597 
Car 0.5 3 0 930.6676 160.09697 1042.7805 182.34274 0.5 0.5 0.5 0.5 0.5 0.5 0.5 0.9091097 
Car 0.5 3 0 569.8299 174.3609 584.0167 193.49995 0.5 0.5 0.5 0.5 0.5 0.5 0.5 0.60233384 
Car 0.5 3 0 485.03336 181.47641 508.73615 210.37541 0.5 0.5 0.5 0.5 0.5 0.5 0.5 0.60217226 
Car 0.5 3 0 656.2093 166.5048 698.3553 180.55266 0.5 0.5 0.5 0.5 0.5 0.5 0.5 0.51352876 
