Car 0.5 3 0 286.9037 199.03157 403.42728 269.21738 0.5 0.5 0.5 0.5 0.5 0.5 0.5 0.99632084 
Car 0.5 3 0 391.1213 194.37819 455.13693 243.19978 0.5 0.5 0.5 0.5 0.5 0.5 0.5 0.99551183 
Car 0.5 3 0 674.1184 179.74979 754.3532 238.80383 0.5 0.5 0.5 0.5 0.5 0.5 0.5 0.9658896 
Car 0.5 3 0 630.1891 178.36041 652.4363 195.23341 0.5 0.5 0.5 0.5 0.5 0.5 0.5 0.95733 
Car 0.5 3 0 16.210953 207.47137 102.87398 226.24333 0.5 0.5 0.5 0.5 0.5 0.5 0.5 0.92175525 
Car 0.5 3 0 502.70148 184.49997 530.33185 208.90154 0.5 0.5 0.5 0.5 0.5 0.5 0.5 0.9150982 
Car 0.5 3 0 442.9375 181.82257 495.76456 224.02301 0.5 0.5 0.5 0.5 0.5 0.5 0.5 0.911363 
Car 0.5 3 0 0.0047040884 207.53035 23.701078 226.18471 0.5 0.5 0.5 0.5 0.5 0.5 0.5 0.90273947 
Car 0.5 3 0 562.6768 180.02576 586.02576 196.05179 0.5 0.5 0.5 0.5 0.5 0.5 0.5 0.90205526 
Car 0.5 3 0 530.25323 182.1927 551.8865 199.86153 0.5 0.5 0.5 0.5 0.5 0.5 0.5 0.8963812 
Car 0.5 3 0 488.81778 184.66933 510.58237 215.78973 0.5 0.5 0.5 0.5 0.5 0.5 0.5 0.7650917 
Car 0.5 3 0 1130.1814 138.54791 1242.0 190.00943 0.5 0.5 0.5 0.5 0.5 0.5 0.5 0.696939 
Car 0.5 3 0 672.0604 171.99045 733.3361 192.08643 0.5 0.5 0.5 0.5 0.5 0.5 0.5 0.6734576 
Car 0.5 3 0 596.65485 177.28545 610.45953 188.29532 0.5 0.5 0.5 0.5 0.5 0.5 0.5 0.6058458 
Car 0.5 3 0 751.0368 171.59903 787.8263 186.12614 0.5 0.5 0.5 0.5 0.5 0.5 0.5 0.55021536 
Cyclist 0.5 3 0 61.241608 234.63889 144.54684 309.13065 0.5 0.5 0.5 0.5 0.5 0.5 0.5 0.5123377 
