Car 0.5 3 0 950.113 234.87184 1238.9015 373.59686 0.5 0.5 0.5 0.5 0.5 0.5 0.5 0.99798536 
Pedestrian 0.5 3 0 957.9291 134.0669 1020.796 286.45844 0.5 0.5 0.5 0.5 0.5 0.5 0.5 0.9973181 
Car 0.5 3 0 830.34576 169.74243 922.2012 207.22758 0.5 0.5 0.5 0.5 0.5 0.5 0.5 0.9967512 
Pedestrian 0.5 3 0 1022.52673 132.84752 1080.0858 285.863 0.5 0.5 0.5 0.5 0.5 0.5 0.5 0.99504846 
Car 0.5 3 0 199.96664 179.62491 342.8443 234.56453 0.5 0.5 0.5 0.5 0.5 0.5 0.5 0.9932997 
Car 0.5 3 0 37.351334 203.9276 134.98512 242.67433 0.5 0.5 0.5 0.5 0.5 0.5 0.5 0.9918811 
Car 0.5 3 0 121.300255 191.30077 174.974 221.46194 0.5 0.5 0.5 0.5 0.5 0.5 0.5 0.9763317 
Car 0.5 3 0 339.89636 189.57913 367.00528 209.57808 0.5 0.5 0.5 0.5 0.5 0.5 0.5 0.95296305 
Car 0.5 3 0 339.15335 178.78299 411.86 208.66078 0.5 0.5 0.5 0.5 0.5 0.5 0.5 0.9134659 
Car 0.5 3 0 1.5452051 208.65747 69.84914 267.30707 0.5 0.5 0.5 0.5 0.5 0.5 0.5 0.8116755 
Car 0.5 3 0 187.54242 182.45876 243.30351 211.96733 0.5 0.5 0.5 0.5 0.5 0.5 0.5 0.7740639 
Car 0.5 3 0 1074.8503 162.1338 1129.3933 187.05565 0.5 0.5 0.5 0.5 0.5 0.5 0.5 0.6305666 
Car 0.5 3 0 942.2802 178.83961 964.5814 203.20097 0.5 0.5 0.5 0.5 0.5 0.5 0.5 0.55222845 
Car 0.5 3 0 34.026665 219.71027 68.62364 260.25113 0.5 0.5 0.5 0.5 0.5 0.5 0.5 0.51602495 
