Car 0.5 3 0 844.6885 203.32784 1148.1405 356.35373 0.5 0.5 0.5 0.5 0.5 0.5 0.5 0.99726933 
Car 0.5 3 0 444.35495 186.64618 519.8079 234.12923 0.5 0.5 0.5 0.5 0.5 0.5 0.5 0.9971751 
Car 0.5 3 0 732.49335 184.94435 793.5434 243.40057 0.5 0.5 0.5 0.5 0.5 0.5 0.5 0.9888455 
Car 0.5 3 0 688.70447 178.54225 719.46545 212.65015 0.5 0.5 0.5 0.5 0.5 0.5 0.5 0.9867063 
Car 0.5 3 0 760.1624 183.40881 896.3856 271.65546 0.5 0.5 0.5 0.5 0.5 0.5 0.5 0.98467743 
Car 0.5 3 0 709.6405 183.74388 760.02655 223.84944 0.5 0.5 0.5 0.5 0.5 0.5 0.5 0.9815045 
Car 0.5 3 0 505.74942 184.4911 541.101 219.69527 0.5 0.5 0.5 0.5 0.5 0.5 0.5 0.96871334 
Car 0.5 3 0 557.9406 181.26793 589.74023 200.8254 0.5 0.5 0.5 0.5 0.5 0.5 0.5 0.94498825 
Car 0.5 3 0 1131.4434 275.92166 1239.0354 366.5196 0.5 0.5 0.5 0.5 0.5 0.5 0.5 0.8348192 
Car 0.5 3 0 950.06824 175.93416 994.43225 202.98828 0.5 0.5 0.5 0.5 0.5 0.5 0.5 0.7706757 
Car 0.5 3 0 1169.8402 175.69916 1240.0675 223.03139 0.5 0.5 0.5 0.5 0.5 0.5 0.5 0.699469 
Car 0.5 3 0 529.4486 184.35452 553.9156 214.83475 0.5 0.5 0.5 0.5 0.5 0.5 0.5 0.6649922 
Car 0.5 3 0 582.09 180.01941 595.2611 197.86296 0.5 0.5 0.5 0.5 0.5 0.5 0.5 0.5062327 
