Car 0.5 3 0 166.08661 199.36789 346.18335 296.02798 0.5 0.5 0.5 0.5 0.5 0.5 0.5 0.99318236 
Car 0.5 3 0 693.2375 180.24327 801.0811 251.44159 0.5 0.5 0.5 0.5 0.5 0.5 0.5 0.99239916 
Car 0.5 3 0 333.5602 194.10652 426.6396 257.0382 0.5 0.5 0.5 0.5 0.5 0.5 0.5 0.9915194 
Car 0.5 3 0 557.3047 178.56728 583.92773 197.48926 0.5 0.5 0.5 0.5 0.5 0.5 0.5 0.9612658 
Car 0.5 3 0 634.36334 177.05775 656.01544 193.38782 0.5 0.5 0.5 0.5 0.5 0.5 0.5 0.95863646 
Car 0.5 3 0 417.27966 179.66551 479.55814 227.90546 0.5 0.5 0.5 0.5 0.5 0.5 0.5 0.9450363 
Car 0.5 3 0 525.5799 180.07664 548.2877 199.1187 0.5 0.5 0.5 0.5 0.5 0.5 0.5 0.9401854 
Car 0.5 3 0 496.89236 181.7696 524.32983 211.12997 0.5 0.5 0.5 0.5 0.5 0.5 0.5 0.9387897 
Car 0.5 3 0 469.0772 181.1042 501.72278 217.65271 0.5 0.5 0.5 0.5 0.5 0.5 0.5 0.93758124 
Car 0.5 3 0 680.2219 168.27371 743.97534 190.38663 0.5 0.5 0.5 0.5 0.5 0.5 0.5 0.89823544 
Car 0.5 3 0 598.3057 174.03879 610.89087 185.89835 0.5 0.5 0.5 0.5 0.5 0.5 0.5 0.8460225 
Car 0.5 3 0 463.2724 180.8964 489.18317 221.41397 0.5 0.5 0.5 0.5 0.5 0.5 0.5 0.6277259 
