Car 0.5 3 0 789.7212 200.537 976.1446 297.92136 0.5 0.5 0.5 0.5 0.5 0.5 0.5 0.9953466 
Car 0.5 3 0 470.30032 187.35582 535.71985 228.60352 0.5 0.5 0.5 0.5 0.5 0.5 0.5 0.99333006 
Car 0.5 3 0 741.05927 184.65443 836.18335 255.98526 0.5 0.5 0.5 0.5 0.5 0.5 0.5 0.98563504 
Car 0.5 3 0 718.056 186.82977 764.97894 234.18854 0.5 0.5 0.5 0.5 0.5 0.5 0.5 0.9686146 
Car 0.5 3 0 525.6074 185.3829 552.72015 217.62216 0.5 0.5 0.5 0.5 0.5 0.5 0.5 0.95931816 
Car 0.5 3 0 568.4701 182.36848 597.62225 201.50868 0.5 0.5 0.5 0.5 0.5 0.5 0.5 0.955122 
Car 0.5 3 0 690.2889 181.25885 714.2345 213.62115 0.5 0.5 0.5 0.5 0.5 0.5 0.5 0.95327574 
Car 0.5 3 0 704.1787 183.66133 735.9051 220.74483 0.5 0.5 0.5 0.5 0.5 0.5 0.5 0.94225 
Car 0.5 3 0 665.3078 179.7482 688.83716 191.806 0.5 0.5 0.5 0.5 0.5 0.5 0.5 0.9307611 
Car 0.5 3 0 912.5667 173.97867 1236.4847 367.9669 0.5 0.5 0.5 0.5 0.5 0.5 0.5 0.8828271 
Car 0.5 3 0 684.20264 181.32367 705.88464 211.50737 0.5 0.5 0.5 0.5 0.5 0.5 0.5 0.8679549 
Car 0.5 3 0 922.2004 178.2748 971.6894 202.60632 0.5 0.5 0.5 0.5 0.5 0.5 0.5 0.83994615 
Car 0.5 3 0 545.3602 188.82999 565.5563 212.44704 0.5 0.5 0.5 0.5 0.5 0.5 0.5 0.835807 
Car 0.5 3 0 697.8642 181.00146 722.7473 216.90437 0.5 0.5 0.5 0.5 0.5 0.5 0.5 0.8335284 
Car 0.5 3 0 537.8326 185.6771 559.98083 213.85855 0.5 0.5 0.5 0.5 0.5 0.5 0.5 0.6722452 
