Car 0.5 3 0 0.32720694 213.22081 244.24022 373.65768 0.5 0.5 0.5 0.5 0.5 0.5 0.5 0.9982772 
Car 0.5 3 0 218.8387 196.5333 402.83362 300.2632 0.5 0.5 0.5 0.5 0.5 0.5 0.5 0.99632204 
Car 0.5 3 0 859.0363 196.73387 1241.085 372.65604 0.5 0.5 0.5 0.5 0.5 0.5 0.5 0.9961486 
Car 0.5 3 0 706.05273 179.98903 758.36945 229.93002 0.5 0.5 0.5 0.5 0.5 0.5 0.5 0.9942773 
Car 0.5 3 0 753.80585 185.43608 915.8731 282.04282 0.5 0.5 0.5 0.5 0.5 0.5 0.5 0.9931062 
Car 0.5 3 0 374.6787 190.56839 461.06516 256.7126 0.5 0.5 0.5 0.5 0.5 0.5 0.5 0.9877699 
Car 0.5 3 0 718.9291 180.829 795.86176 247.97952 0.5 0.5 0.5 0.5 0.5 0.5 0.5 0.9863956 
Car 0.5 3 0 690.4286 179.8558 722.1685 215.95021 0.5 0.5 0.5 0.5 0.5 0.5 0.5 0.98225844 
Car 0.5 3 0 490.05014 180.17578 538.6762 214.08804 0.5 0.5 0.5 0.5 0.5 0.5 0.5 0.9814595 
Car 0.5 3 0 527.0849 179.60704 553.11646 207.54562 0.5 0.5 0.5 0.5 0.5 0.5 0.5 0.9737567 
Car 0.5 3 0 597.22925 174.43877 634.88824 191.34476 0.5 0.5 0.5 0.5 0.5 0.5 0.5 0.9654309 
Car 0.5 3 0 1128.4158 180.17365 1241.6925 241.74872 0.5 0.5 0.5 0.5 0.5 0.5 0.5 0.94835645 
Car 0.5 3 0 557.3466 178.33713 575.9972 189.89142 0.5 0.5 0.5 0.5 0.5 0.5 0.5 0.8452599 
Car 0.5 3 0 666.57733 176.37517 687.9427 189.73772 0.5 0.5 0.5 0.5 0.5 0.5 0.5 0.78332305 
Car 0.5 3 0 575.07245 178.63507 596.12384 189.82494 0.5 0.5 0.5 0.5 0.5 0.5 0.5 0.7656817 
Car 0.5 3 0 631.8683 179.96611 645.1594 190.03134 0.5 0.5 0.5 0.5 0.5 0.5 0.5 0.66489387 
