Car 0.5 3 0 0.0 209.9157 87.96004 363.07574 0.5 0.5 0.5 0.5 0.5 0.5 0.5 0.99505335 
Car 0.5 3 0 453.5943 183.35448 503.89435 218.7084 0.5 0.5 0.5 0.5 0.5 0.5 0.5 0.99086225 
Car 0.5 3 0 59.838963 182.38196 167.32504 238.92793 0.5 0.5 0.5 0.5 0.5 0.5 0.5 0.98900604 
Car 0.5 3 0 339.91125 181.41797 418.23453 212.18634 0.5 0.5 0.5 0.5 0.5 0.5 0.5 0.98748916 
Pedestrian 0.5 3 0 684.456 171.32013 703.2285 216.403 0.5 0.5 0.5 0.5 0.5 0.5 0.5 0.9702904 
Car 0.5 3 0 2.0369573 187.83253 82.10002 234.16805 0.5 0.5 0.5 0.5 0.5 0.5 0.5 0.95638424 
Car 0.5 3 0 637.52765 174.95374 695.6717 197.69186 0.5 0.5 0.5 0.5 0.5 0.5 0.5 0.9461779 
Car 0.5 3 0 1021.61084 319.217 1239.8118 370.76385 0.5 0.5 0.5 0.5 0.5 0.5 0.5 0.9450863 
Car 0.5 3 0 549.9719 177.19537 591.9968 200.24643 0.5 0.5 0.5 0.5 0.5 0.5 0.5 0.9028826 
Pedestrian 0.5 3 0 540.35583 172.1253 556.2621 208.43948 0.5 0.5 0.5 0.5 0.5 0.5 0.5 0.7069522 
Car 0.5 3 0 490.34995 171.38461 513.781 196.30751 0.5 0.5 0.5 0.5 0.5 0.5 0.5 0.5967695 
