Car 0.5 3 0 54.77588 207.272 301.24274 339.8295 0.5 0.5 0.5 0.5 0.5 0.5 0.5 0.99804807 
Car 0.5 3 0 602.87756 176.6316 645.3468 196.122 0.5 0.5 0.5 0.5 0.5 0.5 0.5 0.99297357 
Car 0.5 3 0 833.78455 188.48468 1198.2036 370.0304 0.5 0.5 0.5 0.5 0.5 0.5 0.5 0.98869586 
Car 0.5 3 0 486.17084 186.47421 513.59216 214.17677 0.5 0.5 0.5 0.5 0.5 0.5 0.5 0.9681271 
Car 0.5 3 0 453.92197 187.8064 497.66788 220.68306 0.5 0.5 0.5 0.5 0.5 0.5 0.5 0.962947 
Car 0.5 3 0 253.77786 195.50655 303.65497 222.69168 0.5 0.5 0.5 0.5 0.5 0.5 0.5 0.9617024 
Car 0.5 3 0 112.05837 201.59218 168.7251 236.9171 0.5 0.5 0.5 0.5 0.5 0.5 0.5 0.95466715 
Car 0.5 3 0 501.82764 180.06927 534.16455 205.58179 0.5 0.5 0.5 0.5 0.5 0.5 0.5 0.9500102 
Car 0.5 3 0 545.2877 179.21925 561.51526 194.45528 0.5 0.5 0.5 0.5 0.5 0.5 0.5 0.92844397 
Car 0.5 3 0 186.24173 196.8258 256.6286 211.5118 0.5 0.5 0.5 0.5 0.5 0.5 0.5 0.92629856 
Car 0.5 3 0 645.3456 174.77296 688.4688 207.07379 0.5 0.5 0.5 0.5 0.5 0.5 0.5 0.90907985 
Car 0.5 3 0 676.4213 167.34988 705.4095 182.72545 0.5 0.5 0.5 0.5 0.5 0.5 0.5 0.90100527 
Car 0.5 3 0 573.4377 177.32658 590.9066 189.74208 0.5 0.5 0.5 0.5 0.5 0.5 0.5 0.8950134 
Car 0.5 3 0 530.97284 180.34125 548.30286 200.28816 0.5 0.5 0.5 0.5 0.5 0.5 0.5 0.5299906 
