Car 0.5 3 0 0.0 245.38077 120.39933 371.24216 0.5 0.5 0.5 0.5 0.5 0.5 0.5 0.9964156 
Car 0.5 3 0 929.1758 143.11505 1240.7003 371.15964 0.5 0.5 0.5 0.5 0.5 0.5 0.5 0.9964154 
Car 0.5 3 0 65.96713 215.70242 247.74522 343.6509 0.5 0.5 0.5 0.5 0.5 0.5 0.5 0.9955029 
Car 0.5 3 0 543.8674 189.3813 607.8388 231.04105 0.5 0.5 0.5 0.5 0.5 0.5 0.5 0.99429697 
Car 0.5 3 0 368.0213 190.95619 414.55768 222.50513 0.5 0.5 0.5 0.5 0.5 0.5 0.5 0.993159 
Car 0.5 3 0 661.14075 202.44438 848.59033 308.33838 0.5 0.5 0.5 0.5 0.5 0.5 0.5 0.9743309 
Car 0.5 3 0 536.7305 190.46005 562.4614 222.08643 0.5 0.5 0.5 0.5 0.5 0.5 0.5 0.96280867 
Car 0.5 3 0 419.36633 191.44139 436.21362 210.68768 0.5 0.5 0.5 0.5 0.5 0.5 0.5 0.94899637 
Car 0.5 3 0 523.74493 185.69661 546.4905 203.94188 0.5 0.5 0.5 0.5 0.5 0.5 0.5 0.910094 
Car 0.5 3 0 452.5782 187.28738 472.9022 201.52478 0.5 0.5 0.5 0.5 0.5 0.5 0.5 0.89984375 
Car 0.5 3 0 752.52045 172.18938 858.8612 216.87715 0.5 0.5 0.5 0.5 0.5 0.5 0.5 0.88203037 
Car 0.5 3 0 164.92065 196.23889 227.48901 218.35593 0.5 0.5 0.5 0.5 0.5 0.5 0.5 0.8701048 
Car 0.5 3 0 401.6391 192.06195 423.0276 214.351 0.5 0.5 0.5 0.5 0.5 0.5 0.5 0.8413389 
Car 0.5 3 0 483.20312 188.07744 495.27002 196.79741 0.5 0.5 0.5 0.5 0.5 0.5 0.5 0.832174 
Car 0.5 3 0 682.5542 182.08047 757.97815 205.5589 0.5 0.5 0.5 0.5 0.5 0.5 0.5 0.7743569 
Car 0.5 3 0 414.68796 192.51324 429.33386 212.03735 0.5 0.5 0.5 0.5 0.5 0.5 0.5 0.76059115 
Car 0.5 3 0 543.0597 188.15375 577.8996 224.06842 0.5 0.5 0.5 0.5 0.5 0.5 0.5 0.645563 
Cyclist 0.5 3 0 873.7435 179.11504 904.02783 202.9368 0.5 0.5 0.5 0.5 0.5 0.5 0.5 0.55479205 
