Car 0.5 3 0 798.72394 206.64081 1041.921 333.0067 0.5 0.5 0.5 0.5 0.5 0.5 0.5 0.9983558 
Car 0.5 3 0 745.5289 192.3478 853.60297 266.38693 0.5 0.5 0.5 0.5 0.5 0.5 0.5 0.9950694 
Car 0.5 3 0 1061.8109 184.33182 1240.9707 243.0734 0.5 0.5 0.5 0.5 0.5 0.5 0.5 0.9938438 
Car 0.5 3 0 457.6311 190.39442 525.6979 241.0469 0.5 0.5 0.5 0.5 0.5 0.5 0.5 0.98826164 
Car 0.5 3 0 544.0112 190.77248 575.60114 219.58566 0.5 0.5 0.5 0.5 0.5 0.5 0.5 0.97396266 
Car 0.5 3 0 512.24054 188.3999 549.87744 228.91933 0.5 0.5 0.5 0.5 0.5 0.5 0.5 0.95807755 
Car 0.5 3 0 600.76105 186.64232 622.1459 202.86636 0.5 0.5 0.5 0.5 0.5 0.5 0.5 0.8987463 
Car 0.5 3 0 638.6941 185.50964 654.4406 195.77312 0.5 0.5 0.5 0.5 0.5 0.5 0.5 0.88092476 
Car 0.5 3 0 691.70715 181.2609 726.58057 210.9515 0.5 0.5 0.5 0.5 0.5 0.5 0.5 0.7519843 
Car 0.5 3 0 616.33777 184.60233 637.60077 199.97339 0.5 0.5 0.5 0.5 0.5 0.5 0.5 0.69438016 
