Car 0.5 3 0 831.6795 207.61757 1176.2007 366.53296 0.5 0.5 0.5 0.5 0.5 0.5 0.5 0.99723285 
Car 0.5 3 0 443.2455 185.09702 519.59644 237.09111 0.5 0.5 0.5 0.5 0.5 0.5 0.5 0.9927331 
Car 0.5 3 0 1119.3782 184.58798 1241.7998 241.0546 0.5 0.5 0.5 0.5 0.5 0.5 0.5 0.9922627 
Car 0.5 3 0 757.78864 186.11873 895.91943 273.24152 0.5 0.5 0.5 0.5 0.5 0.5 0.5 0.98804444 
Car 0.5 3 0 534.83795 184.40794 571.2611 214.6849 0.5 0.5 0.5 0.5 0.5 0.5 0.5 0.97730905 
Car 0.5 3 0 502.93466 184.87317 543.15533 225.28587 0.5 0.5 0.5 0.5 0.5 0.5 0.5 0.9732931 
Car 0.5 3 0 691.7736 175.23206 728.48303 206.55295 0.5 0.5 0.5 0.5 0.5 0.5 0.5 0.9142084 
Car 0.5 3 0 597.31396 180.18423 627.9299 197.46327 0.5 0.5 0.5 0.5 0.5 0.5 0.5 0.9139631 
Car 0.5 3 0 636.4942 179.63515 654.94543 190.487 0.5 0.5 0.5 0.5 0.5 0.5 0.5 0.90878934 
Car 0.5 3 0 531.13477 185.39963 554.9101 219.35316 0.5 0.5 0.5 0.5 0.5 0.5 0.5 0.76364845 
Pedestrian 0.5 3 0 1209.116 165.31328 1235.1747 196.59274 0.5 0.5 0.5 0.5 0.5 0.5 0.5 0.7354465 
Car 0.5 3 0 616.47235 179.34338 633.2552 194.91739 0.5 0.5 0.5 0.5 0.5 0.5 0.5 0.6851098 
Car 0.5 3 0 148.60356 190.66374 274.25937 227.78882 0.5 0.5 0.5 0.5 0.5 0.5 0.5 0.57590437 
