Car 0.5 3 0 411.8437 190.17467 472.35043 232.63441 0.5 0.5 0.5 0.5 0.5 0.5 0.5 0.98726964 
Car 0.5 3 0 460.02606 187.63515 496.35922 222.04341 0.5 0.5 0.5 0.5 0.5 0.5 0.5 0.98634017 
Car 0.5 3 0 12.5870495 207.46112 85.3495 240.3551 0.5 0.5 0.5 0.5 0.5 0.5 0.5 0.98159206 
Car 0.5 3 0 114.982025 202.59386 186.28166 235.23668 0.5 0.5 0.5 0.5 0.5 0.5 0.5 0.97718436 
Car 0.5 3 0 177.83754 199.89432 240.36316 235.6456 0.5 0.5 0.5 0.5 0.5 0.5 0.5 0.97680455 
Car 0.5 3 0 1011.29706 136.20506 1091.6504 176.32378 0.5 0.5 0.5 0.5 0.5 0.5 0.5 0.9604355 
Car 0.5 3 0 483.9398 179.96097 521.52655 209.97913 0.5 0.5 0.5 0.5 0.5 0.5 0.5 0.9537924 
Car 0.5 3 0 68.0139 206.77621 119.66513 235.91513 0.5 0.5 0.5 0.5 0.5 0.5 0.5 0.9511137 
Car 0.5 3 0 539.69214 179.3631 557.2245 194.52498 0.5 0.5 0.5 0.5 0.5 0.5 0.5 0.92627966 
Car 0.5 3 0 831.67126 161.4824 868.23944 176.36363 0.5 0.5 0.5 0.5 0.5 0.5 0.5 0.9174572 
Car 0.5 3 0 625.10956 174.48787 642.5554 190.46132 0.5 0.5 0.5 0.5 0.5 0.5 0.5 0.79916996 
Car 0.5 3 0 571.54095 177.56323 590.0422 190.29993 0.5 0.5 0.5 0.5 0.5 0.5 0.5 0.75060177 
Car 0.5 3 0 637.8664 171.91702 667.5646 196.27252 0.5 0.5 0.5 0.5 0.5 0.5 0.5 0.73427624 
Car 0.5 3 0 523.00555 181.28215 541.7898 201.96886 0.5 0.5 0.5 0.5 0.5 0.5 0.5 0.6883069 
Car 0.5 3 0 510.6347 182.462 529.98804 205.76033 0.5 0.5 0.5 0.5 0.5 0.5 0.5 0.6856955 
Car 0.5 3 0 675.94666 165.14569 714.5838 181.15305 0.5 0.5 0.5 0.5 0.5 0.5 0.5 0.59926015 
Car 0.5 3 0 641.9114 169.61478 707.63885 204.44635 0.5 0.5 0.5 0.5 0.5 0.5 0.5 0.59739625 
Car 0.5 3 0 696.8386 166.43121 714.53 182.45166 0.5 0.5 0.5 0.5 0.5 0.5 0.5 0.57157993 
Car 0.5 3 0 598.6204 175.954 611.5795 185.30382 0.5 0.5 0.5 0.5 0.5 0.5 0.5 0.5123938 
