Car 0.5 3 0 569.8167 190.62602 711.06934 274.38354 0.5 0.5 0.5 0.5 0.5 0.5 0.5 0.9952957 
Car 0.5 3 0 464.65186 183.43925 523.33746 221.41295 0.5 0.5 0.5 0.5 0.5 0.5 0.5 0.99348116 
Car 0.5 3 0 0.0 223.92805 128.05588 373.09143 0.5 0.5 0.5 0.5 0.5 0.5 0.5 0.99339736 
Car 0.5 3 0 284.53683 184.14168 325.65204 215.30083 0.5 0.5 0.5 0.5 0.5 0.5 0.5 0.9922577 
Car 0.5 3 0 60.19303 207.1037 206.58412 301.86227 0.5 0.5 0.5 0.5 0.5 0.5 0.5 0.9905974 
Car 0.5 3 0 740.94305 134.64667 1239.3518 370.84967 0.5 0.5 0.5 0.5 0.5 0.5 0.5 0.9633305 
Car 0.5 3 0 651.5475 167.88641 745.1499 204.41772 0.5 0.5 0.5 0.5 0.5 0.5 0.5 0.9548105 
Car 0.5 3 0 440.26157 179.69215 461.5044 196.68877 0.5 0.5 0.5 0.5 0.5 0.5 0.5 0.93119234 
Car 0.5 3 0 456.38437 181.79933 488.663 214.43715 0.5 0.5 0.5 0.5 0.5 0.5 0.5 0.92903197 
Car 0.5 3 0 365.90134 180.89398 389.8391 194.90317 0.5 0.5 0.5 0.5 0.5 0.5 0.5 0.9282867 
Car 0.5 3 0 331.61758 182.01936 352.19968 204.91014 0.5 0.5 0.5 0.5 0.5 0.5 0.5 0.9257391 
Car 0.5 3 0 396.2672 180.38658 411.3522 189.85133 0.5 0.5 0.5 0.5 0.5 0.5 0.5 0.91992307 
Car 0.5 3 0 65.41723 190.18684 139.61002 212.97641 0.5 0.5 0.5 0.5 0.5 0.5 0.5 0.8867532 
Car 0.5 3 0 313.9038 183.45732 332.4327 209.78787 0.5 0.5 0.5 0.5 0.5 0.5 0.5 0.8419881 
Car 0.5 3 0 264.38232 177.84456 284.3849 194.72217 0.5 0.5 0.5 0.5 0.5 0.5 0.5 0.6941781 
Car 0.5 3 0 378.77133 180.2034 394.08716 192.27611 0.5 0.5 0.5 0.5 0.5 0.5 0.5 0.64592415 
Car 0.5 3 0 593.1783 180.86002 634.24805 196.36064 0.5 0.5 0.5 0.5 0.5 0.5 0.5 0.6332592 
Car 0.5 3 0 324.84875 184.23422 342.21085 206.97491 0.5 0.5 0.5 0.5 0.5 0.5 0.5 0.5910759 
