Car 0.5 3 0 938.47797 143.48392 1183.6854 222.36719 0.5 0.5 0.5 0.5 0.5 0.5 0.5 0.9960731 
Car 0.5 3 0 420.16144 190.29346 482.0472 231.36249 0.5 0.5 0.5 0.5 0.5 0.5 0.5 0.99546045 
Car 0.5 3 0 336.73874 194.3586 429.24033 254.83302 0.5 0.5 0.5 0.5 0.5 0.5 0.5 0.9939148 
Car 0.5 3 0 0.0 220.32874 225.74225 371.10693 0.5 0.5 0.5 0.5 0.5 0.5 0.5 0.99352324 
Car 0.5 3 0 860.7218 154.99812 948.0977 211.67703 0.5 0.5 0.5 0.5 0.5 0.5 0.5 0.9923596 
Car 0.5 3 0 694.02386 176.59761 760.65173 230.2709 0.5 0.5 0.5 0.5 0.5 0.5 0.5 0.9880135 
Car 0.5 3 0 806.755 158.26863 903.65125 207.95602 0.5 0.5 0.5 0.5 0.5 0.5 0.5 0.97441983 
Car 0.5 3 0 210.50642 202.85341 348.94128 298.97906 0.5 0.5 0.5 0.5 0.5 0.5 0.5 0.97200394 
Car 0.5 3 0 591.09436 174.04282 619.4175 190.87694 0.5 0.5 0.5 0.5 0.5 0.5 0.5 0.9624526 
Car 0.5 3 0 922.2287 143.31128 1036.1615 211.52019 0.5 0.5 0.5 0.5 0.5 0.5 0.5 0.9546634 
Car 0.5 3 0 655.7929 177.57962 682.88306 209.55122 0.5 0.5 0.5 0.5 0.5 0.5 0.5 0.9523408 
Car 0.5 3 0 638.10785 176.71086 660.82104 200.67986 0.5 0.5 0.5 0.5 0.5 0.5 0.5 0.94635755 
Car 0.5 3 0 671.0109 176.7035 714.82104 219.00471 0.5 0.5 0.5 0.5 0.5 0.5 0.5 0.9436929 
Car 0.5 3 0 499.3857 183.74605 529.8225 211.12021 0.5 0.5 0.5 0.5 0.5 0.5 0.5 0.91541076 
Car 0.5 3 0 524.83234 180.0346 553.3878 198.55525 0.5 0.5 0.5 0.5 0.5 0.5 0.5 0.8680102 
Car 0.5 3 0 469.11493 184.75716 504.34995 220.25189 0.5 0.5 0.5 0.5 0.5 0.5 0.5 0.7748153 
Car 0.5 3 0 1140.6067 140.05667 1209.7313 184.07236 0.5 0.5 0.5 0.5 0.5 0.5 0.5 0.59521276 
