Car 0.5 3 0 0.0 224.02208 151.9221 370.56412 0.5 0.5 0.5 0.5 0.5 0.5 0.5 0.99716896 
Car 0.5 3 0 773.48816 188.37285 983.1752 307.51434 0.5 0.5 0.5 0.5 0.5 0.5 0.5 0.9954412 
Car 0.5 3 0 888.06525 202.95062 1242.0 368.68076 0.5 0.5 0.5 0.5 0.5 0.5 0.5 0.9951586 
Car 0.5 3 0 731.9417 182.22359 828.59955 254.39125 0.5 0.5 0.5 0.5 0.5 0.5 0.5 0.9929356 
Car 0.5 3 0 443.5432 181.42517 505.55902 224.83041 0.5 0.5 0.5 0.5 0.5 0.5 0.5 0.9924238 
Car 0.5 3 0 493.6223 178.97295 529.15216 215.16653 0.5 0.5 0.5 0.5 0.5 0.5 0.5 0.9906262 
Car 0.5 3 0 111.440315 202.5112 360.052 332.79904 0.5 0.5 0.5 0.5 0.5 0.5 0.5 0.98466045 
Car 0.5 3 0 8.675057 188.24446 112.531364 209.7337 0.5 0.5 0.5 0.5 0.5 0.5 0.5 0.98037153 
Car 0.5 3 0 603.4654 174.11595 638.3843 191.0593 0.5 0.5 0.5 0.5 0.5 0.5 0.5 0.96227694 
Car 0.5 3 0 658.61975 173.41275 695.36475 191.39717 0.5 0.5 0.5 0.5 0.5 0.5 0.5 0.9616205 
Car 0.5 3 0 711.2681 181.88167 757.12286 232.91289 0.5 0.5 0.5 0.5 0.5 0.5 0.5 0.9537435 
Car 0.5 3 0 698.7393 180.97403 732.66656 223.42365 0.5 0.5 0.5 0.5 0.5 0.5 0.5 0.9304647 
Pedestrian 0.5 3 0 277.91135 220.04144 296.80026 238.97171 0.5 0.5 0.5 0.5 0.5 0.5 0.5 0.72011477 
Car 0.5 3 0 624.3785 175.78036 639.8434 189.91547 0.5 0.5 0.5 0.5 0.5 0.5 0.5 0.63295776 
