Car 0.5 3 0 760.3093 184.22382 965.5788 306.72232 0.5 0.5 0.5 0.5 0.5 0.5 0.5 0.99851316 
Car 0.5 3 0 888.3082 208.77792 1242.0 373.1465 0.5 0.5 0.5 0.5 0.5 0.5 0.5 0.9978818 
Car 0.5 3 0 9.449307 202.06578 268.69583 341.10358 0.5 0.5 0.5 0.5 0.5 0.5 0.5 0.9918154 
Car 0.5 3 0 301.5033 176.73189 399.78088 219.15121 0.5 0.5 0.5 0.5 0.5 0.5 0.5 0.97748065 
Pedestrian 0.5 3 0 867.62885 148.58763 897.0271 189.48882 0.5 0.5 0.5 0.5 0.5 0.5 0.5 0.976854 
Pedestrian 0.5 3 0 830.9802 147.45255 865.07513 192.67967 0.5 0.5 0.5 0.5 0.5 0.5 0.5 0.96241295 
Pedestrian 0.5 3 0 1044.4576 149.54892 1065.865 184.75948 0.5 0.5 0.5 0.5 0.5 0.5 0.5 0.838886 
Car 0.5 3 0 256.989 183.04424 291.23062 209.08444 0.5 0.5 0.5 0.5 0.5 0.5 0.5 0.81906337 
Car 0.5 3 0 1099.0253 158.38562 1159.3455 183.98654 0.5 0.5 0.5 0.5 0.5 0.5 0.5 0.7528975 
Car 0.5 3 0 168.8479 194.48141 218.38033 205.8009 0.5 0.5 0.5 0.5 0.5 0.5 0.5 0.7393907 
Car 0.5 3 0 1062.6344 156.18204 1114.8351 172.81107 0.5 0.5 0.5 0.5 0.5 0.5 0.5 0.7178471 
Car 0.5 3 0 1002.25256 154.51445 1102.8484 184.55252 0.5 0.5 0.5 0.5 0.5 0.5 0.5 0.63843036 
