Car 0.5 3 0 715.17834 179.9698 832.35254 252.9876 0.5 0.5 0.5 0.5 0.5 0.5 0.5 0.9954182 
Car 0.5 3 0 356.25735 190.14136 453.09137 249.33931 0.5 0.5 0.5 0.5 0.5 0.5 0.5 0.99541086 
Car 0.5 3 0 1156.0037 167.90312 1240.2579 254.29993 0.5 0.5 0.5 0.5 0.5 0.5 0.5 0.9906797 
Car 0.5 3 0 174.1783 201.785 367.033 295.836 0.5 0.5 0.5 0.5 0.5 0.5 0.5 0.98993886 
Car 0.5 3 0 691.3536 176.47194 751.2856 237.35838 0.5 0.5 0.5 0.5 0.5 0.5 0.5 0.98941994 
Car 0.5 3 0 667.42175 178.58026 704.0706 214.6577 0.5 0.5 0.5 0.5 0.5 0.5 0.5 0.98881334 
Car 0.5 3 0 0.89470446 218.0812 178.96367 368.00092 0.5 0.5 0.5 0.5 0.5 0.5 0.5 0.9886497 
Car 0.5 3 0 971.98785 148.44008 1132.9797 229.80869 0.5 0.5 0.5 0.5 0.5 0.5 0.5 0.9878704 
Car 0.5 3 0 916.513 157.21487 1026.4309 215.0977 0.5 0.5 0.5 0.5 0.5 0.5 0.5 0.9868112 
Car 0.5 3 0 1075.6685 131.54584 1238.8136 233.66913 0.5 0.5 0.5 0.5 0.5 0.5 0.5 0.98144215 
Car 0.5 3 0 482.09186 185.01088 521.31506 215.0869 0.5 0.5 0.5 0.5 0.5 0.5 0.5 0.9745764 
Car 0.5 3 0 644.39685 177.17416 670.2705 201.51501 0.5 0.5 0.5 0.5 0.5 0.5 0.5 0.9512512 
Car 0.5 3 0 581.39557 174.06859 613.71344 191.95184 0.5 0.5 0.5 0.5 0.5 0.5 0.5 0.9281998 
Car 0.5 3 0 438.39178 186.91385 484.44473 231.00781 0.5 0.5 0.5 0.5 0.5 0.5 0.5 0.92736375 
Car 0.5 3 0 656.6128 178.95439 674.3916 208.88405 0.5 0.5 0.5 0.5 0.5 0.5 0.5 0.89343786 
Car 0.5 3 0 515.64514 179.33952 548.99896 201.05229 0.5 0.5 0.5 0.5 0.5 0.5 0.5 0.8663839 
Car 0.5 3 0 597.5858 174.91171 614.5186 191.80243 0.5 0.5 0.5 0.5 0.5 0.5 0.5 0.7664721 
Car 0.5 3 0 642.4739 176.73996 658.6877 200.22527 0.5 0.5 0.5 0.5 0.5 0.5 0.5 0.5144487 
