Car 0.5 3 0 403.20276 185.40897 495.74777 251.9242 0.5 0.5 0.5 0.5 0.5 0.5 0.5 0.9961308 
Car 0.5 3 0 797.52356 193.7756 1026.2085 312.99963 0.5 0.5 0.5 0.5 0.5 0.5 0.5 0.99577004 
Car 0.5 3 0 963.706 233.14803 1242.0 371.769 0.5 0.5 0.5 0.5 0.5 0.5 0.5 0.99490947 
Car 0.5 3 0 517.449 186.49818 547.4266 223.05818 0.5 0.5 0.5 0.5 0.5 0.5 0.5 0.97614497 
Car 0.5 3 0 479.1497 184.07318 525.8861 233.10675 0.5 0.5 0.5 0.5 0.5 0.5 0.5 0.96892625 
Car 0.5 3 0 590.5884 180.38753 620.5402 198.6374 0.5 0.5 0.5 0.5 0.5 0.5 0.5 0.95120466 
Car 0.5 3 0 525.4563 184.32735 561.30145 218.4324 0.5 0.5 0.5 0.5 0.5 0.5 0.5 0.95092964 
Car 0.5 3 0 693.49634 177.54521 732.9777 209.17271 0.5 0.5 0.5 0.5 0.5 0.5 0.5 0.91609544 
Car 0.5 3 0 288.67215 177.10515 366.06888 207.1181 0.5 0.5 0.5 0.5 0.5 0.5 0.5 0.90531844 
Car 0.5 3 0 630.5595 179.59886 650.31824 190.34612 0.5 0.5 0.5 0.5 0.5 0.5 0.5 0.8926687 
Car 0.5 3 0 612.7188 179.82849 628.1536 195.11922 0.5 0.5 0.5 0.5 0.5 0.5 0.5 0.8080348 
Car 0.5 3 0 121.07891 197.2993 229.57742 237.13223 0.5 0.5 0.5 0.5 0.5 0.5 0.5 0.5930574 
Car 0.5 3 0 642.49115 180.74193 653.26776 189.07472 0.5 0.5 0.5 0.5 0.5 0.5 0.5 0.509697 
