Car 0.5 3 0 749.45013 186.76186 826.3 250.74478 0.5 0.5 0.5 0.5 0.5 0.5 0.5 0.99493766 
Car 0.5 3 0 0.0 205.03731 240.21059 371.1853 0.5 0.5 0.5 0.5 0.5 0.5 0.5 0.9932811 
Car 0.5 3 0 720.985 177.54558 786.7357 232.76747 0.5 0.5 0.5 0.5 0.5 0.5 0.5 0.98839927 
Car 0.5 3 0 502.53833 180.86069 555.8665 213.5678 0.5 0.5 0.5 0.5 0.5 0.5 0.5 0.9870129 
Car 0.5 3 0 545.2441 179.16922 566.5304 206.96725 0.5 0.5 0.5 0.5 0.5 0.5 0.5 0.9712406 
Car 0.5 3 0 702.52734 177.34276 737.02496 212.86148 0.5 0.5 0.5 0.5 0.5 0.5 0.5 0.96881044 
Car 0.5 3 0 683.6949 175.34193 710.4641 203.06644 0.5 0.5 0.5 0.5 0.5 0.5 0.5 0.96008825 
Car 0.5 3 0 637.0722 173.31302 663.7112 186.1227 0.5 0.5 0.5 0.5 0.5 0.5 0.5 0.957286 
Car 0.5 3 0 580.0362 176.89511 605.5939 194.09738 0.5 0.5 0.5 0.5 0.5 0.5 0.5 0.951355 
Car 0.5 3 0 695.9304 175.86539 720.40265 207.7575 0.5 0.5 0.5 0.5 0.5 0.5 0.5 0.86653006 
Car 0.5 3 0 561.6725 179.9352 578.5681 203.57303 0.5 0.5 0.5 0.5 0.5 0.5 0.5 0.7808901 
Car 0.5 3 0 0.57307595 218.47015 56.934696 284.68475 0.5 0.5 0.5 0.5 0.5 0.5 0.5 0.6824467 
Car 0.5 3 0 718.4216 179.46188 743.8025 223.89345 0.5 0.5 0.5 0.5 0.5 0.5 0.5 0.6053379 
Car 0.5 3 0 567.4752 182.07835 580.0932 201.03702 0.5 0.5 0.5 0.5 0.5 0.5 0.5 0.5126833 
