Car 0.5 3 0 371.08472 191.62332 475.45047 268.46628 0.5 0.5 0.5 0.5 0.5 0.5 0.5 0.9962843 
Car 0.5 3 0 733.02686 164.33806 809.0204 204.8884 0.5 0.5 0.5 0.5 0.5 0.5 0.5 0.98933 
Car 0.5 3 0 786.1995 164.76154 879.30536 213.6646 0.5 0.5 0.5 0.5 0.5 0.5 0.5 0.98297125 
Car 0.5 3 0 43.59545 199.94916 402.28067 372.01126 0.5 0.5 0.5 0.5 0.5 0.5 0.5 0.9762941 
Car 0.5 3 0 488.01505 182.31682 518.1689 207.17273 0.5 0.5 0.5 0.5 0.5 0.5 0.5 0.9366726 
Car 0.5 3 0 646.9192 179.38127 693.1543 217.54416 0.5 0.5 0.5 0.5 0.5 0.5 0.5 0.936537 
Car 0.5 3 0 948.4971 153.95787 998.32367 180.81325 0.5 0.5 0.5 0.5 0.5 0.5 0.5 0.93546444 
Pedestrian 0.5 3 0 290.6799 217.9905 310.7808 252.9752 0.5 0.5 0.5 0.5 0.5 0.5 0.5 0.91375756 
Car 0.5 3 0 687.2048 167.22307 736.73926 187.03062 0.5 0.5 0.5 0.5 0.5 0.5 0.5 0.8792459 
Car 0.5 3 0 928.4805 176.33832 947.9763 204.07764 0.5 0.5 0.5 0.5 0.5 0.5 0.5 0.84738123 
Car 0.5 3 0 791.1084 167.93193 947.7918 216.11192 0.5 0.5 0.5 0.5 0.5 0.5 0.5 0.84017044 
Car 0.5 3 0 521.49866 181.29669 538.641 199.8917 0.5 0.5 0.5 0.5 0.5 0.5 0.5 0.82979506 
Car 0.5 3 0 588.24756 174.76155 605.0572 187.76288 0.5 0.5 0.5 0.5 0.5 0.5 0.5 0.82224876 
Car 0.5 3 0 446.94724 180.2385 487.0018 220.27809 0.5 0.5 0.5 0.5 0.5 0.5 0.5 0.7825489 
Car 0.5 3 0 526.9754 181.72545 544.57074 197.58292 0.5 0.5 0.5 0.5 0.5 0.5 0.5 0.67926735 
Car 0.5 3 0 1043.3293 141.71504 1094.3822 178.37047 0.5 0.5 0.5 0.5 0.5 0.5 0.5 0.6361246 
Car 0.5 3 0 1.3082165 218.78407 162.19627 361.2395 0.5 0.5 0.5 0.5 0.5 0.5 0.5 0.63550013 
Car 0.5 3 0 509.7542 182.67572 526.43555 202.57365 0.5 0.5 0.5 0.5 0.5 0.5 0.5 0.60785085 
Car 0.5 3 0 938.02716 155.6078 978.8692 180.82101 0.5 0.5 0.5 0.5 0.5 0.5 0.5 0.59086794 
Car 0.5 3 0 614.1267 175.38109 645.69214 193.10805 0.5 0.5 0.5 0.5 0.5 0.5 0.5 0.54346985 
Car 0.5 3 0 1017.8647 149.9228 1043.175 181.99947 0.5 0.5 0.5 0.5 0.5 0.5 0.5 0.53859437 
Car 0.5 3 0 929.8013 156.26793 962.4209 174.35867 0.5 0.5 0.5 0.5 0.5 0.5 0.5 0.53744406 
