Car 0.5 3 0 656.29034 185.66199 726.3931 237.59169 0.5 0.5 0.5 0.5 0.5 0.5 0.5 0.9975726 
Car 0.5 3 0 0.7893627 218.38383 240.35355 373.5591 0.5 0.5 0.5 0.5 0.5 0.5 0.5 0.99752456 
Car 0.5 3 0 833.5622 214.86568 1239.3307 375.0 0.5 0.5 0.5 0.5 0.5 0.5 0.5 0.9902249 
Car 0.5 3 0 809.1769 177.42845 916.42566 208.28015 0.5 0.5 0.5 0.5 0.5 0.5 0.5 0.9749145 
Car 0.5 3 0 640.44543 184.59883 685.72595 222.46173 0.5 0.5 0.5 0.5 0.5 0.5 0.5 0.96593785 
Car 0.5 3 0 898.89685 168.25888 1052.7284 222.4072 0.5 0.5 0.5 0.5 0.5 0.5 0.5 0.96570396 
Car 0.5 3 0 626.38855 179.73242 649.06256 198.70107 0.5 0.5 0.5 0.5 0.5 0.5 0.5 0.96052074 
Car 0.5 3 0 458.73932 183.51375 507.782 216.47023 0.5 0.5 0.5 0.5 0.5 0.5 0.5 0.93666536 
Car 0.5 3 0 517.3806 183.03096 535.03485 204.75883 0.5 0.5 0.5 0.5 0.5 0.5 0.5 0.9269852 
Car 0.5 3 0 585.0799 180.78337 599.67596 190.18521 0.5 0.5 0.5 0.5 0.5 0.5 0.5 0.92207026 
Car 0.5 3 0 493.6487 183.16571 518.0134 211.6798 0.5 0.5 0.5 0.5 0.5 0.5 0.5 0.90590227 
Car 0.5 3 0 503.80035 183.66862 532.93604 208.54463 0.5 0.5 0.5 0.5 0.5 0.5 0.5 0.8823831 
Car 0.5 3 0 554.831 181.79738 573.69257 195.49326 0.5 0.5 0.5 0.5 0.5 0.5 0.5 0.88071495 
Cyclist 0.5 3 0 1123.1361 178.88986 1185.4177 209.45444 0.5 0.5 0.5 0.5 0.5 0.5 0.5 0.6856307 
Car 0.5 3 0 566.5555 180.0334 585.4454 193.87167 0.5 0.5 0.5 0.5 0.5 0.5 0.5 0.6660435 
Car 0.5 3 0 530.3748 181.12505 546.5977 192.33371 0.5 0.5 0.5 0.5 0.5 0.5 0.5 0.52075946 
