Car 0.5 3 0 963.67896 207.91592 1242.0 373.04147 0.5 0.5 0.5 0.5 0.5 0.5 0.5 0.99681807 
Car 0.5 3 0 332.92838 190.37659 441.64426 253.21007 0.5 0.5 0.5 0.5 0.5 0.5 0.5 0.99564666 
Car 0.5 3 0 0.0 209.86469 224.17781 368.2729 0.5 0.5 0.5 0.5 0.5 0.5 0.5 0.9936558 
Car 0.5 3 0 1105.8177 136.04662 1236.1555 177.52263 0.5 0.5 0.5 0.5 0.5 0.5 0.5 0.99258786 
Car 0.5 3 0 423.6675 187.50345 473.47513 232.10953 0.5 0.5 0.5 0.5 0.5 0.5 0.5 0.9847341 
Car 0.5 3 0 779.8353 156.51749 848.34265 193.87476 0.5 0.5 0.5 0.5 0.5 0.5 0.5 0.9816187 
Car 0.5 3 0 488.6205 183.22797 518.8294 213.39143 0.5 0.5 0.5 0.5 0.5 0.5 0.5 0.98042727 
Car 0.5 3 0 1020.1436 144.38478 1080.8684 174.85605 0.5 0.5 0.5 0.5 0.5 0.5 0.5 0.97421706 
Car 0.5 3 0 507.75125 179.471 545.38873 205.75209 0.5 0.5 0.5 0.5 0.5 0.5 0.5 0.97120035 
Car 0.5 3 0 1059.8765 139.77257 1121.5513 175.79459 0.5 0.5 0.5 0.5 0.5 0.5 0.5 0.94862646 
Car 0.5 3 0 458.01523 185.18755 497.39084 221.8843 0.5 0.5 0.5 0.5 0.5 0.5 0.5 0.9146428 
Car 0.5 3 0 618.71124 170.75099 635.43616 185.90738 0.5 0.5 0.5 0.5 0.5 0.5 0.5 0.8779995 
Car 0.5 3 0 759.6729 160.5758 802.6702 190.9966 0.5 0.5 0.5 0.5 0.5 0.5 0.5 0.8651506 
Car 0.5 3 0 645.1937 173.34087 664.9414 193.03105 0.5 0.5 0.5 0.5 0.5 0.5 0.5 0.8355859 
Car 0.5 3 0 734.76715 158.28723 791.1984 190.37715 0.5 0.5 0.5 0.5 0.5 0.5 0.5 0.81773573 
Car 0.5 3 0 651.10754 172.03008 693.9827 198.05775 0.5 0.5 0.5 0.5 0.5 0.5 0.5 0.8060347 
Car 0.5 3 0 558.77704 176.66869 575.5231 192.04109 0.5 0.5 0.5 0.5 0.5 0.5 0.5 0.6791849 
Car 0.5 3 0 539.80554 176.40073 564.5066 196.69144 0.5 0.5 0.5 0.5 0.5 0.5 0.5 0.6055583 
