Car 0.5 3 0 161.79839 193.7862 410.51996 319.74982 0.5 0.5 0.5 0.5 0.5 0.5 0.5 0.9952276 
Car 0.5 3 0 0.0 184.89532 116.70936 225.26027 0.5 0.5 0.5 0.5 0.5 0.5 0.5 0.99522483 
Car 0.5 3 0 571.7498 180.75278 618.9311 223.78897 0.5 0.5 0.5 0.5 0.5 0.5 0.5 0.9773875 
Car 0.5 3 0 520.5846 179.04124 554.3135 204.80267 0.5 0.5 0.5 0.5 0.5 0.5 0.5 0.9655912 
Car 0.5 3 0 553.08295 179.75372 574.3331 195.87102 0.5 0.5 0.5 0.5 0.5 0.5 0.5 0.89979404 
Car 0.5 3 0 425.52597 176.91562 442.9979 191.64732 0.5 0.5 0.5 0.5 0.5 0.5 0.5 0.8021243 
Car 0.5 3 0 499.55753 178.9057 511.82483 187.21869 0.5 0.5 0.5 0.5 0.5 0.5 0.5 0.75535065 
Pedestrian 0.5 3 0 1144.8733 205.01448 1183.6063 277.3257 0.5 0.5 0.5 0.5 0.5 0.5 0.5 0.6350258 
Car 0.5 3 0 485.26117 179.61703 499.04315 188.7669 0.5 0.5 0.5 0.5 0.5 0.5 0.5 0.58439225 
Car 0.5 3 0 464.40237 178.38426 484.65723 193.07199 0.5 0.5 0.5 0.5 0.5 0.5 0.5 0.57690626 
