Car 0.5 3 0 548.19965 180.48491 602.71075 227.9431 0.5 0.5 0.5 0.5 0.5 0.5 0.5 0.9819957 
Car 0.5 3 0 522.1339 182.02798 545.34717 202.14926 0.5 0.5 0.5 0.5 0.5 0.5 0.5 0.9791475 
Car 0.5 3 0 229.89552 178.04904 273.73053 206.5864 0.5 0.5 0.5 0.5 0.5 0.5 0.5 0.96908915 
Car 0.5 3 0 996.88104 198.06004 1080.2168 227.43909 0.5 0.5 0.5 0.5 0.5 0.5 0.5 0.9630246 
Car 0.5 3 0 144.60794 180.44238 214.45578 212.02861 0.5 0.5 0.5 0.5 0.5 0.5 0.5 0.9569005 
Car 0.5 3 0 1101.6866 198.59326 1158.4386 226.4365 0.5 0.5 0.5 0.5 0.5 0.5 0.5 0.95052475 
Car 0.5 3 0 543.5617 181.53636 558.354 198.3013 0.5 0.5 0.5 0.5 0.5 0.5 0.5 0.6411723 
Car 0.5 3 0 323.70602 180.87216 346.08667 202.37134 0.5 0.5 0.5 0.5 0.5 0.5 0.5 0.5917718 
Car 0.5 3 0 271.26907 179.10464 344.36588 204.3705 0.5 0.5 0.5 0.5 0.5 0.5 0.5 0.56022274 
Car 0.5 3 0 457.43906 177.07729 469.04575 188.9378 0.5 0.5 0.5 0.5 0.5 0.5 0.5 0.5600795 
