Car 0.5 3 0 74.985374 186.0083 171.7103 222.61917 0.5 0.5 0.5 0.5 0.5 0.5 0.5 0.9965635 
Car 0.5 3 0 569.9987 180.79218 618.2721 224.39372 0.5 0.5 0.5 0.5 0.5 0.5 0.5 0.99154437 
Car 0.5 3 0 1.1968999 183.28812 68.09061 226.42445 0.5 0.5 0.5 0.5 0.5 0.5 0.5 0.9910039 
Car 0.5 3 0 380.24826 186.04646 487.78842 249.18326 0.5 0.5 0.5 0.5 0.5 0.5 0.5 0.98106647 
Car 0.5 3 0 532.80646 178.49817 561.34375 201.51247 0.5 0.5 0.5 0.5 0.5 0.5 0.5 0.9760075 
Car 0.5 3 0 561.2901 180.74677 578.755 194.36438 0.5 0.5 0.5 0.5 0.5 0.5 0.5 0.90302515 
Car 0.5 3 0 502.3551 179.36754 512.5522 186.76785 0.5 0.5 0.5 0.5 0.5 0.5 0.5 0.67073613 
Pedestrian 0.5 3 0 1074.1399 196.28061 1119.3228 260.7279 0.5 0.5 0.5 0.5 0.5 0.5 0.5 0.5834194 
Cyclist 0.5 3 0 1068.8076 212.16185 1127.1766 269.21338 0.5 0.5 0.5 0.5 0.5 0.5 0.5 0.5798255 
Car 0.5 3 0 697.1345 172.77266 715.5208 184.40686 0.5 0.5 0.5 0.5 0.5 0.5 0.5 0.5066267 
