Car 0.5 3 0 553.84863 181.96985 606.7562 227.94382 0.5 0.5 0.5 0.5 0.5 0.5 0.5 0.9897502 
Car 0.5 3 0 1138.6842 202.37561 1234.8887 234.728 0.5 0.5 0.5 0.5 0.5 0.5 0.5 0.9884244 
Car 0.5 3 0 507.27304 181.65463 537.8661 207.93692 0.5 0.5 0.5 0.5 0.5 0.5 0.5 0.9793035 
Car 0.5 3 0 540.7161 181.24097 559.72205 197.3418 0.5 0.5 0.5 0.5 0.5 0.5 0.5 0.9687074 
Car 0.5 3 0 1083.027 200.90025 1141.4033 229.3001 0.5 0.5 0.5 0.5 0.5 0.5 0.5 0.95643723 
Car 0.5 3 0 88.79543 180.72702 158.90865 216.3588 0.5 0.5 0.5 0.5 0.5 0.5 0.5 0.9563523 
Car 0.5 3 0 290.60333 183.60658 331.4896 204.55199 0.5 0.5 0.5 0.5 0.5 0.5 0.5 0.9453317 
Car 0.5 3 0 243.3259 181.65579 294.18887 206.02138 0.5 0.5 0.5 0.5 0.5 0.5 0.5 0.8993337 
Pedestrian 0.5 3 0 882.7316 190.18626 906.86633 232.72429 0.5 0.5 0.5 0.5 0.5 0.5 0.5 0.8457814 
Car 0.5 3 0 1036.6681 208.03873 1092.9861 231.35425 0.5 0.5 0.5 0.5 0.5 0.5 0.5 0.7460184 
Car 0.5 3 0 453.773 177.72514 469.03696 190.30786 0.5 0.5 0.5 0.5 0.5 0.5 0.5 0.6817038 
Pedestrian 0.5 3 0 919.3315 195.08284 930.8223 222.34349 0.5 0.5 0.5 0.5 0.5 0.5 0.5 0.67654556 
Car 0.5 3 0 220.45705 178.65347 246.27278 208.2668 0.5 0.5 0.5 0.5 0.5 0.5 0.5 0.5704857 
Car 0.5 3 0 180.20088 178.88466 214.56909 208.98515 0.5 0.5 0.5 0.5 0.5 0.5 0.5 0.55080545 
