Car 0.5 3 0 181.76794 188.87668 378.5393 308.20355 0.5 0.5 0.5 0.5 0.5 0.5 0.5 0.99669987 
Car 0.5 3 0 0.82818615 183.34184 75.36454 228.253 0.5 0.5 0.5 0.5 0.5 0.5 0.5 0.99244857 
Car 0.5 3 0 173.48112 184.0226 243.73927 215.22481 0.5 0.5 0.5 0.5 0.5 0.5 0.5 0.991642 
Car 0.5 3 0 77.56869 184.33286 175.19556 219.5138 0.5 0.5 0.5 0.5 0.5 0.5 0.5 0.99109274 
Car 0.5 3 0 546.2646 178.08586 567.2284 196.64818 0.5 0.5 0.5 0.5 0.5 0.5 0.5 0.9823046 
Car 0.5 3 0 488.2685 183.64418 536.5104 215.8053 0.5 0.5 0.5 0.5 0.5 0.5 0.5 0.965919 
Car 0.5 3 0 563.7557 179.59142 613.3332 224.96437 0.5 0.5 0.5 0.5 0.5 0.5 0.5 0.964865 
Car 0.5 3 0 440.34027 178.21347 459.6301 191.69089 0.5 0.5 0.5 0.5 0.5 0.5 0.5 0.9328486 
Pedestrian 0.5 3 0 987.4352 192.34229 1014.12103 245.13367 0.5 0.5 0.5 0.5 0.5 0.5 0.5 0.8207352 
Pedestrian 0.5 3 0 978.6838 191.45831 1001.6643 245.9608 0.5 0.5 0.5 0.5 0.5 0.5 0.5 0.64137983 
Car 0.5 3 0 491.27707 179.59007 511.72562 194.17525 0.5 0.5 0.5 0.5 0.5 0.5 0.5 0.5898616 
