Car 0.5 3 0 543.8989 183.4319 595.77765 230.57288 0.5 0.5 0.5 0.5 0.5 0.5 0.5 0.98573375 
Car 0.5 3 0 529.19617 182.63521 547.847 200.56155 0.5 0.5 0.5 0.5 0.5 0.5 0.5 0.9855188 
Car 0.5 3 0 1035.1682 196.68715 1076.6997 222.88315 0.5 0.5 0.5 0.5 0.5 0.5 0.5 0.9347749 
Car 0.5 3 0 289.75543 182.84126 330.7724 203.42195 0.5 0.5 0.5 0.5 0.5 0.5 0.5 0.91144025 
Car 0.5 3 0 963.694 196.19008 1032.1478 221.4206 0.5 0.5 0.5 0.5 0.5 0.5 0.5 0.89594674 
Pedestrian 0.5 3 0 934.20593 189.0798 951.8018 230.85643 0.5 0.5 0.5 0.5 0.5 0.5 0.5 0.8545808 
Pedestrian 0.5 3 0 849.2429 190.05623 868.1838 220.74985 0.5 0.5 0.5 0.5 0.5 0.5 0.5 0.71426386 
Car 0.5 3 0 323.33936 185.47931 342.72937 201.03658 0.5 0.5 0.5 0.5 0.5 0.5 0.5 0.6655882 
Pedestrian 0.5 3 0 869.0244 190.19821 878.52454 215.6328 0.5 0.5 0.5 0.5 0.5 0.5 0.5 0.6629429 
Car 0.5 3 0 587.8577 185.53445 602.4424 213.13837 0.5 0.5 0.5 0.5 0.5 0.5 0.5 0.52645886 
Car 0.5 3 0 459.29526 179.02544 470.01337 191.02892 0.5 0.5 0.5 0.5 0.5 0.5 0.5 0.52375823 
