Car 0.5 3 0 139.86932 176.00844 218.63164 210.26169 0.5 0.5 0.5 0.5 0.5 0.5 0.5 0.9963431 
Car 0.5 3 0 554.67096 178.98737 606.4994 224.54887 0.5 0.5 0.5 0.5 0.5 0.5 0.5 0.99116814 
Car 0.5 3 0 534.6934 178.5205 560.21405 196.63751 0.5 0.5 0.5 0.5 0.5 0.5 0.5 0.9805941 
Car 0.5 3 0 1082.0778 200.92072 1173.0295 235.12392 0.5 0.5 0.5 0.5 0.5 0.5 0.5 0.9777363 
Car 0.5 3 0 215.28488 180.52518 272.75235 205.3087 0.5 0.5 0.5 0.5 0.5 0.5 0.5 0.9567033 
Car 0.5 3 0 32.156017 182.52238 78.6346 218.2852 0.5 0.5 0.5 0.5 0.5 0.5 0.5 0.94847083 
Car 0.5 3 0 268.4785 179.78207 317.05643 203.17291 0.5 0.5 0.5 0.5 0.5 0.5 0.5 0.947993 
Car 0.5 3 0 489.01602 179.07393 527.8192 210.56586 0.5 0.5 0.5 0.5 0.5 0.5 0.5 0.94055974 
Car 0.5 3 0 451.88275 175.67953 466.13318 187.95303 0.5 0.5 0.5 0.5 0.5 0.5 0.5 0.8886325 
Car 0.5 3 0 1167.9872 202.04558 1198.6084 232.25189 0.5 0.5 0.5 0.5 0.5 0.5 0.5 0.85407215 
Car 0.5 3 0 1204.345 199.54576 1240.4365 236.55582 0.5 0.5 0.5 0.5 0.5 0.5 0.5 0.7678388 
Pedestrian 0.5 3 0 904.07404 188.8067 923.38477 234.06355 0.5 0.5 0.5 0.5 0.5 0.5 0.5 0.7469506 
Car 0.5 3 0 38.8645 181.43767 135.17348 219.80014 0.5 0.5 0.5 0.5 0.5 0.5 0.5 0.62702876 
Car 0.5 3 0 121.77159 180.7433 137.96373 214.52159 0.5 0.5 0.5 0.5 0.5 0.5 0.5 0.5866587 
