Car 0.5 3 0 550.11926 181.54674 604.9831 227.15509 0.5 0.5 0.5 0.5 0.5 0.5 0.5 0.9878814 
Car 0.5 3 0 1118.582 198.31827 1198.762 232.77643 0.5 0.5 0.5 0.5 0.5 0.5 0.5 0.9825362 
Car 0.5 3 0 516.646 182.24301 541.88684 204.32419 0.5 0.5 0.5 0.5 0.5 0.5 0.5 0.9740388 
Car 0.5 3 0 207.5776 175.8621 255.24359 207.90976 0.5 0.5 0.5 0.5 0.5 0.5 0.5 0.96730745 
Car 0.5 3 0 118.55792 181.00946 190.75327 213.65553 0.5 0.5 0.5 0.5 0.5 0.5 0.5 0.9443438 
Car 0.5 3 0 542.85223 181.44695 559.06146 196.82945 0.5 0.5 0.5 0.5 0.5 0.5 0.5 0.92897296 
Car 0.5 3 0 305.52557 180.9057 341.0457 201.70804 0.5 0.5 0.5 0.5 0.5 0.5 0.5 0.92057276 
Car 0.5 3 0 1029.5789 199.08337 1107.1316 230.9466 0.5 0.5 0.5 0.5 0.5 0.5 0.5 0.9023583 
Car 0.5 3 0 1084.5736 200.18489 1111.099 223.71045 0.5 0.5 0.5 0.5 0.5 0.5 0.5 0.78408235 
Pedestrian 0.5 3 0 873.92816 190.81995 895.03217 229.66531 0.5 0.5 0.5 0.5 0.5 0.5 0.5 0.75307393 
Car 0.5 3 0 456.51877 177.24529 469.36475 189.92838 0.5 0.5 0.5 0.5 0.5 0.5 0.5 0.7205208 
Car 0.5 3 0 266.95206 181.93085 311.14258 204.03784 0.5 0.5 0.5 0.5 0.5 0.5 0.5 0.6569183 
Pedestrian 0.5 3 0 904.96704 193.39537 917.281 215.81178 0.5 0.5 0.5 0.5 0.5 0.5 0.5 0.5147987 
