Car 0.5 3 0 524.26996 181.14206 546.7232 201.37468 0.5 0.5 0.5 0.5 0.5 0.5 0.5 0.98140717 
Car 0.5 3 0 547.11633 180.68509 600.7468 229.4831 0.5 0.5 0.5 0.5 0.5 0.5 0.5 0.98000735 
Car 0.5 3 0 979.5251 198.18393 1068.9108 225.80931 0.5 0.5 0.5 0.5 0.5 0.5 0.5 0.9415053 
Car 0.5 3 0 1087.3044 197.3615 1138.9916 225.32556 0.5 0.5 0.5 0.5 0.5 0.5 0.5 0.9372533 
Car 0.5 3 0 157.05124 181.57268 236.75302 211.78516 0.5 0.5 0.5 0.5 0.5 0.5 0.5 0.91070354 
Car 0.5 3 0 240.23907 177.20921 277.44812 205.85306 0.5 0.5 0.5 0.5 0.5 0.5 0.5 0.9070614 
Pedestrian 0.5 3 0 864.09766 192.49571 880.6798 224.62093 0.5 0.5 0.5 0.5 0.5 0.5 0.5 0.8134858 
Car 0.5 3 0 275.15967 181.22894 307.74313 202.23734 0.5 0.5 0.5 0.5 0.5 0.5 0.5 0.8007699 
Pedestrian 0.5 3 0 883.7401 191.3051 897.052 217.57729 0.5 0.5 0.5 0.5 0.5 0.5 0.5 0.6962377 
Car 0.5 3 0 458.0042 177.42346 469.4151 189.67838 0.5 0.5 0.5 0.5 0.5 0.5 0.5 0.68810475 
Car 0.5 3 0 331.12082 181.59091 349.8397 200.76138 0.5 0.5 0.5 0.5 0.5 0.5 0.5 0.67012316 
