Car 0.5 3 0 546.1923 182.68184 597.3767 229.81696 0.5 0.5 0.5 0.5 0.5 0.5 0.5 0.99122095 
Car 0.5 3 0 526.29016 181.46396 547.5995 200.96664 0.5 0.5 0.5 0.5 0.5 0.5 0.5 0.97343135 
Car 0.5 3 0 962.9756 197.32726 1055.9756 227.32555 0.5 0.5 0.5 0.5 0.5 0.5 0.5 0.9225058 
Car 0.5 3 0 176.22662 183.32759 225.39194 211.81415 0.5 0.5 0.5 0.5 0.5 0.5 0.5 0.92237383 
Car 0.5 3 0 1057.0574 196.68468 1115.7213 225.1609 0.5 0.5 0.5 0.5 0.5 0.5 0.5 0.9136939 
Car 0.5 3 0 280.6078 181.6976 318.55145 202.77412 0.5 0.5 0.5 0.5 0.5 0.5 0.5 0.9029122 
Car 0.5 3 0 240.3076 179.55547 284.13623 205.98553 0.5 0.5 0.5 0.5 0.5 0.5 0.5 0.8066081 
Pedestrian 0.5 3 0 877.4397 191.67834 888.67896 219.08855 0.5 0.5 0.5 0.5 0.5 0.5 0.5 0.73480314 
Car 0.5 3 0 511.74313 180.34341 525.04816 192.34752 0.5 0.5 0.5 0.5 0.5 0.5 0.5 0.6850054 
Car 0.5 3 0 569.9879 180.99124 600.82153 214.8374 0.5 0.5 0.5 0.5 0.5 0.5 0.5 0.632663 
Pedestrian 0.5 3 0 859.0571 190.52138 876.1098 221.14948 0.5 0.5 0.5 0.5 0.5 0.5 0.5 0.59121203 
Car 0.5 3 0 458.10272 177.50166 469.92242 190.6887 0.5 0.5 0.5 0.5 0.5 0.5 0.5 0.57644635 
Car 0.5 3 0 961.55066 199.17319 1014.6167 226.39467 0.5 0.5 0.5 0.5 0.5 0.5 0.5 0.56732213 
Car 0.5 3 0 1005.7163 196.98233 1058.7223 222.88364 0.5 0.5 0.5 0.5 0.5 0.5 0.5 0.5602266 
Pedestrian 0.5 3 0 957.942 190.4742 977.91516 234.49745 0.5 0.5 0.5 0.5 0.5 0.5 0.5 0.5483605 
