Car 0.5 3 0 219.06091 181.2204 280.08914 207.4931 0.5 0.5 0.5 0.5 0.5 0.5 0.5 0.99469596 
Car 0.5 3 0 560.1245 179.90273 608.5993 223.49895 0.5 0.5 0.5 0.5 0.5 0.5 0.5 0.9928725 
Car 0.5 3 0 145.75775 179.87212 220.87238 209.55211 0.5 0.5 0.5 0.5 0.5 0.5 0.5 0.99229527 
Car 0.5 3 0 39.007763 176.77083 145.82826 217.65456 0.5 0.5 0.5 0.5 0.5 0.5 0.5 0.98326886 
Car 0.5 3 0 514.5694 179.43413 547.92487 204.56859 0.5 0.5 0.5 0.5 0.5 0.5 0.5 0.9772 
Car 0.5 3 0 0.11450377 184.27538 23.498714 224.99593 0.5 0.5 0.5 0.5 0.5 0.5 0.5 0.9716992 
Car 0.5 3 0 552.2999 177.22804 567.97974 192.72284 0.5 0.5 0.5 0.5 0.5 0.5 0.5 0.9655817 
Car 0.5 3 0 404.47974 180.997 480.1304 238.4096 0.5 0.5 0.5 0.5 0.5 0.5 0.5 0.954646 
Pedestrian 0.5 3 0 1009.2549 194.4918 1024.5698 230.43158 0.5 0.5 0.5 0.5 0.5 0.5 0.5 0.8230014 
Car 0.5 3 0 1214.2919 220.62961 1241.7065 244.92386 0.5 0.5 0.5 0.5 0.5 0.5 0.5 0.7737097 
Car 0.5 3 0 37.778824 176.76595 86.171585 218.58865 0.5 0.5 0.5 0.5 0.5 0.5 0.5 0.7025083 
Pedestrian 0.5 3 0 947.62006 191.48792 967.9938 237.04932 0.5 0.5 0.5 0.5 0.5 0.5 0.5 0.6798944 
