Car 0.5 3 0 552.6821 181.41714 605.3647 227.93483 0.5 0.5 0.5 0.5 0.5 0.5 0.5 0.9918932 
Car 0.5 3 0 1155.0546 202.6621 1240.421 237.13992 0.5 0.5 0.5 0.5 0.5 0.5 0.5 0.99161714 
Car 0.5 3 0 503.2448 181.24353 534.7297 209.52403 0.5 0.5 0.5 0.5 0.5 0.5 0.5 0.97721714 
Car 0.5 3 0 539.5769 181.98978 559.09265 197.00916 0.5 0.5 0.5 0.5 0.5 0.5 0.5 0.9665999 
Car 0.5 3 0 283.70386 181.597 328.49835 205.5418 0.5 0.5 0.5 0.5 0.5 0.5 0.5 0.9600006 
Car 0.5 3 0 69.67105 181.75606 139.4822 218.15662 0.5 0.5 0.5 0.5 0.5 0.5 0.5 0.9412168 
Car 0.5 3 0 1058.1394 202.16492 1146.3064 240.92259 0.5 0.5 0.5 0.5 0.5 0.5 0.5 0.9398354 
Car 0.5 3 0 233.32162 182.55106 288.10553 206.0366 0.5 0.5 0.5 0.5 0.5 0.5 0.5 0.9314869 
Car 0.5 3 0 201.2742 179.4814 236.33813 209.14981 0.5 0.5 0.5 0.5 0.5 0.5 0.5 0.90790564 
Pedestrian 0.5 3 0 888.66 186.89384 912.1962 232.3639 0.5 0.5 0.5 0.5 0.5 0.5 0.5 0.8675741 
Car 0.5 3 0 1110.8442 201.70868 1156.006 233.96263 0.5 0.5 0.5 0.5 0.5 0.5 0.5 0.68927383 
Car 0.5 3 0 453.87314 178.02773 468.2139 190.59956 0.5 0.5 0.5 0.5 0.5 0.5 0.5 0.65055114 
Pedestrian 0.5 3 0 927.15735 194.6261 941.2901 222.74352 0.5 0.5 0.5 0.5 0.5 0.5 0.5 0.6491897 
Pedestrian 0.5 3 0 941.22705 189.11952 964.04926 223.20946 0.5 0.5 0.5 0.5 0.5 0.5 0.5 0.52784157 
