Car 0.5 3 0 164.75438 179.84819 227.42572 209.83527 0.5 0.5 0.5 0.5 0.5 0.5 0.5 0.98788923 
Car 0.5 3 0 553.8121 181.54906 605.77563 226.50658 0.5 0.5 0.5 0.5 0.5 0.5 0.5 0.9862141 
Car 0.5 3 0 537.2618 180.69296 559.494 196.82147 0.5 0.5 0.5 0.5 0.5 0.5 0.5 0.9793209 
Car 0.5 3 0 225.53738 182.03874 279.3048 206.58672 0.5 0.5 0.5 0.5 0.5 0.5 0.5 0.971265 
Car 0.5 3 0 277.6708 181.45844 320.55264 205.04294 0.5 0.5 0.5 0.5 0.5 0.5 0.5 0.96313465 
Car 0.5 3 0 54.417713 179.97932 118.46868 217.62885 0.5 0.5 0.5 0.5 0.5 0.5 0.5 0.9625629 
Car 0.5 3 0 1186.2386 202.57681 1241.408 237.78467 0.5 0.5 0.5 0.5 0.5 0.5 0.5 0.94863516 
Car 0.5 3 0 1069.0262 202.01103 1175.0814 236.5129 0.5 0.5 0.5 0.5 0.5 0.5 0.5 0.91612464 
Car 0.5 3 0 495.85406 180.34966 530.671 211.01195 0.5 0.5 0.5 0.5 0.5 0.5 0.5 0.86975026 
Pedestrian 0.5 3 0 894.72626 183.39711 920.91077 236.14996 0.5 0.5 0.5 0.5 0.5 0.5 0.5 0.853126 
Pedestrian 0.5 3 0 936.329 194.33284 949.6249 224.36678 0.5 0.5 0.5 0.5 0.5 0.5 0.5 0.8203874 
Car 0.5 3 0 1133.0024 201.8069 1176.783 238.39748 0.5 0.5 0.5 0.5 0.5 0.5 0.5 0.814923 
Car 0.5 3 0 452.8532 177.6373 467.05673 190.04565 0.5 0.5 0.5 0.5 0.5 0.5 0.5 0.75168353 
Car 0.5 3 0 1067.149 205.43758 1127.7048 232.64459 0.5 0.5 0.5 0.5 0.5 0.5 0.5 0.6008441 
