Car 0.5 3 0 885.72504 185.94254 956.5455 242.77234 0.5 0.5 0.5 0.5 0.5 0.5 0.5 0.995468 
Car 0.5 3 0 503.39023 184.99702 627.86163 247.1029 0.5 0.5 0.5 0.5 0.5 0.5 0.5 0.9954169 
Car 0.5 3 0 0.0 180.26973 199.25986 333.9809 0.5 0.5 0.5 0.5 0.5 0.5 0.5 0.9925363 
Car 0.5 3 0 942.55817 186.78654 970.5161 212.96591 0.5 0.5 0.5 0.5 0.5 0.5 0.5 0.9809926 
Car 0.5 3 0 762.7225 185.89175 807.54596 213.32983 0.5 0.5 0.5 0.5 0.5 0.5 0.5 0.91030717 
Car 0.5 3 0 693.2434 187.15816 767.25 221.4683 0.5 0.5 0.5 0.5 0.5 0.5 0.5 0.90312654 
Car 0.5 3 0 816.2604 186.45438 850.3204 205.38808 0.5 0.5 0.5 0.5 0.5 0.5 0.5 0.7848017 
Pedestrian 0.5 3 0 585.03625 191.03049 599.59424 207.72127 0.5 0.5 0.5 0.5 0.5 0.5 0.5 0.6748899 
Car 0.5 3 0 862.7883 180.35771 874.4532 188.7292 0.5 0.5 0.5 0.5 0.5 0.5 0.5 0.582985 
Car 0.5 3 0 837.2172 187.68977 854.1541 202.6363 0.5 0.5 0.5 0.5 0.5 0.5 0.5 0.5401041 
