Car 0.5 3 0 380.6595 178.43042 515.4747 280.7039 0.5 0.5 0.5 0.5 0.5 0.5 0.5 0.9799778 
Car 0.5 3 0 136.71597 191.97034 253.34921 251.04315 0.5 0.5 0.5 0.5 0.5 0.5 0.5 0.96543926 
Car 0.5 3 0 587.52325 173.96404 614.1078 198.43555 0.5 0.5 0.5 0.5 0.5 0.5 0.5 0.9502517 
Pedestrian 0.5 3 0 678.1543 167.73598 700.76306 222.42554 0.5 0.5 0.5 0.5 0.5 0.5 0.5 0.9458252 
Pedestrian 0.5 3 0 693.62494 159.93086 722.51166 225.19098 0.5 0.5 0.5 0.5 0.5 0.5 0.5 0.93887323 
Pedestrian 0.5 3 0 660.7604 171.55806 676.7238 221.96117 0.5 0.5 0.5 0.5 0.5 0.5 0.5 0.8934702 
Cyclist 0.5 3 0 676.818 190.37277 732.1009 229.01982 0.5 0.5 0.5 0.5 0.5 0.5 0.5 0.7845999 
Car 0.5 3 0 522.5621 176.35646 536.90656 188.40051 0.5 0.5 0.5 0.5 0.5 0.5 0.5 0.78316903 
Pedestrian 0.5 3 0 93.11921 182.74117 116.35228 226.84439 0.5 0.5 0.5 0.5 0.5 0.5 0.5 0.69231725 
Cyclist 0.5 3 0 711.67865 195.40599 732.898 227.50507 0.5 0.5 0.5 0.5 0.5 0.5 0.5 0.64405406 
Pedestrian 0.5 3 0 1086.2935 159.48923 1098.4453 185.5796 0.5 0.5 0.5 0.5 0.5 0.5 0.5 0.58835715 
