Car 0.5 3 0 204.23552 190.23528 321.50128 248.29295 0.5 0.5 0.5 0.5 0.5 0.5 0.5 0.9946548 
Car 0.5 3 0 476.4132 179.27434 542.7906 233.44312 0.5 0.5 0.5 0.5 0.5 0.5 0.5 0.98858577 
Car 0.5 3 0 354.4832 183.47797 398.03134 213.46796 0.5 0.5 0.5 0.5 0.5 0.5 0.5 0.91635484 
Car 0.5 3 0 581.123 176.40018 606.5059 200.48721 0.5 0.5 0.5 0.5 0.5 0.5 0.5 0.9031123 
Pedestrian 0.5 3 0 658.2478 170.35013 672.20013 209.51517 0.5 0.5 0.5 0.5 0.5 0.5 0.5 0.8360165 
Pedestrian 0.5 3 0 460.99423 186.39307 470.1904 214.80904 0.5 0.5 0.5 0.5 0.5 0.5 0.5 0.7347726 
Pedestrian 0.5 3 0 646.13226 172.46878 661.063 210.13142 0.5 0.5 0.5 0.5 0.5 0.5 0.5 0.66012526 
Pedestrian 0.5 3 0 106.050446 195.52797 115.5478 228.28629 0.5 0.5 0.5 0.5 0.5 0.5 0.5 0.6109963 
Pedestrian 0.5 3 0 637.931 170.88649 651.48083 208.28531 0.5 0.5 0.5 0.5 0.5 0.5 0.5 0.58869183 
Car 0.5 3 0 466.29593 182.74272 480.32028 200.58154 0.5 0.5 0.5 0.5 0.5 0.5 0.5 0.5228753 
