Pedestrian 0.5 3 0 703.3764 157.25496 725.18365 216.80916 0.5 0.5 0.5 0.5 0.5 0.5 0.5 0.9941565 
Car 0.5 3 0 584.0507 172.1721 611.1575 195.83923 0.5 0.5 0.5 0.5 0.5 0.5 0.5 0.97683537 
Car 0.5 3 0 497.01498 174.66222 516.6605 190.1762 0.5 0.5 0.5 0.5 0.5 0.5 0.5 0.815462 
Car 0.5 3 0 468.58414 173.2128 496.21115 191.20439 0.5 0.5 0.5 0.5 0.5 0.5 0.5 0.7809855 
Cyclist 0.5 3 0 704.5028 178.72144 722.55865 220.18344 0.5 0.5 0.5 0.5 0.5 0.5 0.5 0.78090507 
Car 0.5 3 0 545.0561 175.55522 558.2415 183.86429 0.5 0.5 0.5 0.5 0.5 0.5 0.5 0.7744443 
Pedestrian 0.5 3 0 66.14028 165.3602 80.70294 178.66179 0.5 0.5 0.5 0.5 0.5 0.5 0.5 0.7409155 
Pedestrian 0.5 3 0 51.21243 167.77042 63.3618 179.63919 0.5 0.5 0.5 0.5 0.5 0.5 0.5 0.71986604 
Pedestrian 0.5 3 0 90.08283 163.3811 110.05571 177.7367 0.5 0.5 0.5 0.5 0.5 0.5 0.5 0.58982337 
Pedestrian 0.5 3 0 221.32849 167.12419 231.6402 177.35313 0.5 0.5 0.5 0.5 0.5 0.5 0.5 0.57901144 
Pedestrian 0.5 3 0 20.668236 164.6602 45.03985 206.50763 0.5 0.5 0.5 0.5 0.5 0.5 0.5 0.51276124 
