Cyclist 0.5 3 0 876.3534 228.94731 1147.4044 374.01035 0.5 0.5 0.5 0.5 0.5 0.5 0.5 0.9981211 
Pedestrian 0.5 3 0 0.0 179.93942 35.551373 360.96863 0.5 0.5 0.5 0.5 0.5 0.5 0.5 0.99404436 
Pedestrian 0.5 3 0 971.6011 129.11206 1062.6229 366.93173 0.5 0.5 0.5 0.5 0.5 0.5 0.5 0.9934977 
Pedestrian 0.5 3 0 779.1919 175.13136 824.9614 301.07855 0.5 0.5 0.5 0.5 0.5 0.5 0.5 0.98687404 
Pedestrian 0.5 3 0 850.32886 160.66953 912.8703 324.56747 0.5 0.5 0.5 0.5 0.5 0.5 0.5 0.98063344 
Car 0.5 3 0 17.834995 210.68925 103.38766 295.07257 0.5 0.5 0.5 0.5 0.5 0.5 0.5 0.9741775 
Car 0.5 3 0 600.93317 176.65805 629.16315 202.01118 0.5 0.5 0.5 0.5 0.5 0.5 0.5 0.97096395 
Pedestrian 0.5 3 0 880.4267 143.85602 925.13904 232.73798 0.5 0.5 0.5 0.5 0.5 0.5 0.5 0.9199981 
Car 0.5 3 0 500.9337 182.68118 524.3561 196.69382 0.5 0.5 0.5 0.5 0.5 0.5 0.5 0.9170244 
Car 0.5 3 0 367.16205 186.29495 431.4871 221.07565 0.5 0.5 0.5 0.5 0.5 0.5 0.5 0.85425705 
Pedestrian 0.5 3 0 116.0128 197.62177 135.34053 232.55914 0.5 0.5 0.5 0.5 0.5 0.5 0.5 0.7056723 
Car 0.5 3 0 533.4616 179.72574 542.8666 188.64182 0.5 0.5 0.5 0.5 0.5 0.5 0.5 0.5598258 
