Car 0.5 3 0 312.50122 183.12668 496.18738 317.1461 0.5 0.5 0.5 0.5 0.5 0.5 0.5 0.99631506 
Car 0.5 3 0 587.80945 177.80934 617.57306 204.21329 0.5 0.5 0.5 0.5 0.5 0.5 0.5 0.99081147 
Car 0.5 3 0 0.5959673 202.87482 152.55794 278.66614 0.5 0.5 0.5 0.5 0.5 0.5 0.5 0.988991 
Pedestrian 0.5 3 0 709.452 163.2374 738.2828 238.32755 0.5 0.5 0.5 0.5 0.5 0.5 0.5 0.9662896 
Pedestrian 0.5 3 0 672.058 174.36357 689.8385 231.79054 0.5 0.5 0.5 0.5 0.5 0.5 0.5 0.92675173 
Pedestrian 0.5 3 0 692.72766 172.36215 715.98615 232.77301 0.5 0.5 0.5 0.5 0.5 0.5 0.5 0.89535844 
Cyclist 0.5 3 0 691.76025 197.78944 758.20776 242.09224 0.5 0.5 0.5 0.5 0.5 0.5 0.5 0.8825998 
Pedestrian 0.5 3 0 280.88153 180.12334 291.23123 214.63618 0.5 0.5 0.5 0.5 0.5 0.5 0.5 0.84051067 
Car 0.5 3 0 463.0127 183.94977 483.82703 203.14417 0.5 0.5 0.5 0.5 0.5 0.5 0.5 0.6779042 
Car 0.5 3 0 519.58 181.9296 535.0761 192.35095 0.5 0.5 0.5 0.5 0.5 0.5 0.5 0.66448367 
Pedestrian 0.5 3 0 250.08531 196.81921 258.22354 217.35988 0.5 0.5 0.5 0.5 0.5 0.5 0.5 0.5459816 
