Car 0.5 3 0 404.78458 177.07391 519.7781 265.52087 0.5 0.5 0.5 0.5 0.5 0.5 0.5 0.9929309 
Pedestrian 0.5 3 0 688.0403 158.6411 713.20776 219.79688 0.5 0.5 0.5 0.5 0.5 0.5 0.5 0.92805123 
Pedestrian 0.5 3 0 657.4582 168.40948 675.44446 217.85542 0.5 0.5 0.5 0.5 0.5 0.5 0.5 0.90901476 
Car 0.5 3 0 584.4533 171.28764 613.9876 196.35474 0.5 0.5 0.5 0.5 0.5 0.5 0.5 0.89941853 
Pedestrian 0.5 3 0 672.9976 167.01979 692.02637 217.6307 0.5 0.5 0.5 0.5 0.5 0.5 0.5 0.8559756 
Pedestrian 0.5 3 0 3.00324 191.05305 17.840792 216.197 0.5 0.5 0.5 0.5 0.5 0.5 0.5 0.8391508 
Cyclist 0.5 3 0 680.6195 187.85379 722.18207 222.2775 0.5 0.5 0.5 0.5 0.5 0.5 0.5 0.79944277 
Car 0.5 3 0 191.71133 186.63647 288.6006 237.81357 0.5 0.5 0.5 0.5 0.5 0.5 0.5 0.789805 
Pedestrian 0.5 3 0 675.84174 163.17642 706.7081 218.88649 0.5 0.5 0.5 0.5 0.5 0.5 0.5 0.6417957 
Pedestrian 0.5 3 0 120.53317 179.81664 138.65831 209.27406 0.5 0.5 0.5 0.5 0.5 0.5 0.5 0.55290085 
Pedestrian 0.5 3 0 119.00501 180.01103 142.49394 228.7182 0.5 0.5 0.5 0.5 0.5 0.5 0.5 0.523576 
