Pedestrian 0.5 3 0 686.881 161.55972 703.6084 209.92197 0.5 0.5 0.5 0.5 0.5 0.5 0.5 0.9880427 
Car 0.5 3 0 583.9341 174.25987 610.9906 197.59286 0.5 0.5 0.5 0.5 0.5 0.5 0.5 0.9477655 
Car 0.5 3 0 476.22778 175.47876 494.61832 191.41719 0.5 0.5 0.5 0.5 0.5 0.5 0.5 0.843464 
Pedestrian 0.5 3 0 225.75272 157.4495 240.62798 177.69485 0.5 0.5 0.5 0.5 0.5 0.5 0.5 0.80512464 
Cyclist 0.5 3 0 687.0101 181.46503 701.42065 215.8771 0.5 0.5 0.5 0.5 0.5 0.5 0.5 0.76503223 
Pedestrian 0.5 3 0 166.68944 168.56252 179.57153 179.4224 0.5 0.5 0.5 0.5 0.5 0.5 0.5 0.7592112 
Car 0.5 3 0 503.0085 176.68542 520.3212 190.3602 0.5 0.5 0.5 0.5 0.5 0.5 0.5 0.7496233 
Pedestrian 0.5 3 0 108.087166 167.21262 122.84395 178.91798 0.5 0.5 0.5 0.5 0.5 0.5 0.5 0.6227364 
Pedestrian 0.5 3 0 144.0081 166.46394 156.14528 178.99208 0.5 0.5 0.5 0.5 0.5 0.5 0.5 0.6079576 
Pedestrian 0.5 3 0 183.14824 167.36893 196.67719 177.5096 0.5 0.5 0.5 0.5 0.5 0.5 0.5 0.59511334 
