Car 0.5 3 0 40.717026 177.55525 446.27585 371.9261 0.5 0.5 0.5 0.5 0.5 0.5 0.5 0.98502594 
Pedestrian 0.5 3 0 698.35834 168.03967 716.0714 239.81209 0.5 0.5 0.5 0.5 0.5 0.5 0.5 0.9782823 
Pedestrian 0.5 3 0 761.3486 158.03622 796.66504 256.6102 0.5 0.5 0.5 0.5 0.5 0.5 0.5 0.97197646 
Pedestrian 0.5 3 0 745.43585 153.59296 767.2293 202.81178 0.5 0.5 0.5 0.5 0.5 0.5 0.5 0.9680482 
Cyclist 0.5 3 0 742.4217 196.45993 820.2663 256.3551 0.5 0.5 0.5 0.5 0.5 0.5 0.5 0.9648313 
Car 0.5 3 0 593.2745 170.12543 622.2998 196.15384 0.5 0.5 0.5 0.5 0.5 0.5 0.5 0.9563887 
Pedestrian 0.5 3 0 725.6202 164.24823 753.07996 244.16568 0.5 0.5 0.5 0.5 0.5 0.5 0.5 0.9187195 
Car 0.5 3 0 435.52847 178.79735 470.58716 200.75395 0.5 0.5 0.5 0.5 0.5 0.5 0.5 0.7189797 
Car 0.5 3 0 515.7216 175.52708 532.2255 188.20349 0.5 0.5 0.5 0.5 0.5 0.5 0.5 0.70307755 
Cyclist 0.5 3 0 723.2988 199.95428 766.8092 252.32617 0.5 0.5 0.5 0.5 0.5 0.5 0.5 0.63132405 
