Car 0.5 3 0 448.8123 180.99205 532.7615 247.85094 0.5 0.5 0.5 0.5 0.5 0.5 0.5 0.9912503 
Car 0.5 3 0 37.512737 200.22684 191.06406 292.5064 0.5 0.5 0.5 0.5 0.5 0.5 0.5 0.98773617 
Car 0.5 3 0 1.2597787 202.58546 119.55605 297.78683 0.5 0.5 0.5 0.5 0.5 0.5 0.5 0.98277664 
Car 0.5 3 0 295.87537 187.55588 362.60376 225.85248 0.5 0.5 0.5 0.5 0.5 0.5 0.5 0.961332 
Pedestrian 0.5 3 0 671.94275 167.5053 693.2408 214.20496 0.5 0.5 0.5 0.5 0.5 0.5 0.5 0.8734735 
Car 0.5 3 0 2.1364202 196.7714 105.59961 236.73814 0.5 0.5 0.5 0.5 0.5 0.5 0.5 0.8208613 
Pedestrian 0.5 3 0 182.08641 181.8931 200.47932 221.692 0.5 0.5 0.5 0.5 0.5 0.5 0.5 0.71577036 
Car 0.5 3 0 584.65533 178.76263 610.5432 199.11888 0.5 0.5 0.5 0.5 0.5 0.5 0.5 0.6526792 
Pedestrian 0.5 3 0 659.7414 172.44524 676.21136 214.26503 0.5 0.5 0.5 0.5 0.5 0.5 0.5 0.62156004 
Car 0.5 3 0 434.8656 185.05681 456.16968 206.72786 0.5 0.5 0.5 0.5 0.5 0.5 0.5 0.5214011 
