Cyclist 0.5 3 0 822.0847 218.86852 1022.7987 336.84805 0.5 0.5 0.5 0.5 0.5 0.5 0.5 0.99709177 
Pedestrian 0.5 3 0 891.0975 136.67752 969.6976 335.2143 0.5 0.5 0.5 0.5 0.5 0.5 0.5 0.99575067 
Pedestrian 0.5 3 0 84.732376 177.77325 135.41791 325.7715 0.5 0.5 0.5 0.5 0.5 0.5 0.5 0.9887304 
Pedestrian 0.5 3 0 751.73883 171.93596 793.598 278.7168 0.5 0.5 0.5 0.5 0.5 0.5 0.5 0.9862644 
Car 0.5 3 0 0.6119829 200.54063 187.29573 297.74832 0.5 0.5 0.5 0.5 0.5 0.5 0.5 0.98407733 
Pedestrian 0.5 3 0 809.6222 161.77106 858.44653 282.17416 0.5 0.5 0.5 0.5 0.5 0.5 0.5 0.9774531 
Car 0.5 3 0 388.63025 183.58786 443.5306 216.10289 0.5 0.5 0.5 0.5 0.5 0.5 0.5 0.9150957 
Car 0.5 3 0 504.26544 179.32918 529.37524 194.53206 0.5 0.5 0.5 0.5 0.5 0.5 0.5 0.8953597 
Car 0.5 3 0 600.5271 174.07881 629.0607 199.66023 0.5 0.5 0.5 0.5 0.5 0.5 0.5 0.88208824 
Cyclist 0.5 3 0 1002.37994 190.87546 1059.3167 243.21414 0.5 0.5 0.5 0.5 0.5 0.5 0.5 0.8712064 
Pedestrian 0.5 3 0 838.12476 146.5375 874.9716 245.3028 0.5 0.5 0.5 0.5 0.5 0.5 0.5 0.8565617 
Pedestrian 0.5 3 0 369.22464 172.85371 380.09448 207.09483 0.5 0.5 0.5 0.5 0.5 0.5 0.5 0.72853965 
Car 0.5 3 0 533.39954 177.87263 545.8114 186.92545 0.5 0.5 0.5 0.5 0.5 0.5 0.5 0.6376428 
