Car 0.5 3 0 228.8933 179.48026 495.709 295.3814 0.5 0.5 0.5 0.5 0.5 0.5 0.5 0.9970392 
Car 0.5 3 0 663.716 182.59258 772.21844 238.62488 0.5 0.5 0.5 0.5 0.5 0.5 0.5 0.9926295 
Car 0.5 3 0 980.57263 183.3885 1069.6031 250.83852 0.5 0.5 0.5 0.5 0.5 0.5 0.5 0.99217105 
Car 0.5 3 0 1062.3824 187.87761 1108.0995 219.2814 0.5 0.5 0.5 0.5 0.5 0.5 0.5 0.9862852 
Car 0.5 3 0 883.0647 184.6141 928.91693 211.31715 0.5 0.5 0.5 0.5 0.5 0.5 0.5 0.9206069 
Car 0.5 3 0 811.2339 185.9396 883.51166 219.52092 0.5 0.5 0.5 0.5 0.5 0.5 0.5 0.903571 
Pedestrian 0.5 3 0 373.855 194.99883 402.9696 221.15811 0.5 0.5 0.5 0.5 0.5 0.5 0.5 0.8219088 
Car 0.5 3 0 934.5128 184.90767 966.6621 206.68654 0.5 0.5 0.5 0.5 0.5 0.5 0.5 0.695848 
Car 0.5 3 0 965.9655 188.49837 982.6578 203.24918 0.5 0.5 0.5 0.5 0.5 0.5 0.5 0.684976 
Pedestrian 0.5 3 0 1162.3629 155.00867 1178.665 198.06943 0.5 0.5 0.5 0.5 0.5 0.5 0.5 0.6736776 
