Car 0.5 3 0 2.1247053 189.48213 364.79507 372.25186 0.5 0.5 0.5 0.5 0.5 0.5 0.5 0.99652123 
Pedestrian 0.5 3 0 809.8391 153.96022 858.1129 287.8739 0.5 0.5 0.5 0.5 0.5 0.5 0.5 0.9954725 
Cyclist 0.5 3 0 762.9016 211.05832 890.67926 285.13052 0.5 0.5 0.5 0.5 0.5 0.5 0.5 0.98749566 
Pedestrian 0.5 3 0 720.9742 173.35706 748.0603 260.18542 0.5 0.5 0.5 0.5 0.5 0.5 0.5 0.9728161 
Car 0.5 3 0 597.0265 176.44467 625.25146 200.14908 0.5 0.5 0.5 0.5 0.5 0.5 0.5 0.96928084 
Pedestrian 0.5 3 0 756.06805 165.88875 793.9294 266.30914 0.5 0.5 0.5 0.5 0.5 0.5 0.5 0.96672577 
Car 0.5 3 0 415.7533 184.74701 464.57794 212.62265 0.5 0.5 0.5 0.5 0.5 0.5 0.5 0.95687914 
Pedestrian 0.5 3 0 780.1383 153.9325 811.45496 231.84254 0.5 0.5 0.5 0.5 0.5 0.5 0.5 0.9289346 
Car 0.5 3 0 510.285 182.03716 530.4847 195.25124 0.5 0.5 0.5 0.5 0.5 0.5 0.5 0.80010706 
Pedestrian 0.5 3 0 221.80946 179.42958 248.25597 215.06546 0.5 0.5 0.5 0.5 0.5 0.5 0.5 0.73300135 
Car 0.5 3 0 0.0 165.9514 92.80703 192.00697 0.5 0.5 0.5 0.5 0.5 0.5 0.5 0.7152994 
Car 0.5 3 0 224.08015 192.92752 295.46237 241.64519 0.5 0.5 0.5 0.5 0.5 0.5 0.5 0.59014636 
Cyclist 0.5 3 0 762.9404 207.11806 822.52423 280.91913 0.5 0.5 0.5 0.5 0.5 0.5 0.5 0.5291162 
Pedestrian 0.5 3 0 377.87686 177.33672 388.59406 205.72809 0.5 0.5 0.5 0.5 0.5 0.5 0.5 0.519357 
