Pedestrian 0.5 3 0 1099.7599 122.506966 1232.991 371.44617 0.5 0.5 0.5 0.5 0.5 0.5 0.5 0.99815875 
Pedestrian 0.5 3 0 917.9388 160.78757 993.01227 374.56277 0.5 0.5 0.5 0.5 0.5 0.5 0.5 0.9972914 
Pedestrian 0.5 3 0 811.46735 178.89536 867.19037 329.6495 0.5 0.5 0.5 0.5 0.5 0.5 0.5 0.9971022 
Car 0.5 3 0 602.09644 181.4504 630.3357 206.87 0.5 0.5 0.5 0.5 0.5 0.5 0.5 0.98528695 
Car 0.5 3 0 345.97064 191.50667 418.95688 228.9764 0.5 0.5 0.5 0.5 0.5 0.5 0.5 0.9719214 
Cyclist 0.5 3 0 984.2336 229.75618 1184.9618 371.36816 0.5 0.5 0.5 0.5 0.5 0.5 0.5 0.96668756 
Cyclist 0.5 3 0 843.714 239.9471 1042.4453 347.43912 0.5 0.5 0.5 0.5 0.5 0.5 0.5 0.89439845 
Car 0.5 3 0 494.64902 185.77115 521.0709 202.26558 0.5 0.5 0.5 0.5 0.5 0.5 0.5 0.81763196 
Pedestrian 0.5 3 0 939.3567 142.66817 997.7229 244.91353 0.5 0.5 0.5 0.5 0.5 0.5 0.5 0.7980692 
Pedestrian 0.5 3 0 35.611217 202.73715 55.955387 245.6614 0.5 0.5 0.5 0.5 0.5 0.5 0.5 0.71730745 
Pedestrian 0.5 3 0 127.32065 191.00932 140.76805 233.17346 0.5 0.5 0.5 0.5 0.5 0.5 0.5 0.6117331 
Pedestrian 0.5 3 0 354.53183 181.86345 363.6503 201.18163 0.5 0.5 0.5 0.5 0.5 0.5 0.5 0.5835876 
Pedestrian 0.5 3 0 933.89496 143.31999 983.9733 214.47916 0.5 0.5 0.5 0.5 0.5 0.5 0.5 0.5074043 
