Car 0.5 3 0 1.4659127 179.41771 319.25504 341.56308 0.5 0.5 0.5 0.5 0.5 0.5 0.5 0.9960145 
Car 0.5 3 0 559.5223 184.14174 682.23663 244.89442 0.5 0.5 0.5 0.5 0.5 0.5 0.5 0.9943744 
Car 0.5 3 0 919.2603 184.86884 994.89197 243.59125 0.5 0.5 0.5 0.5 0.5 0.5 0.5 0.99305046 
Car 0.5 3 0 981.9294 186.72035 1014.7545 215.51482 0.5 0.5 0.5 0.5 0.5 0.5 0.5 0.9826203 
Car 0.5 3 0 803.07947 185.00688 846.6746 212.95918 0.5 0.5 0.5 0.5 0.5 0.5 0.5 0.9239284 
Car 0.5 3 0 734.8198 186.73112 805.9246 222.14877 0.5 0.5 0.5 0.5 0.5 0.5 0.5 0.9043921 
Pedestrian 0.5 3 0 127.29705 196.01295 174.57066 232.52774 0.5 0.5 0.5 0.5 0.5 0.5 0.5 0.830077 
Car 0.5 3 0 904.11005 180.44328 917.6639 188.81927 0.5 0.5 0.5 0.5 0.5 0.5 0.5 0.7752777 
Car 0.5 3 0 855.7358 184.57613 893.082 206.11914 0.5 0.5 0.5 0.5 0.5 0.5 0.5 0.6595832 
Car 0.5 3 0 876.63916 187.60211 897.5984 202.61392 0.5 0.5 0.5 0.5 0.5 0.5 0.5 0.6204218 
