Pedestrian 0.5 3 0 678.96954 162.33148 696.8481 211.54884 0.5 0.5 0.5 0.5 0.5 0.5 0.5 0.99145186 
Car 0.5 3 0 584.14 174.98227 611.18634 199.43918 0.5 0.5 0.5 0.5 0.5 0.5 0.5 0.9470424 
Pedestrian 0.5 3 0 253.18172 160.77014 265.35675 179.33795 0.5 0.5 0.5 0.5 0.5 0.5 0.5 0.8911005 
Car 0.5 3 0 478.39807 176.01418 494.77994 191.25882 0.5 0.5 0.5 0.5 0.5 0.5 0.5 0.8546556 
Car 0.5 3 0 504.29773 176.92062 522.6187 191.15376 0.5 0.5 0.5 0.5 0.5 0.5 0.5 0.76420027 
Cyclist 0.5 3 0 679.11414 182.55653 694.43713 214.5258 0.5 0.5 0.5 0.5 0.5 0.5 0.5 0.73676705 
Pedestrian 0.5 3 0 217.84196 169.95494 230.75836 179.2402 0.5 0.5 0.5 0.5 0.5 0.5 0.5 0.66584545 
Pedestrian 0.5 3 0 156.74522 169.26395 167.85538 179.0243 0.5 0.5 0.5 0.5 0.5 0.5 0.5 0.6056802 
Pedestrian 0.5 3 0 204.79561 170.25108 213.79755 180.04218 0.5 0.5 0.5 0.5 0.5 0.5 0.5 0.5694433 
Pedestrian 0.5 3 0 185.32298 169.25662 194.50333 179.71317 0.5 0.5 0.5 0.5 0.5 0.5 0.5 0.53494114 
