Car 0.5 3 0 63.767395 193.017 162.19016 229.07649 0.5 0.5 0.5 0.5 0.5 0.5 0.5 0.9967361 
Cyclist 0.5 3 0 1209.4724 175.09152 1241.1113 232.50995 0.5 0.5 0.5 0.5 0.5 0.5 0.5 0.98432136 
Pedestrian 0.5 3 0 892.6763 147.96948 912.2427 193.42738 0.5 0.5 0.5 0.5 0.5 0.5 0.5 0.9770349 
Car 0.5 3 0 168.2231 181.27164 255.8122 214.14279 0.5 0.5 0.5 0.5 0.5 0.5 0.5 0.95648646 
Car 0.5 3 0 126.98316 193.15486 193.74779 219.1003 0.5 0.5 0.5 0.5 0.5 0.5 0.5 0.94892776 
Car 0.5 3 0 279.3083 183.25337 301.74527 197.86275 0.5 0.5 0.5 0.5 0.5 0.5 0.5 0.82170993 
Car 0.5 3 0 366.40814 176.89888 413.64456 193.15958 0.5 0.5 0.5 0.5 0.5 0.5 0.5 0.75701606 
Car 0.5 3 0 399.41122 175.96255 429.3738 187.94576 0.5 0.5 0.5 0.5 0.5 0.5 0.5 0.7406968 
Car 0.5 3 0 302.88986 180.79741 343.79132 196.59595 0.5 0.5 0.5 0.5 0.5 0.5 0.5 0.708538 
Car 0.5 3 0 420.6048 166.78745 449.74722 183.51936 0.5 0.5 0.5 0.5 0.5 0.5 0.5 0.67536604 
Pedestrian 0.5 3 0 1217.7542 150.28941 1241.9532 203.2339 0.5 0.5 0.5 0.5 0.5 0.5 0.5 0.5945423 
Car 0.5 3 0 323.14297 181.72777 349.83658 194.02129 0.5 0.5 0.5 0.5 0.5 0.5 0.5 0.5243953 
Car 0.5 3 0 300.0524 181.4605 325.76712 196.73776 0.5 0.5 0.5 0.5 0.5 0.5 0.5 0.5182892 
