Cyclist 0.5 3 0 1131.7349 186.61311 1200.589 241.74582 0.5 0.5 0.5 0.5 0.5 0.5 0.5 0.996976 
Pedestrian 0.5 3 0 1139.5924 143.44844 1192.5372 232.80016 0.5 0.5 0.5 0.5 0.5 0.5 0.5 0.99185526 
Pedestrian 0.5 3 0 856.59283 158.88647 869.44305 198.59227 0.5 0.5 0.5 0.5 0.5 0.5 0.5 0.96840054 
Car 0.5 3 0 268.16058 184.19438 321.6796 205.34172 0.5 0.5 0.5 0.5 0.5 0.5 0.5 0.9499312 
Car 0.5 3 0 293.23102 177.29726 352.652 200.72203 0.5 0.5 0.5 0.5 0.5 0.5 0.5 0.94302744 
Car 0.5 3 0 86.97341 186.98582 189.59447 213.74678 0.5 0.5 0.5 0.5 0.5 0.5 0.5 0.8843627 
Car 0.5 3 0 443.00406 167.83536 476.65674 182.9112 0.5 0.5 0.5 0.5 0.5 0.5 0.5 0.7547014 
Pedestrian 0.5 3 0 852.6678 159.25534 862.0768 197.57477 0.5 0.5 0.5 0.5 0.5 0.5 0.5 0.6917099 
Car 0.5 3 0 435.62137 175.67336 460.133 185.95528 0.5 0.5 0.5 0.5 0.5 0.5 0.5 0.66573197 
Car 0.5 3 0 363.6352 181.15222 380.79254 192.44669 0.5 0.5 0.5 0.5 0.5 0.5 0.5 0.6423227 
Car 0.5 3 0 388.90607 177.8923 426.5184 189.84158 0.5 0.5 0.5 0.5 0.5 0.5 0.5 0.61266565 
Car 0.5 3 0 239.24274 186.04857 274.5959 207.48889 0.5 0.5 0.5 0.5 0.5 0.5 0.5 0.57335186 
Car 0.5 3 0 241.53436 184.70244 306.51642 207.35707 0.5 0.5 0.5 0.5 0.5 0.5 0.5 0.5533697 
Car 0.5 3 0 604.319 169.59784 614.5248 177.2641 0.5 0.5 0.5 0.5 0.5 0.5 0.5 0.55068374 
