Cyclist 0.5 3 0 1209.8004 171.88222 1242.0 234.63205 0.5 0.5 0.5 0.5 0.5 0.5 0.5 0.9761688 
Pedestrian 0.5 3 0 888.20435 149.62756 908.6406 194.4054 0.5 0.5 0.5 0.5 0.5 0.5 0.5 0.97286487 
Car 0.5 3 0 124.45512 190.1901 201.69577 218.62979 0.5 0.5 0.5 0.5 0.5 0.5 0.5 0.96086127 
Car 0.5 3 0 198.80557 178.4279 284.72903 207.62494 0.5 0.5 0.5 0.5 0.5 0.5 0.5 0.9605317 
Car 0.5 3 0 166.11761 188.66582 229.15562 210.95668 0.5 0.5 0.5 0.5 0.5 0.5 0.5 0.914169 
Car 0.5 3 0 297.82947 179.58492 320.79807 195.3872 0.5 0.5 0.5 0.5 0.5 0.5 0.5 0.893696 
Car 0.5 3 0 0.5566641 192.56136 69.90553 221.80743 0.5 0.5 0.5 0.5 0.5 0.5 0.5 0.88632256 
Car 0.5 3 0 426.6309 165.33037 454.94235 183.51273 0.5 0.5 0.5 0.5 0.5 0.5 0.5 0.7720953 
Car 0.5 3 0 403.9814 174.3422 436.23492 184.7129 0.5 0.5 0.5 0.5 0.5 0.5 0.5 0.7305296 
Car 0.5 3 0 337.4077 179.65149 363.9414 192.49725 0.5 0.5 0.5 0.5 0.5 0.5 0.5 0.671767 
Car 0.5 3 0 363.2624 176.07254 415.4174 191.932 0.5 0.5 0.5 0.5 0.5 0.5 0.5 0.63069636 
Car 0.5 3 0 321.2201 178.78621 356.51175 193.2785 0.5 0.5 0.5 0.5 0.5 0.5 0.5 0.59381473 
Car 0.5 3 0 306.09003 179.07968 323.82104 193.29929 0.5 0.5 0.5 0.5 0.5 0.5 0.5 0.5915159 
Car 0.5 3 0 388.48648 176.41832 424.65485 186.80762 0.5 0.5 0.5 0.5 0.5 0.5 0.5 0.57035273 
