Pedestrian 0.5 3 0 1093.6187 154.53922 1142.2662 226.91269 0.5 0.5 0.5 0.5 0.5 0.5 0.5 0.98911524 
Pedestrian 0.5 3 0 838.0705 158.883 851.0277 195.55144 0.5 0.5 0.5 0.5 0.5 0.5 0.5 0.9853828 
Cyclist 0.5 3 0 1086.0667 193.81659 1144.8678 229.48651 0.5 0.5 0.5 0.5 0.5 0.5 0.5 0.9843119 
Car 0.5 3 0 313.7693 173.9167 369.04794 195.41585 0.5 0.5 0.5 0.5 0.5 0.5 0.5 0.9544165 
Car 0.5 3 0 265.7702 179.1995 337.2708 200.42372 0.5 0.5 0.5 0.5 0.5 0.5 0.5 0.9468952 
Car 0.5 3 0 157.31715 181.09973 212.27727 203.30232 0.5 0.5 0.5 0.5 0.5 0.5 0.5 0.911013 
Car 0.5 3 0 297.27985 179.79181 341.93848 199.17775 0.5 0.5 0.5 0.5 0.5 0.5 0.5 0.7793907 
Car 0.5 3 0 452.41382 165.21495 480.57898 179.8352 0.5 0.5 0.5 0.5 0.5 0.5 0.5 0.64313346 
Car 0.5 3 0 225.7137 178.76154 264.7854 198.37773 0.5 0.5 0.5 0.5 0.5 0.5 0.5 0.6105532 
Car 0.5 3 0 408.39383 173.64157 427.92407 185.56036 0.5 0.5 0.5 0.5 0.5 0.5 0.5 0.5434052 
