Pedestrian 0.5 3 0 1193.1301 143.16502 1238.8296 232.84735 0.5 0.5 0.5 0.5 0.5 0.5 0.5 0.97744125 
Car 0.5 3 0 0.70581234 191.18835 112.66834 226.84972 0.5 0.5 0.5 0.5 0.5 0.5 0.5 0.96643865 
Car 0.5 3 0 204.74371 186.41965 264.38956 210.75745 0.5 0.5 0.5 0.5 0.5 0.5 0.5 0.96081704 
Car 0.5 3 0 252.08463 177.9985 316.01746 203.62943 0.5 0.5 0.5 0.5 0.5 0.5 0.5 0.9512408 
Cyclist 0.5 3 0 1184.1151 183.03488 1235.7401 237.77611 0.5 0.5 0.5 0.5 0.5 0.5 0.5 0.9160342 
Car 0.5 3 0 416.4366 175.03778 449.21457 185.25337 0.5 0.5 0.5 0.5 0.5 0.5 0.5 0.8350936 
Car 0.5 3 0 331.72513 179.53383 352.02286 194.73375 0.5 0.5 0.5 0.5 0.5 0.5 0.5 0.8239124 
Pedestrian 0.5 3 0 877.0017 155.602 896.22986 196.26266 0.5 0.5 0.5 0.5 0.5 0.5 0.5 0.7718256 
Car 0.5 3 0 436.27438 166.62851 469.37598 183.56696 0.5 0.5 0.5 0.5 0.5 0.5 0.5 0.754945 
Car 0.5 3 0 155.86186 185.46059 260.32883 213.67169 0.5 0.5 0.5 0.5 0.5 0.5 0.5 0.66034335 
Car 0.5 3 0 66.87337 188.98613 149.51306 213.83116 0.5 0.5 0.5 0.5 0.5 0.5 0.5 0.5811827 
Car 0.5 3 0 153.79167 181.18132 208.32597 209.86104 0.5 0.5 0.5 0.5 0.5 0.5 0.5 0.55337584 
Car 0.5 3 0 363.09766 180.05879 387.72256 191.21077 0.5 0.5 0.5 0.5 0.5 0.5 0.5 0.5499044 
