Cyclist 0.5 3 0 1141.1755 181.3185 1210.6497 241.36441 0.5 0.5 0.5 0.5 0.5 0.5 0.5 0.99327314 
Pedestrian 0.5 3 0 857.49524 158.53432 874.2333 199.34085 0.5 0.5 0.5 0.5 0.5 0.5 0.5 0.98318785 
Car 0.5 3 0 287.67004 177.55772 346.58658 201.27504 0.5 0.5 0.5 0.5 0.5 0.5 0.5 0.906775 
Car 0.5 3 0 248.56775 183.34262 315.7025 208.22638 0.5 0.5 0.5 0.5 0.5 0.5 0.5 0.9023793 
Car 0.5 3 0 65.763626 187.75226 188.18483 215.34673 0.5 0.5 0.5 0.5 0.5 0.5 0.5 0.88936615 
Car 0.5 3 0 232.87184 183.59511 273.18527 208.90955 0.5 0.5 0.5 0.5 0.5 0.5 0.5 0.82259345 
Pedestrian 0.5 3 0 1160.9823 141.06125 1205.4109 216.0575 0.5 0.5 0.5 0.5 0.5 0.5 0.5 0.8186722 
Car 0.5 3 0 442.06146 168.25858 475.85416 182.919 0.5 0.5 0.5 0.5 0.5 0.5 0.5 0.7982304 
Car 0.5 3 0 358.1771 179.92073 376.97787 192.31839 0.5 0.5 0.5 0.5 0.5 0.5 0.5 0.76992744 
Car 0.5 3 0 205.24281 183.17068 235.82687 204.51611 0.5 0.5 0.5 0.5 0.5 0.5 0.5 0.6981822 
Car 0.5 3 0 385.6243 176.85733 414.8087 189.79684 0.5 0.5 0.5 0.5 0.5 0.5 0.5 0.66529983 
Car 0.5 3 0 434.3711 175.68144 459.35226 185.47815 0.5 0.5 0.5 0.5 0.5 0.5 0.5 0.60136956 
Car 0.5 3 0 600.6874 168.0301 613.8075 178.25558 0.5 0.5 0.5 0.5 0.5 0.5 0.5 0.5189905 
Car 0.5 3 0 145.56622 187.80783 203.253 213.241 0.5 0.5 0.5 0.5 0.5 0.5 0.5 0.51828116 
Car 0.5 3 0 389.88095 178.92758 425.033 191.33112 0.5 0.5 0.5 0.5 0.5 0.5 0.5 0.5083401 
