Car 0.5 3 0 84.919106 194.58295 172.71503 227.17712 0.5 0.5 0.5 0.5 0.5 0.5 0.5 0.99643826 
Car 0.5 3 0 175.66068 182.36917 260.3958 213.12065 0.5 0.5 0.5 0.5 0.5 0.5 0.5 0.96492475 
Pedestrian 0.5 3 0 892.1643 144.5674 911.6468 188.97284 0.5 0.5 0.5 0.5 0.5 0.5 0.5 0.96321523 
Cyclist 0.5 3 0 1213.0403 149.24948 1241.8042 226.63698 0.5 0.5 0.5 0.5 0.5 0.5 0.5 0.9479782 
Car 0.5 3 0 139.52068 193.62231 205.09152 218.22461 0.5 0.5 0.5 0.5 0.5 0.5 0.5 0.92781323 
Car 0.5 3 0 288.37357 183.2235 308.5581 198.38783 0.5 0.5 0.5 0.5 0.5 0.5 0.5 0.8334189 
Car 0.5 3 0 422.57474 165.54573 452.20074 182.28941 0.5 0.5 0.5 0.5 0.5 0.5 0.5 0.7397129 
Car 0.5 3 0 392.3711 175.4759 430.95486 187.39009 0.5 0.5 0.5 0.5 0.5 0.5 0.5 0.69354206 
Car 0.5 3 0 316.25934 181.31155 354.25912 194.77513 0.5 0.5 0.5 0.5 0.5 0.5 0.5 0.68470365 
Car 0.5 3 0 372.39365 177.32587 406.54153 191.0073 0.5 0.5 0.5 0.5 0.5 0.5 0.5 0.6156176 
Car 0.5 3 0 0.05435559 198.25272 34.02774 228.90416 0.5 0.5 0.5 0.5 0.5 0.5 0.5 0.61283356 
Car 0.5 3 0 289.95364 181.21596 332.2367 197.78441 0.5 0.5 0.5 0.5 0.5 0.5 0.5 0.5977633 
Car 0.5 3 0 350.39005 178.55359 402.1432 194.7276 0.5 0.5 0.5 0.5 0.5 0.5 0.5 0.56602144 
