Car 0.5 3 0 0.41466352 192.20576 127.92706 224.66354 0.5 0.5 0.5 0.5 0.5 0.5 0.5 0.966367 
Cyclist 0.5 3 0 1179.8566 180.04497 1236.3999 238.58028 0.5 0.5 0.5 0.5 0.5 0.5 0.5 0.96575314 
Pedestrian 0.5 3 0 1193.939 142.81458 1239.2848 236.74438 0.5 0.5 0.5 0.5 0.5 0.5 0.5 0.95152754 
Car 0.5 3 0 219.96983 187.54184 284.52588 209.5921 0.5 0.5 0.5 0.5 0.5 0.5 0.5 0.9397556 
Car 0.5 3 0 256.4755 179.0471 323.768 205.05933 0.5 0.5 0.5 0.5 0.5 0.5 0.5 0.93371964 
Pedestrian 0.5 3 0 873.8136 154.70358 894.5356 197.35275 0.5 0.5 0.5 0.5 0.5 0.5 0.5 0.9248646 
Car 0.5 3 0 192.16206 186.92764 272.61996 214.29044 0.5 0.5 0.5 0.5 0.5 0.5 0.5 0.86103106 
Car 0.5 3 0 437.83163 168.9314 469.57874 184.77263 0.5 0.5 0.5 0.5 0.5 0.5 0.5 0.6917998 
Car 0.5 3 0 336.66547 181.22604 356.82535 194.58372 0.5 0.5 0.5 0.5 0.5 0.5 0.5 0.6814871 
Car 0.5 3 0 423.8216 176.16133 450.80716 186.11139 0.5 0.5 0.5 0.5 0.5 0.5 0.5 0.59284234 
Car 0.5 3 0 364.41083 181.29584 389.93585 191.75912 0.5 0.5 0.5 0.5 0.5 0.5 0.5 0.5741412 
Car 0.5 3 0 167.59267 186.47443 231.31705 211.8217 0.5 0.5 0.5 0.5 0.5 0.5 0.5 0.50153804 
