Pedestrian 0.5 3 0 1044.6532 157.54582 1083.8586 225.34462 0.5 0.5 0.5 0.5 0.5 0.5 0.5 0.9858862 
Pedestrian 0.5 3 0 820.47034 162.22652 832.66986 197.62115 0.5 0.5 0.5 0.5 0.5 0.5 0.5 0.94407016 
Car 0.5 3 0 337.93445 177.46126 386.62054 197.30489 0.5 0.5 0.5 0.5 0.5 0.5 0.5 0.93996966 
Car 0.5 3 0 295.68546 180.36227 339.22015 200.32043 0.5 0.5 0.5 0.5 0.5 0.5 0.5 0.91739494 
Car 0.5 3 0 0.40885228 231.32758 45.38061 304.48288 0.5 0.5 0.5 0.5 0.5 0.5 0.5 0.9135691 
Car 0.5 3 0 392.00574 181.15323 405.69974 191.7892 0.5 0.5 0.5 0.5 0.5 0.5 0.5 0.7790873 
Car 0.5 3 0 225.10799 183.19957 279.51175 204.65143 0.5 0.5 0.5 0.5 0.5 0.5 0.5 0.731801 
Cyclist 0.5 3 0 1044.5371 184.91866 1084.2205 226.1183 0.5 0.5 0.5 0.5 0.5 0.5 0.5 0.7080788 
Car 0.5 3 0 329.70377 180.43423 368.48746 198.57742 0.5 0.5 0.5 0.5 0.5 0.5 0.5 0.66324306 
Car 0.5 3 0 426.06027 176.81674 452.0547 187.67542 0.5 0.5 0.5 0.5 0.5 0.5 0.5 0.6424102 
Car 0.5 3 0 618.0503 164.91907 658.5981 189.55615 0.5 0.5 0.5 0.5 0.5 0.5 0.5 0.53010285 
