Cyclist 0.5 3 0 1097.1759 188.13898 1155.4489 234.08134 0.5 0.5 0.5 0.5 0.5 0.5 0.5 0.9920827 
Pedestrian 0.5 3 0 1099.4241 153.32886 1153.0795 227.25159 0.5 0.5 0.5 0.5 0.5 0.5 0.5 0.98854125 
Car 0.5 3 0 259.6975 179.63329 331.60852 201.85016 0.5 0.5 0.5 0.5 0.5 0.5 0.5 0.9774999 
Pedestrian 0.5 3 0 842.2485 158.67165 855.5945 194.97539 0.5 0.5 0.5 0.5 0.5 0.5 0.5 0.9677661 
Car 0.5 3 0 308.02875 174.48557 364.61862 196.25809 0.5 0.5 0.5 0.5 0.5 0.5 0.5 0.94984573 
Car 0.5 3 0 146.77658 182.8407 199.16348 208.11264 0.5 0.5 0.5 0.5 0.5 0.5 0.5 0.8920929 
Car 0.5 3 0 292.26767 179.82661 340.59796 199.75154 0.5 0.5 0.5 0.5 0.5 0.5 0.5 0.6969341 
Car 0.5 3 0 211.40114 180.41782 256.5562 200.31581 0.5 0.5 0.5 0.5 0.5 0.5 0.5 0.689007 
Car 0.5 3 0 454.3013 165.7211 477.71194 179.53738 0.5 0.5 0.5 0.5 0.5 0.5 0.5 0.6709229 
Car 0.5 3 0 405.29214 174.2573 434.41443 187.08435 0.5 0.5 0.5 0.5 0.5 0.5 0.5 0.660234 
Car 0.5 3 0 381.8367 171.77374 422.65057 186.99867 0.5 0.5 0.5 0.5 0.5 0.5 0.5 0.5376924 
