Car 0.5 3 0 0.76906425 208.7805 85.11173 297.96097 0.5 0.5 0.5 0.5 0.5 0.5 0.5 0.9769663 
Pedestrian 0.5 3 0 1035.7378 155.9696 1073.5953 223.14488 0.5 0.5 0.5 0.5 0.5 0.5 0.5 0.9664146 
Pedestrian 0.5 3 0 816.7643 162.81789 829.4538 198.22348 0.5 0.5 0.5 0.5 0.5 0.5 0.5 0.963478 
Car 0.5 3 0 343.104 178.50185 389.25623 199.03465 0.5 0.5 0.5 0.5 0.5 0.5 0.5 0.9344271 
Car 0.5 3 0 302.92517 181.43098 357.5934 201.87723 0.5 0.5 0.5 0.5 0.5 0.5 0.5 0.9075885 
Cyclist 0.5 3 0 1027.8442 187.02457 1072.9697 224.4008 0.5 0.5 0.5 0.5 0.5 0.5 0.5 0.8773791 
Pedestrian 0.5 3 0 1026.6793 159.25267 1058.709 221.04718 0.5 0.5 0.5 0.5 0.5 0.5 0.5 0.7836157 
Car 0.5 3 0 239.15329 183.71318 289.30814 205.1548 0.5 0.5 0.5 0.5 0.5 0.5 0.5 0.7554011 
Car 0.5 3 0 393.9012 180.40506 410.50693 192.21078 0.5 0.5 0.5 0.5 0.5 0.5 0.5 0.70829123 
Car 0.5 3 0 334.51535 182.46259 369.2035 199.26244 0.5 0.5 0.5 0.5 0.5 0.5 0.5 0.5761043 
