Pedestrian 0.5 3 0 888.9598 148.77274 909.0215 193.14977 0.5 0.5 0.5 0.5 0.5 0.5 0.5 0.9791982 
Car 0.5 3 0 113.070465 190.0056 198.76988 221.18825 0.5 0.5 0.5 0.5 0.5 0.5 0.5 0.9760799 
Car 0.5 3 0 188.66765 177.90575 275.1556 207.51901 0.5 0.5 0.5 0.5 0.5 0.5 0.5 0.91962284 
Car 0.5 3 0 0.9394671 192.93498 62.15277 222.64523 0.5 0.5 0.5 0.5 0.5 0.5 0.5 0.87333363 
Car 0.5 3 0 292.453 180.51044 319.70306 195.94957 0.5 0.5 0.5 0.5 0.5 0.5 0.5 0.85910106 
Car 0.5 3 0 167.66612 189.68163 221.65025 210.93 0.5 0.5 0.5 0.5 0.5 0.5 0.5 0.8043052 
Car 0.5 3 0 425.00162 165.50932 454.62686 183.65245 0.5 0.5 0.5 0.5 0.5 0.5 0.5 0.7682012 
Car 0.5 3 0 324.52866 179.32684 361.97427 193.23102 0.5 0.5 0.5 0.5 0.5 0.5 0.5 0.74775636 
Car 0.5 3 0 382.15717 175.71213 424.25424 188.72696 0.5 0.5 0.5 0.5 0.5 0.5 0.5 0.6142562 
Car 0.5 3 0 396.37738 175.09883 432.6394 185.93661 0.5 0.5 0.5 0.5 0.5 0.5 0.5 0.57249933 
