Cyclist 0.5 3 0 1011.1133 185.31575 1057.2872 224.87704 0.5 0.5 0.5 0.5 0.5 0.5 0.5 0.9870248 
Car 0.5 3 0 0.25364757 205.48602 145.6556 298.73087 0.5 0.5 0.5 0.5 0.5 0.5 0.5 0.9841064 
Pedestrian 0.5 3 0 812.0113 164.81491 823.8679 198.69452 0.5 0.5 0.5 0.5 0.5 0.5 0.5 0.95924807 
Car 0.5 3 0 348.25616 180.64806 394.1077 201.18187 0.5 0.5 0.5 0.5 0.5 0.5 0.5 0.9409091 
Pedestrian 0.5 3 0 1019.578 159.67421 1050.2406 221.0317 0.5 0.5 0.5 0.5 0.5 0.5 0.5 0.82207966 
Car 0.5 3 0 316.98486 182.60184 355.83752 202.24858 0.5 0.5 0.5 0.5 0.5 0.5 0.5 0.8118291 
Car 0.5 3 0 400.87347 182.3377 416.68283 194.4208 0.5 0.5 0.5 0.5 0.5 0.5 0.5 0.7753391 
Car 0.5 3 0 259.61026 187.45479 303.4553 207.1573 0.5 0.5 0.5 0.5 0.5 0.5 0.5 0.7057541 
Car 0.5 3 0 462.61218 173.33224 483.76157 187.26224 0.5 0.5 0.5 0.5 0.5 0.5 0.5 0.6116465 
Car 0.5 3 0 345.176 187.59436 374.84286 201.34233 0.5 0.5 0.5 0.5 0.5 0.5 0.5 0.6082818 
Car 0.5 3 0 204.07153 179.24051 263.68008 203.07616 0.5 0.5 0.5 0.5 0.5 0.5 0.5 0.5024415 
