Car 0.5 3 0 72.73562 194.42116 169.22043 228.0638 0.5 0.5 0.5 0.5 0.5 0.5 0.5 0.9959442 
Pedestrian 0.5 3 0 891.33856 145.40039 911.967 191.93898 0.5 0.5 0.5 0.5 0.5 0.5 0.5 0.9767829 
Car 0.5 3 0 169.81802 182.0006 260.94547 213.10684 0.5 0.5 0.5 0.5 0.5 0.5 0.5 0.9658155 
Car 0.5 3 0 135.07416 193.31926 198.45169 217.09656 0.5 0.5 0.5 0.5 0.5 0.5 0.5 0.9055034 
Car 0.5 3 0 283.54483 183.32028 305.14938 198.49219 0.5 0.5 0.5 0.5 0.5 0.5 0.5 0.87996787 
Cyclist 0.5 3 0 1211.3152 154.9977 1242.0 228.57278 0.5 0.5 0.5 0.5 0.5 0.5 0.5 0.81323147 
Car 0.5 3 0 422.07343 165.98741 451.51675 182.57999 0.5 0.5 0.5 0.5 0.5 0.5 0.5 0.7467446 
Car 0.5 3 0 312.89777 181.59975 350.9978 195.48785 0.5 0.5 0.5 0.5 0.5 0.5 0.5 0.7304348 
Car 0.5 3 0 394.4535 175.59367 431.90662 186.99399 0.5 0.5 0.5 0.5 0.5 0.5 0.5 0.7280429 
Car 0.5 3 0 370.17416 176.589 411.82236 189.60516 0.5 0.5 0.5 0.5 0.5 0.5 0.5 0.6345943 
Car 0.5 3 0 349.31134 178.03802 399.54764 192.90555 0.5 0.5 0.5 0.5 0.5 0.5 0.5 0.6178633 
Car 0.5 3 0 284.3341 181.85219 325.1204 198.51913 0.5 0.5 0.5 0.5 0.5 0.5 0.5 0.56336087 
Car 0.5 3 0 329.4103 180.80106 354.08514 193.17491 0.5 0.5 0.5 0.5 0.5 0.5 0.5 0.55313826 
Car 0.5 3 0 595.3726 162.61317 609.96454 173.47845 0.5 0.5 0.5 0.5 0.5 0.5 0.5 0.5443526 
