Car 0.5 3 0 104.8299 191.45622 184.8992 222.52061 0.5 0.5 0.5 0.5 0.5 0.5 0.5 0.99233973 
Pedestrian 0.5 3 0 889.56476 148.22812 908.263 192.59183 0.5 0.5 0.5 0.5 0.5 0.5 0.5 0.98382646 
Car 0.5 3 0 186.21191 179.44849 271.55374 208.34976 0.5 0.5 0.5 0.5 0.5 0.5 0.5 0.9264947 
Car 0.5 3 0 157.46176 190.09682 217.04189 214.13327 0.5 0.5 0.5 0.5 0.5 0.5 0.5 0.9218485 
Cyclist 0.5 3 0 1207.5565 159.98515 1242.0 233.205 0.5 0.5 0.5 0.5 0.5 0.5 0.5 0.8887832 
Car 0.5 3 0 0.6693738 195.8389 48.91279 224.05214 0.5 0.5 0.5 0.5 0.5 0.5 0.5 0.88526136 
Car 0.5 3 0 423.7356 165.39117 453.53 182.15022 0.5 0.5 0.5 0.5 0.5 0.5 0.5 0.8304166 
Car 0.5 3 0 290.11942 180.82071 315.53815 196.59833 0.5 0.5 0.5 0.5 0.5 0.5 0.5 0.75672626 
Car 0.5 3 0 333.33957 179.83513 360.6286 192.47997 0.5 0.5 0.5 0.5 0.5 0.5 0.5 0.7439816 
Car 0.5 3 0 315.43506 179.93852 352.90012 194.59174 0.5 0.5 0.5 0.5 0.5 0.5 0.5 0.6638796 
Car 0.5 3 0 379.54626 176.23102 421.01874 188.70462 0.5 0.5 0.5 0.5 0.5 0.5 0.5 0.6520717 
Car 0.5 3 0 360.3691 177.39645 409.26404 193.04544 0.5 0.5 0.5 0.5 0.5 0.5 0.5 0.600961 
Car 0.5 3 0 401.22192 175.08786 424.9726 186.2252 0.5 0.5 0.5 0.5 0.5 0.5 0.5 0.5440591 
Car 0.5 3 0 585.9026 161.059 610.5763 174.52637 0.5 0.5 0.5 0.5 0.5 0.5 0.5 0.5184345 
Pedestrian 0.5 3 0 1219.3741 136.85664 1242.0 205.30026 0.5 0.5 0.5 0.5 0.5 0.5 0.5 0.50357807 
