Car 0.5 3 0 692.19354 174.31387 734.31635 204.61987 0.5 0.5 0.5 0.5 0.5 0.5 0.5 0.9968664 
Car 0.5 3 0 154.98685 180.84451 293.35144 235.09189 0.5 0.5 0.5 0.5 0.5 0.5 0.5 0.9882293 
Car 0.5 3 0 625.53076 172.6862 641.40015 182.46278 0.5 0.5 0.5 0.5 0.5 0.5 0.5 0.88509476 
Car 0.5 3 0 885.21106 166.03564 931.0474 179.06363 0.5 0.5 0.5 0.5 0.5 0.5 0.5 0.8750011 
Car 0.5 3 0 289.07227 177.85994 314.65515 194.26706 0.5 0.5 0.5 0.5 0.5 0.5 0.5 0.83437455 
Car 0.5 3 0 665.7614 170.1482 681.289 180.43718 0.5 0.5 0.5 0.5 0.5 0.5 0.5 0.75856864 
Car 0.5 3 0 1043.6447 158.90366 1098.6774 184.1039 0.5 0.5 0.5 0.5 0.5 0.5 0.5 0.7461044 
Car 0.5 3 0 598.4973 174.89337 615.9816 183.21683 0.5 0.5 0.5 0.5 0.5 0.5 0.5 0.7422937 
Car 0.5 3 0 616.0255 174.34258 626.4319 183.06772 0.5 0.5 0.5 0.5 0.5 0.5 0.5 0.5934844 
Car 0.5 3 0 603.3982 173.45523 627.2328 183.39288 0.5 0.5 0.5 0.5 0.5 0.5 0.5 0.58089143 
Car 0.5 3 0 724.6449 160.59505 739.10846 173.00316 0.5 0.5 0.5 0.5 0.5 0.5 0.5 0.5009561 
