Car 0.5 3 0 750.2536 181.24031 884.95264 264.95923 0.5 0.5 0.5 0.5 0.5 0.5 0.5 0.9969969 
Car 0.5 3 0 376.524 181.16283 435.6677 202.72496 0.5 0.5 0.5 0.5 0.5 0.5 0.5 0.99342585 
Car 0.5 3 0 1168.9277 155.09824 1237.8544 181.90126 0.5 0.5 0.5 0.5 0.5 0.5 0.5 0.9443821 
Car 0.5 3 0 590.50006 176.94576 607.4651 189.74603 0.5 0.5 0.5 0.5 0.5 0.5 0.5 0.9420642 
Car 0.5 3 0 621.6307 170.80939 685.85474 198.5856 0.5 0.5 0.5 0.5 0.5 0.5 0.5 0.94085586 
Pedestrian 0.5 3 0 492.0519 173.85713 505.40463 212.59889 0.5 0.5 0.5 0.5 0.5 0.5 0.5 0.8986962 
Car 0.5 3 0 813.3376 165.28336 877.8293 198.57684 0.5 0.5 0.5 0.5 0.5 0.5 0.5 0.85466826 
Car 0.5 3 0 575.5542 177.77477 590.83496 188.82393 0.5 0.5 0.5 0.5 0.5 0.5 0.5 0.7950774 
Car 0.5 3 0 555.1269 180.29883 574.2432 189.34071 0.5 0.5 0.5 0.5 0.5 0.5 0.5 0.77196914 
Car 0.5 3 0 262.85736 182.24678 302.52228 201.15305 0.5 0.5 0.5 0.5 0.5 0.5 0.5 0.75926423 
Car 0.5 3 0 713.1637 173.14857 725.4879 183.44083 0.5 0.5 0.5 0.5 0.5 0.5 0.5 0.653026 
Car 0.5 3 0 30.278982 187.33838 92.039246 212.75143 0.5 0.5 0.5 0.5 0.5 0.5 0.5 0.5808617 
