Car 0.5 3 0 712.2457 173.55022 783.86774 223.44043 0.5 0.5 0.5 0.5 0.5 0.5 0.5 0.997526 
Car 0.5 3 0 604.58167 173.21317 620.7943 184.54538 0.5 0.5 0.5 0.5 0.5 0.5 0.5 0.95132715 
Car 0.5 3 0 891.03894 161.74245 933.2247 180.96548 0.5 0.5 0.5 0.5 0.5 0.5 0.5 0.9248621 
Pedestrian 0.5 3 0 528.1815 171.13692 540.11615 203.44981 0.5 0.5 0.5 0.5 0.5 0.5 0.5 0.85915655 
Car 0.5 3 0 707.1345 165.72133 722.43463 180.63193 0.5 0.5 0.5 0.5 0.5 0.5 0.5 0.82729703 
Car 0.5 3 0 148.82889 179.51021 194.42273 199.57458 0.5 0.5 0.5 0.5 0.5 0.5 0.5 0.8147781 
Car 0.5 3 0 1123.3976 151.33263 1202.823 178.64304 0.5 0.5 0.5 0.5 0.5 0.5 0.5 0.78659505 
Pedestrian 0.5 3 0 808.7171 167.76611 819.8501 199.85071 0.5 0.5 0.5 0.5 0.5 0.5 0.5 0.77392113 
Car 0.5 3 0 591.37354 173.35724 606.0819 184.15375 0.5 0.5 0.5 0.5 0.5 0.5 0.5 0.74503416 
Car 0.5 3 0 392.4195 179.60233 411.81284 195.35646 0.5 0.5 0.5 0.5 0.5 0.5 0.5 0.7395314 
Car 0.5 3 0 178.04962 181.49635 218.42575 198.40207 0.5 0.5 0.5 0.5 0.5 0.5 0.5 0.70506454 
Car 0.5 3 0 367.9453 177.20192 410.94577 195.37671 0.5 0.5 0.5 0.5 0.5 0.5 0.5 0.6699439 
Car 0.5 3 0 639.06647 169.9078 650.8729 181.38452 0.5 0.5 0.5 0.5 0.5 0.5 0.5 0.62627923 
Car 0.5 3 0 647.3578 169.0236 662.2772 180.74803 0.5 0.5 0.5 0.5 0.5 0.5 0.5 0.58686686 
Car 0.5 3 0 742.71735 166.85852 784.15967 186.67572 0.5 0.5 0.5 0.5 0.5 0.5 0.5 0.54443496 
Car 0.5 3 0 1211.9663 152.3021 1230.2166 165.51471 0.5 0.5 0.5 0.5 0.5 0.5 0.5 0.51560557 
