Car 0.5 3 0 704.3284 178.75221 766.23566 222.20276 0.5 0.5 0.5 0.5 0.5 0.5 0.5 0.9975752 
Car 0.5 3 0 886.6254 165.88696 943.9995 184.69203 0.5 0.5 0.5 0.5 0.5 0.5 0.5 0.9423621 
Car 0.5 3 0 608.5987 179.75613 622.91125 188.94711 0.5 0.5 0.5 0.5 0.5 0.5 0.5 0.8437982 
Pedestrian 0.5 3 0 798.04083 171.78185 808.2112 200.58884 0.5 0.5 0.5 0.5 0.5 0.5 0.5 0.821823 
Car 0.5 3 0 121.274635 189.5983 172.53633 217.52592 0.5 0.5 0.5 0.5 0.5 0.5 0.5 0.8216916 
Car 0.5 3 0 206.50479 187.33754 241.6891 203.25087 0.5 0.5 0.5 0.5 0.5 0.5 0.5 0.7470688 
Pedestrian 0.5 3 0 538.197 178.90268 548.5045 205.71263 0.5 0.5 0.5 0.5 0.5 0.5 0.5 0.73751485 
Car 0.5 3 0 1107.5093 154.04036 1176.9744 175.92307 0.5 0.5 0.5 0.5 0.5 0.5 0.5 0.6824737 
Car 0.5 3 0 174.6349 187.43135 203.02791 205.73201 0.5 0.5 0.5 0.5 0.5 0.5 0.5 0.64647704 
Car 0.5 3 0 578.9199 178.83325 607.3209 189.90945 0.5 0.5 0.5 0.5 0.5 0.5 0.5 0.6255385 
Car 0.5 3 0 377.14154 180.82774 421.67014 200.53467 0.5 0.5 0.5 0.5 0.5 0.5 0.5 0.60746163 
Car 0.5 3 0 642.7976 176.09734 653.7462 186.00252 0.5 0.5 0.5 0.5 0.5 0.5 0.5 0.56425303 
Car 0.5 3 0 585.2537 181.31232 599.2076 189.25941 0.5 0.5 0.5 0.5 0.5 0.5 0.5 0.50964296 
