Car 0.5 3 0 733.92847 181.51686 837.4981 248.21199 0.5 0.5 0.5 0.5 0.5 0.5 0.5 0.9981926 
Car 0.5 3 0 667.58203 171.82347 724.34406 195.20631 0.5 0.5 0.5 0.5 0.5 0.5 0.5 0.98823124 
Car 0.5 3 0 367.5445 179.58955 420.23596 203.0586 0.5 0.5 0.5 0.5 0.5 0.5 0.5 0.95267195 
Pedestrian 0.5 3 0 505.7502 173.46765 517.05634 209.7101 0.5 0.5 0.5 0.5 0.5 0.5 0.5 0.9428579 
Car 0.5 3 0 848.39136 166.61612 893.3558 190.48183 0.5 0.5 0.5 0.5 0.5 0.5 0.5 0.9410589 
Car 0.5 3 0 595.1643 177.50333 612.4652 189.8709 0.5 0.5 0.5 0.5 0.5 0.5 0.5 0.8602289 
Car 0.5 3 0 1159.3607 156.22284 1240.7438 179.8636 0.5 0.5 0.5 0.5 0.5 0.5 0.5 0.85258895 
Pedestrian 0.5 3 0 842.2479 170.273 859.74304 210.77419 0.5 0.5 0.5 0.5 0.5 0.5 0.5 0.7847723 
Car 0.5 3 0 633.6006 175.43251 644.6582 185.73007 0.5 0.5 0.5 0.5 0.5 0.5 0.5 0.7815517 
Car 0.5 3 0 562.25433 178.93768 584.4132 189.78267 0.5 0.5 0.5 0.5 0.5 0.5 0.5 0.70924217 
Car 0.5 3 0 584.4832 178.8724 596.92267 188.8184 0.5 0.5 0.5 0.5 0.5 0.5 0.5 0.6736459 
Pedestrian 0.5 3 0 516.3574 175.61887 528.20404 206.4995 0.5 0.5 0.5 0.5 0.5 0.5 0.5 0.59256804 
Car 0.5 3 0 99.23458 185.06033 144.61717 207.57416 0.5 0.5 0.5 0.5 0.5 0.5 0.5 0.56376594 
