Car 0.5 3 0 691.78735 172.157 788.03143 205.62198 0.5 0.5 0.5 0.5 0.5 0.5 0.5 0.9960461 
Cyclist 0.5 3 0 1057.1084 199.45322 1201.4935 277.3986 0.5 0.5 0.5 0.5 0.5 0.5 0.5 0.9958824 
Pedestrian 0.5 3 0 376.58725 172.29768 403.05435 246.1295 0.5 0.5 0.5 0.5 0.5 0.5 0.5 0.988225 
Car 0.5 3 0 406.88605 171.90689 516.25726 224.35562 0.5 0.5 0.5 0.5 0.5 0.5 0.5 0.9816522 
Car 0.5 3 0 333.79468 177.8821 385.18863 213.56631 0.5 0.5 0.5 0.5 0.5 0.5 0.5 0.9799794 
Car 0.5 3 0 653.4989 174.38089 695.91736 198.21153 0.5 0.5 0.5 0.5 0.5 0.5 0.5 0.94376105 
Car 0.5 3 0 540.3484 178.6314 568.1317 192.51416 0.5 0.5 0.5 0.5 0.5 0.5 0.5 0.894938 
Car 0.5 3 0 566.42737 176.58594 594.7979 192.4416 0.5 0.5 0.5 0.5 0.5 0.5 0.5 0.8794798 
Car 0.5 3 0 962.00995 159.25993 1058.4082 200.44162 0.5 0.5 0.5 0.5 0.5 0.5 0.5 0.84567857 
Pedestrian 0.5 3 0 402.38895 178.43976 426.6173 230.64442 0.5 0.5 0.5 0.5 0.5 0.5 0.5 0.80141467 
Car 0.5 3 0 526.63525 177.30974 560.232 193.04288 0.5 0.5 0.5 0.5 0.5 0.5 0.5 0.6959269 
