Car 0.5 3 0 699.7862 177.0942 756.5515 217.34607 0.5 0.5 0.5 0.5 0.5 0.5 0.5 0.99816966 
Car 0.5 3 0 903.84 164.38338 943.4281 180.31435 0.5 0.5 0.5 0.5 0.5 0.5 0.5 0.9507485 
Car 0.5 3 0 610.344 176.65627 626.1865 186.87738 0.5 0.5 0.5 0.5 0.5 0.5 0.5 0.93622804 
Car 0.5 3 0 1091.8297 155.11339 1158.473 178.53023 0.5 0.5 0.5 0.5 0.5 0.5 0.5 0.6892707 
Car 0.5 3 0 181.4737 181.67856 222.8601 205.87256 0.5 0.5 0.5 0.5 0.5 0.5 0.5 0.688082 
Car 0.5 3 0 1169.648 155.82457 1191.8706 169.21017 0.5 0.5 0.5 0.5 0.5 0.5 0.5 0.67776644 
Pedestrian 0.5 3 0 543.1429 175.72406 553.81586 203.11922 0.5 0.5 0.5 0.5 0.5 0.5 0.5 0.6358736 
Car 0.5 3 0 598.46075 177.00212 611.4162 187.38596 0.5 0.5 0.5 0.5 0.5 0.5 0.5 0.5995737 
Car 0.5 3 0 643.6299 174.26703 653.4342 184.08891 0.5 0.5 0.5 0.5 0.5 0.5 0.5 0.5542039 
Car 0.5 3 0 217.98651 182.00546 261.25412 200.42949 0.5 0.5 0.5 0.5 0.5 0.5 0.5 0.5064621 
Car 0.5 3 0 184.76762 182.36867 256.20636 207.14645 0.5 0.5 0.5 0.5 0.5 0.5 0.5 0.5016615 
