Car 0.5 3 0 725.0658 180.55087 818.4944 241.20746 0.5 0.5 0.5 0.5 0.5 0.5 0.5 0.9970885 
Car 0.5 3 0 364.76797 180.45584 414.53235 201.60097 0.5 0.5 0.5 0.5 0.5 0.5 0.5 0.9749606 
Car 0.5 3 0 852.41675 169.26826 906.73987 193.03172 0.5 0.5 0.5 0.5 0.5 0.5 0.5 0.9543815 
Pedestrian 0.5 3 0 512.4828 173.18877 523.75073 208.61162 0.5 0.5 0.5 0.5 0.5 0.5 0.5 0.94916946 
Car 0.5 3 0 598.17944 177.03317 614.4613 189.55328 0.5 0.5 0.5 0.5 0.5 0.5 0.5 0.9455041 
Car 0.5 3 0 682.34454 168.60402 737.2505 194.95482 0.5 0.5 0.5 0.5 0.5 0.5 0.5 0.9442305 
Car 0.5 3 0 101.53526 183.17676 169.85234 206.51749 0.5 0.5 0.5 0.5 0.5 0.5 0.5 0.81005037 
Pedestrian 0.5 3 0 522.67725 174.66798 534.5136 204.60832 0.5 0.5 0.5 0.5 0.5 0.5 0.5 0.779277 
Car 0.5 3 0 1150.9604 157.81749 1226.5332 181.67569 0.5 0.5 0.5 0.5 0.5 0.5 0.5 0.74793303 
Car 0.5 3 0 583.9898 177.92415 598.01483 188.47226 0.5 0.5 0.5 0.5 0.5 0.5 0.5 0.6288393 
Car 0.5 3 0 566.2739 181.06874 579.9656 189.14671 0.5 0.5 0.5 0.5 0.5 0.5 0.5 0.61564523 
Car 0.5 3 0 883.54865 169.93759 908.5495 193.58917 0.5 0.5 0.5 0.5 0.5 0.5 0.5 0.58838797 
Car 0.5 3 0 635.6432 175.95244 645.1773 185.73628 0.5 0.5 0.5 0.5 0.5 0.5 0.5 0.583792 
Pedestrian 0.5 3 0 832.66284 173.97528 843.6799 207.77051 0.5 0.5 0.5 0.5 0.5 0.5 0.5 0.5564903 
