Car 0.5 3 0 695.73804 172.36507 740.82733 208.14236 0.5 0.5 0.5 0.5 0.5 0.5 0.5 0.9981279 
Car 0.5 3 0 0.5563868 189.59811 104.05907 261.36536 0.5 0.5 0.5 0.5 0.5 0.5 0.5 0.98801106 
Car 0.5 3 0 889.46545 163.48404 946.7153 178.8353 0.5 0.5 0.5 0.5 0.5 0.5 0.5 0.97381556 
Car 0.5 3 0 215.4716 178.24977 248.08357 199.30249 0.5 0.5 0.5 0.5 0.5 0.5 0.5 0.8618917 
Car 0.5 3 0 258.70013 178.07167 297.16342 197.83687 0.5 0.5 0.5 0.5 0.5 0.5 0.5 0.8417109 
Car 0.5 3 0 801.9265 167.96823 834.6815 182.83707 0.5 0.5 0.5 0.5 0.5 0.5 0.5 0.82947695 
Car 0.5 3 0 615.89386 172.78177 630.14996 182.7101 0.5 0.5 0.5 0.5 0.5 0.5 0.5 0.81013966 
Car 0.5 3 0 1064.5726 154.7927 1124.19 171.97316 0.5 0.5 0.5 0.5 0.5 0.5 0.5 0.78868276 
Pedestrian 0.5 3 0 776.3869 169.60367 783.66797 192.01949 0.5 0.5 0.5 0.5 0.5 0.5 0.5 0.5976545 
Car 0.5 3 0 1123.5525 152.49597 1157.142 168.87402 0.5 0.5 0.5 0.5 0.5 0.5 0.5 0.58391243 
Pedestrian 0.5 3 0 558.57794 170.9089 568.43396 195.76952 0.5 0.5 0.5 0.5 0.5 0.5 0.5 0.5835156 
Car 0.5 3 0 658.7159 168.65744 670.2739 180.59204 0.5 0.5 0.5 0.5 0.5 0.5 0.5 0.54459155 
Car 0.5 3 0 604.6774 173.21391 617.4905 183.44405 0.5 0.5 0.5 0.5 0.5 0.5 0.5 0.5350592 
