Cyclist 0.5 3 0 1045.637 200.78477 1181.6375 272.5295 0.5 0.5 0.5 0.5 0.5 0.5 0.5 0.9960317 
Pedestrian 0.5 3 0 378.05154 173.61034 403.11996 243.16153 0.5 0.5 0.5 0.5 0.5 0.5 0.5 0.9930108 
Car 0.5 3 0 441.95853 171.4826 546.5453 219.3722 0.5 0.5 0.5 0.5 0.5 0.5 0.5 0.9925223 
Car 0.5 3 0 716.2425 170.01024 814.8577 204.82547 0.5 0.5 0.5 0.5 0.5 0.5 0.5 0.992436 
Car 0.5 3 0 312.74243 177.99843 387.80722 213.78519 0.5 0.5 0.5 0.5 0.5 0.5 0.5 0.9631655 
Car 0.5 3 0 637.42426 172.65202 688.5905 199.26768 0.5 0.5 0.5 0.5 0.5 0.5 0.5 0.9480008 
Car 0.5 3 0 986.3011 161.30602 1083.2673 199.40126 0.5 0.5 0.5 0.5 0.5 0.5 0.5 0.9357177 
Car 0.5 3 0 545.2643 177.40424 568.5865 192.2174 0.5 0.5 0.5 0.5 0.5 0.5 0.5 0.9236248 
Car 0.5 3 0 566.27844 176.36589 595.0656 192.38019 0.5 0.5 0.5 0.5 0.5 0.5 0.5 0.91756976 
Car 0.5 3 0 588.2015 172.9338 606.2734 190.17342 0.5 0.5 0.5 0.5 0.5 0.5 0.5 0.5376011 
