Car 0.5 3 0 475.61215 171.16937 577.661 216.5611 0.5 0.5 0.5 0.5 0.5 0.5 0.5 0.99564725 
Car 0.5 3 0 621.1933 174.33136 676.0517 201.25436 0.5 0.5 0.5 0.5 0.5 0.5 0.5 0.99322045 
Car 0.5 3 0 740.4025 170.8222 830.80725 202.29195 0.5 0.5 0.5 0.5 0.5 0.5 0.5 0.99202955 
Cyclist 0.5 3 0 1033.1608 188.61462 1159.6188 272.03342 0.5 0.5 0.5 0.5 0.5 0.5 0.5 0.99053943 
Car 0.5 3 0 293.78268 179.37766 384.155 214.57448 0.5 0.5 0.5 0.5 0.5 0.5 0.5 0.9893756 
Pedestrian 0.5 3 0 386.39728 173.5373 409.19482 241.01701 0.5 0.5 0.5 0.5 0.5 0.5 0.5 0.98559254 
Car 0.5 3 0 0.59433055 199.78189 47.652073 295.98413 0.5 0.5 0.5 0.5 0.5 0.5 0.5 0.9816442 
Car 0.5 3 0 1009.82043 161.35352 1080.0796 198.20024 0.5 0.5 0.5 0.5 0.5 0.5 0.5 0.89018124 
Car 0.5 3 0 570.4312 175.389 593.6474 192.15237 0.5 0.5 0.5 0.5 0.5 0.5 0.5 0.8801866 
Car 0.5 3 0 588.7169 172.5984 606.0445 190.32393 0.5 0.5 0.5 0.5 0.5 0.5 0.5 0.656566 
