Car 0.5 3 0 771.5064 186.57713 952.8589 288.17303 0.5 0.5 0.5 0.5 0.5 0.5 0.5 0.99799275 
Car 0.5 3 0 397.7262 180.07016 460.82602 204.72595 0.5 0.5 0.5 0.5 0.5 0.5 0.5 0.989042 
Car 0.5 3 0 570.16595 174.14647 640.22974 201.25638 0.5 0.5 0.5 0.5 0.5 0.5 0.5 0.97294235 
Car 0.5 3 0 984.6971 165.52557 1040.9172 193.30133 0.5 0.5 0.5 0.5 0.5 0.5 0.5 0.95615315 
Car 0.5 3 0 775.171 167.26268 840.46063 194.83354 0.5 0.5 0.5 0.5 0.5 0.5 0.5 0.9468051 
Pedestrian 0.5 3 0 478.08386 173.47043 490.0473 216.48819 0.5 0.5 0.5 0.5 0.5 0.5 0.5 0.90368384 
Car 0.5 3 0 1178.9971 155.34782 1241.0026 180.11034 0.5 0.5 0.5 0.5 0.5 0.5 0.5 0.8815941 
Car 0.5 3 0 240.1536 181.24284 283.1349 207.19705 0.5 0.5 0.5 0.5 0.5 0.5 0.5 0.8582424 
Car 0.5 3 0 1.2093577 191.07307 46.911278 213.10577 0.5 0.5 0.5 0.5 0.5 0.5 0.5 0.8198731 
Car 0.5 3 0 548.0252 177.61507 574.59143 190.84802 0.5 0.5 0.5 0.5 0.5 0.5 0.5 0.66079146 
Pedestrian 0.5 3 0 489.13602 177.22372 503.83472 211.92159 0.5 0.5 0.5 0.5 0.5 0.5 0.5 0.5795855 
Car 0.5 3 0 547.23126 180.31924 565.4358 190.22385 0.5 0.5 0.5 0.5 0.5 0.5 0.5 0.519605 
Car 0.5 3 0 715.26746 172.04756 727.04425 182.97203 0.5 0.5 0.5 0.5 0.5 0.5 0.5 0.51450926 
