Cyclist 0.5 3 0 1052.749 205.74257 1190.4073 274.77582 0.5 0.5 0.5 0.5 0.5 0.5 0.5 0.99728584 
Car 0.5 3 0 702.2058 171.92749 804.6507 204.53456 0.5 0.5 0.5 0.5 0.5 0.5 0.5 0.993745 
Car 0.5 3 0 423.16742 171.48854 530.31366 220.957 0.5 0.5 0.5 0.5 0.5 0.5 0.5 0.99305516 
Pedestrian 0.5 3 0 377.4823 173.50264 404.9339 245.49748 0.5 0.5 0.5 0.5 0.5 0.5 0.5 0.9911108 
Car 0.5 3 0 645.65564 174.64659 694.7258 198.31432 0.5 0.5 0.5 0.5 0.5 0.5 0.5 0.98649967 
Car 0.5 3 0 321.25024 176.83176 386.50842 213.56253 0.5 0.5 0.5 0.5 0.5 0.5 0.5 0.95906526 
Car 0.5 3 0 566.2047 176.06601 596.323 192.30803 0.5 0.5 0.5 0.5 0.5 0.5 0.5 0.88900733 
Car 0.5 3 0 974.72595 158.24504 1074.7544 200.02281 0.5 0.5 0.5 0.5 0.5 0.5 0.5 0.87266475 
Car 0.5 3 0 536.07965 178.09854 566.793 192.26698 0.5 0.5 0.5 0.5 0.5 0.5 0.5 0.8285552 
Car 0.5 3 0 314.1449 181.91315 328.88885 197.64838 0.5 0.5 0.5 0.5 0.5 0.5 0.5 0.5197481 
Car 0.5 3 0 532.1388 179.66676 554.14417 192.3877 0.5 0.5 0.5 0.5 0.5 0.5 0.5 0.5095706 
