Car 0.5 3 0 765.3725 187.57576 932.0986 282.11786 0.5 0.5 0.5 0.5 0.5 0.5 0.5 0.9966619 
Car 0.5 3 0 393.14944 179.80765 453.86517 203.73576 0.5 0.5 0.5 0.5 0.5 0.5 0.5 0.99100095 
Car 0.5 3 0 975.4563 164.83694 1048.6584 191.16148 0.5 0.5 0.5 0.5 0.5 0.5 0.5 0.944613 
Car 0.5 3 0 242.48273 181.01991 291.07565 206.29248 0.5 0.5 0.5 0.5 0.5 0.5 0.5 0.942917 
Car 0.5 3 0 780.90576 164.33688 851.04504 192.82944 0.5 0.5 0.5 0.5 0.5 0.5 0.5 0.9288381 
Car 0.5 3 0 1171.4493 154.34702 1241.2898 181.77834 0.5 0.5 0.5 0.5 0.5 0.5 0.5 0.9178718 
Pedestrian 0.5 3 0 481.90298 171.81384 493.64792 216.15565 0.5 0.5 0.5 0.5 0.5 0.5 0.5 0.8602664 
Car 0.5 3 0 582.23224 173.54669 653.22345 201.1433 0.5 0.5 0.5 0.5 0.5 0.5 0.5 0.85917383 
Pedestrian 0.5 3 0 492.47238 176.50348 506.8402 211.06122 0.5 0.5 0.5 0.5 0.5 0.5 0.5 0.75653803 
Car 0.5 3 0 551.6813 177.33246 585.9959 190.15523 0.5 0.5 0.5 0.5 0.5 0.5 0.5 0.7370369 
Car 0.5 3 0 2.9758008 189.93994 56.718704 214.2902 0.5 0.5 0.5 0.5 0.5 0.5 0.5 0.72860295 
Car 0.5 3 0 550.2472 181.51526 561.3308 190.45023 0.5 0.5 0.5 0.5 0.5 0.5 0.5 0.55447185 
