Car 0.5 3 0 515.60284 177.12338 580.99316 204.54984 0.5 0.5 0.5 0.5 0.5 0.5 0.5 0.99789643 
Car 0.5 3 0 326.58228 178.59778 436.72342 227.47507 0.5 0.5 0.5 0.5 0.5 0.5 0.5 0.9955101 
Car 0.5 3 0 889.70294 202.07954 1238.3121 375.0 0.5 0.5 0.5 0.5 0.5 0.5 0.5 0.99490607 
Car 0.5 3 0 842.882 168.3928 940.4161 197.53271 0.5 0.5 0.5 0.5 0.5 0.5 0.5 0.99355316 
Car 0.5 3 0 632.88257 169.49203 714.387 203.01318 0.5 0.5 0.5 0.5 0.5 0.5 0.5 0.98738295 
Car 0.5 3 0 226.51007 180.89568 306.28064 212.16742 0.5 0.5 0.5 0.5 0.5 0.5 0.5 0.97798175 
Pedestrian 0.5 3 0 422.72873 176.7488 440.0767 230.04103 0.5 0.5 0.5 0.5 0.5 0.5 0.5 0.9598235 
Cyclist 0.5 3 0 942.35803 190.13187 991.1059 244.38713 0.5 0.5 0.5 0.5 0.5 0.5 0.5 0.951628 
Pedestrian 0.5 3 0 993.97626 168.21625 1009.44336 216.2344 0.5 0.5 0.5 0.5 0.5 0.5 0.5 0.7706094 
Car 0.5 3 0 568.7342 175.51799 590.4702 190.62732 0.5 0.5 0.5 0.5 0.5 0.5 0.5 0.76784426 
