Car 0.5 3 0 742.2566 183.37602 858.87213 254.91254 0.5 0.5 0.5 0.5 0.5 0.5 0.5 0.9979128 
Car 0.5 3 0 642.9644 172.85428 706.4109 196.57088 0.5 0.5 0.5 0.5 0.5 0.5 0.5 0.9830383 
Car 0.5 3 0 371.75165 180.85658 423.54163 202.95749 0.5 0.5 0.5 0.5 0.5 0.5 0.5 0.9733279 
Car 0.5 3 0 592.4708 176.50111 611.4775 189.85435 0.5 0.5 0.5 0.5 0.5 0.5 0.5 0.9512275 
Car 0.5 3 0 831.3027 166.06227 885.8809 193.32404 0.5 0.5 0.5 0.5 0.5 0.5 0.5 0.94645876 
Pedestrian 0.5 3 0 498.55673 173.30374 510.01312 210.4745 0.5 0.5 0.5 0.5 0.5 0.5 0.5 0.81522536 
Car 0.5 3 0 285.45935 184.95038 310.65094 201.48752 0.5 0.5 0.5 0.5 0.5 0.5 0.5 0.79973686 
Car 0.5 3 0 90.475075 189.161 121.15722 208.62444 0.5 0.5 0.5 0.5 0.5 0.5 0.5 0.7754169 
Car 0.5 3 0 558.91394 180.37114 576.94836 189.5543 0.5 0.5 0.5 0.5 0.5 0.5 0.5 0.7696085 
Car 0.5 3 0 579.40424 178.35017 594.3363 189.16296 0.5 0.5 0.5 0.5 0.5 0.5 0.5 0.7086146 
Car 0.5 3 0 986.3821 167.4472 1028.3301 184.44743 0.5 0.5 0.5 0.5 0.5 0.5 0.5 0.6645051 
Car 0.5 3 0 633.8423 175.06586 643.7863 184.5808 0.5 0.5 0.5 0.5 0.5 0.5 0.5 0.6414054 
Car 0.5 3 0 629.0068 175.30748 640.2673 184.89128 0.5 0.5 0.5 0.5 0.5 0.5 0.5 0.571098 
Car 0.5 3 0 713.2053 174.56981 723.72003 183.60732 0.5 0.5 0.5 0.5 0.5 0.5 0.5 0.5472092 
Car 0.5 3 0 1164.346 157.64363 1240.6959 194.62228 0.5 0.5 0.5 0.5 0.5 0.5 0.5 0.5194042 
Pedestrian 0.5 3 0 444.91928 176.20021 453.43973 194.94392 0.5 0.5 0.5 0.5 0.5 0.5 0.5 0.50397104 
