Car 0.5 3 0 595.82404 170.3093 679.74646 206.06833 0.5 0.5 0.5 0.5 0.5 0.5 0.5 0.99682367 
Car 0.5 3 0 236.73128 180.66736 377.966 242.01048 0.5 0.5 0.5 0.5 0.5 0.5 0.5 0.996402 
Car 0.5 3 0 937.2607 211.09848 1240.1558 372.2146 0.5 0.5 0.5 0.5 0.5 0.5 0.5 0.99285126 
Cyclist 0.5 3 0 962.9452 190.51112 1074.5503 254.9258 0.5 0.5 0.5 0.5 0.5 0.5 0.5 0.98304117 
Car 0.5 3 0 545.08246 175.35832 603.41064 203.48792 0.5 0.5 0.5 0.5 0.5 0.5 0.5 0.9814379 
Pedestrian 0.5 3 0 408.79398 171.97475 429.4801 235.31796 0.5 0.5 0.5 0.5 0.5 0.5 0.5 0.9808302 
Car 0.5 3 0 819.1141 170.12248 904.4115 199.11214 0.5 0.5 0.5 0.5 0.5 0.5 0.5 0.979729 
Car 0.5 3 0 527.5294 177.08675 548.47864 192.25179 0.5 0.5 0.5 0.5 0.5 0.5 0.5 0.8671187 
Car 0.5 3 0 237.62411 180.93573 293.62842 210.07051 0.5 0.5 0.5 0.5 0.5 0.5 0.5 0.8377372 
Car 0.5 3 0 1086.6528 161.87944 1134.5938 197.22906 0.5 0.5 0.5 0.5 0.5 0.5 0.5 0.83660233 
Pedestrian 0.5 3 0 398.27783 175.89728 408.72784 198.67265 0.5 0.5 0.5 0.5 0.5 0.5 0.5 0.649428 
Pedestrian 0.5 3 0 1007.3968 172.00583 1045.9033 251.74924 0.5 0.5 0.5 0.5 0.5 0.5 0.5 0.63096154 
