Car 0.5 3 0 592.7436 174.18605 702.29944 212.01614 0.5 0.5 0.5 0.5 0.5 0.5 0.5 0.99543285 
Pedestrian 0.5 3 0 360.6058 170.98476 386.7675 251.42308 0.5 0.5 0.5 0.5 0.5 0.5 0.5 0.9925478 
Car 0.5 3 0 693.8815 172.10771 721.3148 195.52156 0.5 0.5 0.5 0.5 0.5 0.5 0.5 0.985571 
Cyclist 0.5 3 0 1103.7098 196.50143 1207.5662 282.79785 0.5 0.5 0.5 0.5 0.5 0.5 0.5 0.9801603 
Car 0.5 3 0 221.24721 176.72153 380.23172 251.74588 0.5 0.5 0.5 0.5 0.5 0.5 0.5 0.97704244 
Car 0.5 3 0 396.58463 178.90114 459.0886 211.28569 0.5 0.5 0.5 0.5 0.5 0.5 0.5 0.94891363 
Car 0.5 3 0 519.6957 175.59282 554.2279 194.77007 0.5 0.5 0.5 0.5 0.5 0.5 0.5 0.9176342 
Car 0.5 3 0 564.9881 175.9547 600.0747 192.83276 0.5 0.5 0.5 0.5 0.5 0.5 0.5 0.9129161 
Car 0.5 3 0 546.4832 178.21648 566.2283 192.34177 0.5 0.5 0.5 0.5 0.5 0.5 0.5 0.8771916 
Car 0.5 3 0 875.00385 159.97446 966.73676 202.50926 0.5 0.5 0.5 0.5 0.5 0.5 0.5 0.8558944 
Car 0.5 3 0 0.23152752 182.3613 42.04034 205.93417 0.5 0.5 0.5 0.5 0.5 0.5 0.5 0.8130089 
Pedestrian 0.5 3 0 1164.6642 166.87956 1208.1976 265.2054 0.5 0.5 0.5 0.5 0.5 0.5 0.5 0.7413562 
