Car 0.5 3 0 709.1249 176.13693 778.1079 221.34012 0.5 0.5 0.5 0.5 0.5 0.5 0.5 0.9973201 
Car 0.5 3 0 605.84644 174.35431 620.8229 185.38013 0.5 0.5 0.5 0.5 0.5 0.5 0.5 0.9433949 
Car 0.5 3 0 899.51105 163.1423 937.1565 180.18774 0.5 0.5 0.5 0.5 0.5 0.5 0.5 0.90871006 
Pedestrian 0.5 3 0 532.2827 174.4867 542.9394 203.25607 0.5 0.5 0.5 0.5 0.5 0.5 0.5 0.8089641 
Car 0.5 3 0 590.26575 174.30597 606.33594 185.39697 0.5 0.5 0.5 0.5 0.5 0.5 0.5 0.7914795 
Car 0.5 3 0 1116.0072 152.08315 1192.306 178.77802 0.5 0.5 0.5 0.5 0.5 0.5 0.5 0.7703423 
Car 0.5 3 0 575.0068 177.96185 591.1496 186.1141 0.5 0.5 0.5 0.5 0.5 0.5 0.5 0.74090767 
Car 0.5 3 0 877.9044 173.01927 903.8034 185.13486 0.5 0.5 0.5 0.5 0.5 0.5 0.5 0.71153474 
Car 0.5 3 0 397.31174 181.85143 412.39377 195.8621 0.5 0.5 0.5 0.5 0.5 0.5 0.5 0.675647 
Car 0.5 3 0 185.3294 182.4717 224.17291 198.04668 0.5 0.5 0.5 0.5 0.5 0.5 0.5 0.65661764 
Car 0.5 3 0 708.5015 166.53198 722.66974 180.29552 0.5 0.5 0.5 0.5 0.5 0.5 0.5 0.6351241 
Car 0.5 3 0 640.53503 171.656 652.3382 182.76753 0.5 0.5 0.5 0.5 0.5 0.5 0.5 0.60203177 
Car 0.5 3 0 1196.257 152.6541 1222.8375 166.268 0.5 0.5 0.5 0.5 0.5 0.5 0.5 0.5275041 
