Car 0.5 3 0 724.6511 179.00905 803.318 235.90466 0.5 0.5 0.5 0.5 0.5 0.5 0.5 0.9973151 
Car 0.5 3 0 870.4113 167.5956 919.658 191.07805 0.5 0.5 0.5 0.5 0.5 0.5 0.5 0.9392271 
Car 0.5 3 0 599.95667 176.60316 617.00006 188.1784 0.5 0.5 0.5 0.5 0.5 0.5 0.5 0.92847383 
Car 0.5 3 0 388.7388 183.7354 414.0298 200.42322 0.5 0.5 0.5 0.5 0.5 0.5 0.5 0.8727922 
Car 0.5 3 0 709.625 172.24374 743.48987 193.13986 0.5 0.5 0.5 0.5 0.5 0.5 0.5 0.8503453 
Car 0.5 3 0 1143.0106 156.9172 1219.6885 178.39073 0.5 0.5 0.5 0.5 0.5 0.5 0.5 0.8457235 
Pedestrian 0.5 3 0 517.9853 173.02095 528.09204 206.70515 0.5 0.5 0.5 0.5 0.5 0.5 0.5 0.8225348 
Pedestrian 0.5 3 0 823.70636 174.69957 834.0016 205.05246 0.5 0.5 0.5 0.5 0.5 0.5 0.5 0.77834284 
Car 0.5 3 0 586.942 178.45438 601.0893 188.4682 0.5 0.5 0.5 0.5 0.5 0.5 0.5 0.7410527 
Car 0.5 3 0 569.3453 179.9662 584.6563 188.26208 0.5 0.5 0.5 0.5 0.5 0.5 0.5 0.7095645 
Car 0.5 3 0 150.779 184.08897 187.03271 201.70872 0.5 0.5 0.5 0.5 0.5 0.5 0.5 0.70235795 
Car 0.5 3 0 718.9584 181.89183 745.5684 227.33737 0.5 0.5 0.5 0.5 0.5 0.5 0.5 0.69282806 
Car 0.5 3 0 637.00336 174.6677 646.8995 183.93158 0.5 0.5 0.5 0.5 0.5 0.5 0.5 0.66752124 
Car 0.5 3 0 127.03206 181.14438 181.84518 202.20589 0.5 0.5 0.5 0.5 0.5 0.5 0.5 0.6200497 
Car 0.5 3 0 702.0006 172.10788 721.0527 190.70473 0.5 0.5 0.5 0.5 0.5 0.5 0.5 0.51672786 
