Car 0.5 3 0 721.3357 181.80801 811.37494 237.63751 0.5 0.5 0.5 0.5 0.5 0.5 0.5 0.99700373 
Car 0.5 3 0 691.34326 170.55528 743.06104 194.20447 0.5 0.5 0.5 0.5 0.5 0.5 0.5 0.9673526 
Car 0.5 3 0 598.91614 177.0078 614.97534 188.55376 0.5 0.5 0.5 0.5 0.5 0.5 0.5 0.9162557 
Car 0.5 3 0 367.1928 179.66026 415.30405 201.13095 0.5 0.5 0.5 0.5 0.5 0.5 0.5 0.9139777 
Pedestrian 0.5 3 0 829.23047 173.77002 839.4852 207.43564 0.5 0.5 0.5 0.5 0.5 0.5 0.5 0.8809073 
Car 0.5 3 0 585.77405 178.4671 599.88165 188.37016 0.5 0.5 0.5 0.5 0.5 0.5 0.5 0.8625456 
Car 0.5 3 0 566.5018 178.92195 585.93225 189.08064 0.5 0.5 0.5 0.5 0.5 0.5 0.5 0.78780675 
Pedestrian 0.5 3 0 515.6258 176.07964 525.6043 207.62029 0.5 0.5 0.5 0.5 0.5 0.5 0.5 0.73804575 
Car 0.5 3 0 1146.1519 154.79254 1229.1364 181.52824 0.5 0.5 0.5 0.5 0.5 0.5 0.5 0.7354507 
Car 0.5 3 0 566.7624 180.97319 577.7258 188.62585 0.5 0.5 0.5 0.5 0.5 0.5 0.5 0.6782833 
Car 0.5 3 0 875.7855 167.24759 913.3996 190.04547 0.5 0.5 0.5 0.5 0.5 0.5 0.5 0.66178674 
Car 0.5 3 0 636.76483 174.24791 646.3558 185.29012 0.5 0.5 0.5 0.5 0.5 0.5 0.5 0.6568649 
Car 0.5 3 0 136.13156 181.9322 176.89076 202.1433 0.5 0.5 0.5 0.5 0.5 0.5 0.5 0.5539869 
