Car 0.5 3 0 797.2676 188.69292 1046.8793 318.13956 0.5 0.5 0.5 0.5 0.5 0.5 0.5 0.998679 
Car 0.5 3 0 512.69135 175.35114 588.7991 205.35844 0.5 0.5 0.5 0.5 0.5 0.5 0.5 0.9941334 
Car 0.5 3 0 736.31726 167.90724 808.4798 196.46404 0.5 0.5 0.5 0.5 0.5 0.5 0.5 0.9853463 
Car 0.5 3 0 230.55707 181.13153 296.27133 209.13335 0.5 0.5 0.5 0.5 0.5 0.5 0.5 0.9792965 
Pedestrian 0.5 3 0 462.55063 173.20248 475.47574 221.50134 0.5 0.5 0.5 0.5 0.5 0.5 0.5 0.88572335 
Car 0.5 3 0 426.48972 178.21864 469.71802 205.09338 0.5 0.5 0.5 0.5 0.5 0.5 0.5 0.84734535 
Car 0.5 3 0 579.6279 175.20435 600.11786 189.54178 0.5 0.5 0.5 0.5 0.5 0.5 0.5 0.83081436 
Car 0.5 3 0 1197.0164 148.96881 1241.1364 191.9231 0.5 0.5 0.5 0.5 0.5 0.5 0.5 0.7867957 
Car 0.5 3 0 622.4437 175.11552 634.24554 185.25443 0.5 0.5 0.5 0.5 0.5 0.5 0.5 0.6808453 
Car 0.5 3 0 596.92303 175.63498 614.6114 188.91443 0.5 0.5 0.5 0.5 0.5 0.5 0.5 0.6457893 
