Pedestrian 0.5 3 0 306.95227 176.85051 337.27914 269.41058 0.5 0.5 0.5 0.5 0.5 0.5 0.5 0.98643976 
Car 0.5 3 0 558.1809 179.51082 586.1085 196.26411 0.5 0.5 0.5 0.5 0.5 0.5 0.5 0.94542056 
Car 0.5 3 0 258.41064 173.7651 415.63422 250.86525 0.5 0.5 0.5 0.5 0.5 0.5 0.5 0.93486583 
Car 0.5 3 0 219.9984 186.50298 263.1677 211.15831 0.5 0.5 0.5 0.5 0.5 0.5 0.5 0.9188215 
Car 0.5 3 0 512.9343 179.3523 549.5111 197.14487 0.5 0.5 0.5 0.5 0.5 0.5 0.5 0.8951697 
Car 0.5 3 0 539.86145 180.84378 558.4293 195.46443 0.5 0.5 0.5 0.5 0.5 0.5 0.5 0.8123182 
Pedestrian 0.5 3 0 346.92374 187.33508 382.26926 251.26898 0.5 0.5 0.5 0.5 0.5 0.5 0.5 0.551191 
Car 0.5 3 0 610.2833 178.21402 627.3158 191.4309 0.5 0.5 0.5 0.5 0.5 0.5 0.5 0.5489489 
Car 0.5 3 0 580.96265 178.61296 600.29895 194.10638 0.5 0.5 0.5 0.5 0.5 0.5 0.5 0.54250324 
Pedestrian 0.5 3 0 271.12842 187.185 287.14844 207.01103 0.5 0.5 0.5 0.5 0.5 0.5 0.5 0.5365245 
