Car 0.5 3 0 708.3666 178.6029 772.1354 221.8641 0.5 0.5 0.5 0.5 0.5 0.5 0.5 0.99824905 
Car 0.5 3 0 890.9357 166.16606 930.36847 183.68864 0.5 0.5 0.5 0.5 0.5 0.5 0.5 0.899924 
Car 0.5 3 0 606.96216 176.70218 622.83606 187.34262 0.5 0.5 0.5 0.5 0.5 0.5 0.5 0.8740298 
Pedestrian 0.5 3 0 801.0402 171.23218 812.2432 201.18259 0.5 0.5 0.5 0.5 0.5 0.5 0.5 0.86826825 
Pedestrian 0.5 3 0 535.0787 176.54663 545.01636 204.6687 0.5 0.5 0.5 0.5 0.5 0.5 0.5 0.85815424 
Car 0.5 3 0 1112.4287 152.06035 1197.2701 180.75055 0.5 0.5 0.5 0.5 0.5 0.5 0.5 0.6924525 
Car 0.5 3 0 370.2077 181.67407 415.38593 199.53073 0.5 0.5 0.5 0.5 0.5 0.5 0.5 0.6210029 
Car 0.5 3 0 707.13196 167.24353 723.3536 182.37845 0.5 0.5 0.5 0.5 0.5 0.5 0.5 0.6050034 
Car 0.5 3 0 641.9503 174.36858 652.01 184.41823 0.5 0.5 0.5 0.5 0.5 0.5 0.5 0.58078545 
Car 0.5 3 0 592.1185 177.93883 606.3301 187.61885 0.5 0.5 0.5 0.5 0.5 0.5 0.5 0.5725615 
