Car 0.5 3 0 715.71625 178.9542 795.6328 232.33109 0.5 0.5 0.5 0.5 0.5 0.5 0.5 0.99737704 
Car 0.5 3 0 601.65936 176.34813 618.52295 187.32837 0.5 0.5 0.5 0.5 0.5 0.5 0.5 0.91016185 
Car 0.5 3 0 1136.9692 156.13205 1216.0453 177.84605 0.5 0.5 0.5 0.5 0.5 0.5 0.5 0.90654683 
Car 0.5 3 0 391.12982 183.61867 412.41428 198.75748 0.5 0.5 0.5 0.5 0.5 0.5 0.5 0.8432355 
Car 0.5 3 0 869.45807 167.44585 924.2472 189.87343 0.5 0.5 0.5 0.5 0.5 0.5 0.5 0.83765364 
Pedestrian 0.5 3 0 521.862 172.43375 532.4986 204.23822 0.5 0.5 0.5 0.5 0.5 0.5 0.5 0.77738243 
Car 0.5 3 0 162.53648 184.4648 196.3453 200.57391 0.5 0.5 0.5 0.5 0.5 0.5 0.5 0.749703 
Car 0.5 3 0 569.2879 177.13393 589.1471 187.92776 0.5 0.5 0.5 0.5 0.5 0.5 0.5 0.7345615 
Pedestrian 0.5 3 0 818.49335 170.72752 828.385 203.80927 0.5 0.5 0.5 0.5 0.5 0.5 0.5 0.6916449 
Car 0.5 3 0 583.4373 176.49124 604.2564 187.61763 0.5 0.5 0.5 0.5 0.5 0.5 0.5 0.60256606 
