Car 0.5 3 0 801.51056 189.11829 1075.7917 326.95828 0.5 0.5 0.5 0.5 0.5 0.5 0.5 0.99806875 
Car 0.5 3 0 494.889 174.52898 576.8307 206.90306 0.5 0.5 0.5 0.5 0.5 0.5 0.5 0.99249154 
Car 0.5 3 0 724.44037 167.64908 798.62946 197.06831 0.5 0.5 0.5 0.5 0.5 0.5 0.5 0.9850727 
Car 0.5 3 0 437.27197 178.32007 487.6313 204.06085 0.5 0.5 0.5 0.5 0.5 0.5 0.5 0.978044 
Car 0.5 3 0 225.06541 181.34583 296.30762 209.59767 0.5 0.5 0.5 0.5 0.5 0.5 0.5 0.9702449 
Car 0.5 3 0 576.95374 175.92801 597.54584 190.16808 0.5 0.5 0.5 0.5 0.5 0.5 0.5 0.8938488 
Pedestrian 0.5 3 0 456.93616 173.01945 470.31107 221.04358 0.5 0.5 0.5 0.5 0.5 0.5 0.5 0.86890095 
Car 0.5 3 0 622.01263 174.6546 632.70026 185.75978 0.5 0.5 0.5 0.5 0.5 0.5 0.5 0.65058273 
Car 0.5 3 0 594.35455 174.2611 613.3218 188.72716 0.5 0.5 0.5 0.5 0.5 0.5 0.5 0.6371456 
Pedestrian 0.5 3 0 420.60837 176.76393 428.6945 196.3431 0.5 0.5 0.5 0.5 0.5 0.5 0.5 0.58236873 
