Car -1 -1 -10 327.000000 186.000000 375.000000 212.000000 1.501404 1.599356 3.981990 -16.041620 2.430185 43.490328 0.521717 0.980247
Pedestrian -1 -1 -10 863.000000 158.000000 887.000000 216.000000 1.763335 0.622844 0.833683 7.390160 1.193988 20.106334 3.418399 0.979017
Car -1 -1 -10 304.000000 185.000000 343.000000 216.000000 1.538247 1.583386 3.703125 -15.665038 2.245223 38.930384 -2.587898 0.968072
Car -1 -1 -10 691.000000 171.000000 720.000000 199.000000 1.532487 1.599780 3.765421 4.057374 1.374574 38.173200 -2.105594 0.903428
Pedestrian -1 -1 -10 655.000000 175.000000 670.000000 209.000000 1.745501 0.605259 0.777065 2.374622 1.570208 32.476134 -1.462990 0.881352
Car -1 -1 -10 331.000000 178.000000 401.000000 205.000000 1.513891 1.605933 3.995874 -16.268715 2.436421 45.628236 0.248864 0.806332
Pedestrian -1 -1 -10 673.000000 177.000000 684.000000 212.000000 1.739871 0.609094 0.637450 2.746041 1.403443 29.640485 1.659703 0.776589
Car -1 -1 -10 369.000000 178.000000 406.000000 204.000000 1.655804 1.635261 3.814488 -16.722820 2.150973 52.598175 -2.954112 0.774174
Cyclist -1 -1 -10 866.000000 183.000000 888.000000 219.000000 1.714216 0.557884 1.586792 9.361606 1.857643 25.598883 -0.684491 0.724201
Car -1 -1 -10 703.000000 165.000000 737.000000 195.000000 1.524800 1.548333 3.429439 6.117080 1.689652 40.466473 -0.761506 0.641201
