Car -1 -1 -10 292.000000 183.000000 339.000000 216.000000 1.510161 1.601113 3.748781 -15.434979 2.210593 36.258284 0.649694 0.966168
Car -1 -1 -10 320.000000 184.000000 364.000000 211.000000 1.498999 1.599635 3.890138 -16.110693 2.362752 42.740912 0.591308 0.952361
Pedestrian -1 -1 -10 895.000000 160.000000 916.000000 223.000000 1.768937 0.600121 0.621437 9.232005 1.122509 22.691880 2.985991 0.906763
Car -1 -1 -10 700.000000 173.000000 731.000000 202.000000 1.494705 1.575078 3.644461 5.677745 1.535452 38.431579 1.777438 0.889793
Car -1 -1 -10 320.000000 178.000000 393.000000 205.000000 1.495301 1.607679 3.910670 -16.276727 2.166564 44.619605 1.768870 0.815432
Car -1 -1 -10 362.000000 175.000000 414.000000 204.000000 1.575679 1.625293 3.874077 -15.688540 2.084119 48.823531 1.805820 0.786674
Car -1 -1 -10 235.000000 183.000000 336.000000 218.000000 1.495520 1.527956 3.386088 -16.000651 2.011167 35.490028 -1.336763 0.657486
Pedestrian -1 -1 -10 684.000000 183.000000 696.000000 218.000000 1.722917 0.608906 0.647883 3.249547 1.513263 29.875709 1.679991 0.591148
Pedestrian -1 -1 -10 662.000000 176.000000 678.000000 209.000000 1.778931 0.625730 0.696119 2.560074 1.414697 31.830261 -1.468261 0.578545
Car -1 -1 -10 850.000000 171.000000 896.000000 197.000000 1.506682 1.550983 3.424428 12.464359 1.302208 34.262432 -2.322804 0.513839
