Car -1 -1 -10 905.000000 176.000000 1107.000000 292.000000 1.520564 1.595123 3.675244 6.081048 1.541504 11.313477 -1.457772 0.993251
Car -1 -1 -10 1100.000000 183.000000 1239.000000 291.000000 1.481182 1.578251 3.570463 8.056151 1.541980 11.362420 -1.499025 0.989749
Car -1 -1 -10 205.000000 171.000000 256.000000 207.000000 1.751148 1.646834 3.724667 -21.365206 1.824411 40.500825 1.510101 0.936857
Car -1 -1 -10 130.000000 173.000000 201.000000 213.000000 1.563191 1.579707 3.694546 -18.977835 1.728106 29.435798 1.654465 0.877529
Car -1 -1 -10 7.000000 165.000000 109.000000 229.000000 1.702402 1.636237 3.754128 -19.279941 1.880397 24.903294 0.329121 0.842497
Car -1 -1 -10 167.000000 173.000000 213.000000 207.000000 1.604035 1.600047 3.504705 -19.181227 1.594376 32.376025 -1.534683 0.809574
Car -1 -1 -10 53.000000 163.000000 193.000000 220.000000 1.599247 1.626065 3.903672 -19.918966 1.772069 28.305016 0.410661 0.767952
Pedestrian -1 -1 -10 913.000000 162.000000 950.000000 229.000000 1.771115 0.629635 0.708578 10.088925 1.507057 22.653181 -1.147360 0.767525
Car -1 -1 -10 873.000000 163.000000 955.000000 242.000000 1.695756 1.666653 3.964056 7.956407 1.555054 18.630281 -1.275628 0.694402
Pedestrian -1 -1 -10 584.000000 166.000000 595.000000 199.000000 1.741365 0.553767 0.849255 -1.240176 1.722955 38.984979 -2.091373 0.693577
Pedestrian -1 -1 -10 546.000000 169.000000 556.000000 202.000000 1.793274 0.560415 0.826322 -3.467686 1.464916 41.451462 0.661242 0.689759
