Car -1 -1 -10 953.000000 177.000000 1235.000000 326.000000 1.532245 1.591243 3.644168 5.738989 1.564557 9.183486 -1.546860 0.996162
Pedestrian -1 -1 -10 954.000000 157.000000 1002.000000 242.000000 1.762217 0.610307 0.646957 10.663734 1.583305 21.108528 -1.099365 0.957102
Car -1 -1 -10 0.000000 185.000000 38.000000 230.000000 1.501397 1.615909 3.897956 -19.347308 1.963676 21.746715 1.478617 0.950361
Car -1 -1 -10 77.000000 171.000000 164.000000 216.000000 1.492494 1.604808 3.874722 -19.565167 1.818800 28.284546 1.582478 0.912526
Car -1 -1 -10 144.000000 170.000000 216.000000 207.000000 1.534720 1.590133 3.744337 -23.760304 1.340917 38.860518 -2.781174 0.849599
Pedestrian -1 -1 -10 527.000000 168.000000 538.000000 203.000000 1.771428 0.613756 0.727621 -3.623905 1.068592 34.080246 -1.683458 0.830053
Car -1 -1 -10 0.000000 164.000000 117.000000 224.000000 1.683695 1.649546 3.798383 -20.542424 1.781500 26.444829 0.316752 0.802668
Pedestrian -1 -1 -10 618.000000 171.000000 627.000000 197.000000 1.763091 0.565403 0.754701 0.641896 1.828126 41.366192 -2.035038 0.673904
Car -1 -1 -10 1203.000000 184.000000 1241.000000 226.000000 1.501363 1.533482 3.380171 24.574669 1.564878 28.915877 1.730828 0.647567
Pedestrian -1 -1 -10 594.000000 170.000000 605.000000 198.000000 1.800616 0.572304 0.838771 -0.647606 1.205383 40.337095 -3.047294 0.631763
Pedestrian -1 -1 -10 539.000000 165.000000 555.000000 203.000000 1.805383 0.603733 0.961220 -3.116988 1.578913 33.949047 0.415955 0.563860
Car -1 -1 -10 48.000000 173.000000 134.000000 219.000000 1.479666 1.597827 3.791192 -20.023867 1.758538 26.892561 -1.639520 0.544913
Pedestrian -1 -1 -10 569.000000 169.000000 580.000000 199.000000 1.802763 0.563440 0.849785 -2.093999 1.249165 40.783702 -3.106312 0.519904
