Car -1 -1 -10 444.000000 178.000000 476.000000 205.000000 1.452342 1.584393 3.793757 -7.894697 1.711878 38.445147 -1.821653 0.991247
Car -1 -1 -10 794.000000 159.000000 850.000000 185.000000 1.534454 1.613976 3.877937 12.339695 1.078430 40.988517 2.443765 0.977963
Car -1 -1 -10 1011.000000 155.000000 1118.000000 196.000000 1.583488 1.618868 3.787386 18.651005 0.892034 30.444336 2.696484 0.973448
Car -1 -1 -10 890.000000 158.000000 922.000000 185.000000 1.573696 1.557530 3.526869 15.207912 1.379739 37.562949 -0.502711 0.970610
Car -1 -1 -10 1176.000000 154.000000 1239.000000 203.000000 1.582774 1.651514 4.007444 23.196073 1.030079 27.825186 -0.904913 0.967960
Car -1 -1 -10 978.000000 158.000000 1014.000000 184.000000 1.522993 1.593785 3.760916 21.291818 0.682509 39.842269 1.497241 0.934543
Car -1 -1 -10 910.000000 159.000000 960.000000 190.000000 1.492508 1.610215 3.850160 15.185405 0.806697 34.854027 -0.531210 0.933078
Car -1 -1 -10 657.000000 156.000000 712.000000 181.000000 1.521254 1.525193 3.420469 5.436018 0.563070 51.446904 -2.117480 0.806411
Car -1 -1 -10 497.000000 169.000000 533.000000 202.000000 1.522659 1.591168 3.857748 -5.047647 1.572013 39.154520 -1.785538 0.667923
Pedestrian -1 -1 -10 33.000000 190.000000 47.000000 224.000000 1.777100 0.602058 0.592105 -26.979988 2.723022 33.977987 -2.785857 0.568008
