Car -1 -1 -10 337.000000 180.000000 386.000000 206.000000 1.478235 1.611139 3.825455 -16.235822 1.762027 47.849697 1.778596 0.983343
Pedestrian -1 -1 -10 823.000000 157.000000 846.000000 211.000000 1.694997 0.562571 0.722663 7.090252 1.187571 22.485663 1.835380 0.932851
Car -1 -1 -10 371.000000 172.000000 419.000000 197.000000 1.516236 1.593917 3.747122 -16.733566 1.559861 54.618813 -2.524306 0.907327
Pedestrian -1 -1 -10 657.000000 169.000000 669.000000 204.000000 1.757711 0.592848 0.777434 2.239754 1.349941 31.402608 2.691820 0.882283
Pedestrian -1 -1 -10 644.000000 170.000000 658.000000 201.000000 1.755051 0.596849 0.775187 2.026008 1.387499 33.970423 3.158030 0.875997
Car -1 -1 -10 682.000000 167.000000 710.000000 192.000000 1.515838 1.593471 3.804312 3.985278 1.430232 38.096278 -2.112013 0.838334
Car -1 -1 -10 342.000000 173.000000 407.000000 199.000000 1.555597 1.599352 3.784675 -16.537055 1.977954 46.558787 -1.251590 0.711072
Pedestrian -1 -1 -10 677.000000 171.000000 692.000000 220.000000 1.745927 0.602487 0.651464 2.074036 1.971887 21.329323 1.660157 0.705393
Car -1 -1 -10 691.000000 163.000000 720.000000 190.000000 1.530128 1.523859 3.291672 4.922848 1.573163 37.601177 1.182039 0.631697
Car -1 -1 -10 271.000000 179.000000 348.000000 209.000000 1.560770 1.604062 3.736777 -15.032995 1.899608 36.472168 -1.367115 0.546352
