Car -1 -1 -10 325.000000 183.000000 383.000000 209.000000 1.595457 1.526272 3.262662 -15.106231 1.793006 42.006907 -2.578702 0.980389
Pedestrian -1 -1 -10 847.000000 156.000000 870.000000 214.000000 1.726148 0.591318 0.743340 7.248707 1.209556 20.847166 2.358031 0.926691
Car -1 -1 -10 337.000000 176.000000 411.000000 204.000000 1.513921 1.601247 3.818532 -16.476428 2.391986 46.370077 0.656374 0.887603
Pedestrian -1 -1 -10 650.000000 170.000000 667.000000 205.000000 1.748378 0.615122 0.795772 2.326112 1.374454 31.347953 -1.082010 0.842925
Car -1 -1 -10 371.000000 176.000000 417.000000 204.000000 1.696367 1.584700 3.624426 -16.163003 2.208372 52.161239 1.718991 0.814460
Pedestrian -1 -1 -10 667.000000 175.000000 679.000000 209.000000 1.747339 0.604687 0.649743 2.557004 1.412966 30.181509 1.652559 0.784249
Car -1 -1 -10 236.000000 186.000000 338.000000 225.000000 1.577225 1.585901 3.904638 -14.410608 2.277931 32.606531 -3.518859 0.758388
Car -1 -1 -10 307.000000 185.000000 345.000000 211.000000 1.544342 1.563708 3.618425 -15.325347 2.126316 39.599520 1.175862 0.743149
Car -1 -1 -10 689.000000 169.000000 723.000000 197.000000 1.548763 1.567260 3.633003 5.426028 1.770256 36.343626 -0.872021 0.731366
Car -1 -1 -10 393.000000 179.000000 419.000000 204.000000 1.498844 1.599821 3.853613 -15.361479 1.708681 54.199168 0.775603 0.707872
Car -1 -1 -10 700.000000 164.000000 731.000000 193.000000 1.531129 1.598285 3.719392 6.145595 1.026038 42.758301 2.247054 0.593867
Pedestrian -1 -1 -10 690.000000 173.000000 710.000000 236.000000 1.724755 0.560018 0.717955 2.152667 1.740968 17.027651 1.239927 0.549453
