Car -1 -1 -10 988.000000 183.000000 1146.000000 263.000000 1.486002 1.612932 3.876552 8.596819 1.590620 14.376316 -1.579096 0.995186
Car -1 -1 -10 867.000000 178.000000 996.000000 265.000000 1.490814 1.608057 3.778396 6.374334 1.515251 14.584554 -1.599395 0.985685
Car -1 -1 -10 2.000000 177.000000 98.000000 238.000000 1.651468 1.636706 3.837897 -17.988725 1.984560 22.851821 0.343574 0.968229
Car -1 -1 -10 204.000000 174.000000 266.000000 211.000000 1.683782 1.630672 3.833620 -18.113224 1.795976 33.883454 -1.530262 0.940005
Car -1 -1 -10 854.000000 164.000000 929.000000 241.000000 1.580741 1.604237 3.723806 7.528380 1.374351 19.098318 -1.307446 0.887638
Car -1 -1 -10 256.000000 172.000000 301.000000 205.000000 1.656742 1.609977 3.619294 -19.828782 1.911738 42.850860 -1.880154 0.840328
Car -1 -1 -10 150.000000 169.000000 248.000000 215.000000 1.554623 1.632174 4.101645 -17.502048 1.343754 30.776507 2.085580 0.718052
Pedestrian -1 -1 -10 582.000000 173.000000 595.000000 201.000000 1.796869 0.558858 0.828108 -1.315393 1.276656 41.434912 -3.078040 0.687939
Pedestrian -1 -1 -10 871.000000 164.000000 897.000000 200.000000 1.772314 0.603133 0.640651 10.263433 1.361744 27.426493 -1.212193 0.685523
Pedestrian -1 -1 -10 568.000000 168.000000 578.000000 202.000000 1.753836 0.551274 0.824347 -2.170114 1.801895 40.032666 -2.112819 0.529655
