Car -1 -1 -10 441.000000 181.000000 474.000000 207.000000 1.450337 1.599322 3.955633 -7.899123 1.781189 37.846713 -1.791487 0.992673
Car -1 -1 -10 1030.000000 152.000000 1154.000000 195.000000 1.540678 1.638902 3.910700 19.051552 0.850524 29.797016 2.645037 0.985094
Car -1 -1 -10 1204.000000 153.000000 1241.000000 205.000000 1.519598 1.596190 3.735008 23.107117 0.865789 26.031628 0.176491 0.982773
Car -1 -1 -10 778.000000 159.000000 821.000000 185.000000 1.453358 1.601858 3.721991 11.081475 0.665553 41.969250 1.816054 0.978495
Car -1 -1 -10 802.000000 159.000000 860.000000 186.000000 1.522424 1.537085 3.482303 12.963585 0.670213 40.534680 -0.633615 0.945996
Car -1 -1 -10 733.000000 160.000000 765.000000 185.000000 1.501947 1.598474 3.747702 9.132666 0.776975 46.890819 2.263033 0.935442
Car -1 -1 -10 895.000000 159.000000 915.000000 187.000000 1.591055 1.584302 3.646846 14.736671 0.931153 36.341683 -0.519677 0.933763
Car -1 -1 -10 991.000000 156.000000 1034.000000 182.000000 1.664846 1.585835 3.615829 20.850908 0.983909 37.765258 -1.667485 0.924938
Car -1 -1 -10 894.000000 153.000000 983.000000 192.000000 1.544534 1.636402 3.944586 13.957853 0.874138 33.125507 -2.224268 0.861042
Car -1 -1 -10 659.000000 157.000000 720.000000 183.000000 1.699773 1.583396 3.549693 4.746746 1.227120 44.848036 -2.031605 0.854341
Car -1 -1 -10 798.000000 160.000000 833.000000 185.000000 1.511099 1.548865 3.544229 11.878911 1.410454 41.214539 -0.637059 0.585035
Pedestrian -1 -1 -10 16.000000 195.000000 30.000000 230.000000 1.734063 0.621758 0.621193 -27.035322 2.624367 33.041985 -2.799758 0.545829
Car -1 -1 -10 933.000000 156.000000 974.000000 190.000000 1.535117 1.635154 3.991025 14.899799 0.814694 33.858456 -2.185424 0.545505
Car -1 -1 -10 494.000000 171.000000 533.000000 206.000000 1.569163 1.619646 3.859206 -5.173637 1.726141 39.291516 -1.756527 0.533025
