Car -1 -1 -10 489.000000 184.000000 518.000000 209.000000 1.468254 1.594888 3.796480 -5.920654 2.005413 41.228344 -1.670141 0.976667
Car -1 -1 -10 1137.000000 181.000000 1188.000000 211.000000 1.560429 1.654088 4.093847 24.329207 1.776704 33.013267 -2.048815 0.971205
Car -1 -1 -10 1207.000000 186.000000 1241.000000 217.000000 1.567062 1.570013 3.681150 29.029266 1.980815 34.446571 1.822885 0.962153
Car -1 -1 -10 780.000000 167.000000 847.000000 207.000000 1.595721 1.572960 3.533053 11.271105 1.794120 39.832937 -0.648896 0.927502
Car -1 -1 -10 854.000000 173.000000 914.000000 200.000000 1.670130 1.551326 3.448177 16.704296 1.759620 44.070952 -0.640984 0.913743
Car -1 -1 -10 117.000000 178.000000 148.000000 208.000000 1.565230 1.587685 3.671777 -31.517702 2.199725 46.564285 -2.122917 0.837746
Car -1 -1 -10 1027.000000 183.000000 1062.000000 209.000000 1.573443 1.568224 3.802279 20.897337 2.097217 35.038880 0.005069 0.811431
Car -1 -1 -10 1069.000000 181.000000 1134.000000 214.000000 1.505557 1.501353 3.310256 21.662799 1.952327 31.854099 2.707447 0.701854
Car -1 -1 -10 0.000000 203.000000 14.000000 242.000000 1.496396 1.497332 3.332388 -19.590822 2.059401 23.463759 -1.595668 0.676874
Car -1 -1 -10 537.000000 176.000000 573.000000 208.000000 1.604274 1.643083 4.011839 -2.986700 1.951039 41.939239 -1.684938 0.660578
