Car -1 -1 -10 756.000000 171.000000 812.000000 215.000000 1.536824 1.596855 3.598611 6.459218 1.463504 26.399280 -1.398266 0.989495
Pedestrian -1 -1 -10 1198.000000 148.000000 1241.000000 259.000000 1.739497 0.618528 0.755681 9.051510 1.515280 10.855723 3.369589 0.979350
Car -1 -1 -10 333.000000 177.000000 371.000000 202.000000 1.472533 1.596012 3.835823 -16.826354 1.934891 46.017136 0.691207 0.962978
Car -1 -1 -10 222.000000 179.000000 291.000000 217.000000 1.609875 1.632669 3.826983 -17.219123 1.965605 35.268132 -2.578679 0.927837
Car -1 -1 -10 243.000000 169.000000 335.000000 212.000000 1.759235 1.693186 4.123353 -16.392378 1.932226 36.338724 -1.464295 0.869294
Car -1 -1 -10 108.000000 180.000000 253.000000 238.000000 1.774453 1.680356 4.073118 -14.247443 2.114955 24.826153 0.377921 0.853211
Car -1 -1 -10 823.000000 172.000000 877.000000 215.000000 1.521503 1.595921 3.677825 8.920259 1.420683 25.608813 1.343349 0.749706
Car -1 -1 -10 308.000000 174.000000 368.000000 206.000000 1.595885 1.616922 3.852683 -16.354365 1.868550 42.755498 -1.402557 0.749441
Pedestrian -1 -1 -10 589.000000 166.000000 600.000000 193.000000 1.773460 0.563960 0.887723 -0.889647 1.385884 37.613265 -3.118885 0.641182
Car -1 -1 -10 292.000000 170.000000 351.000000 208.000000 1.676069 1.647427 3.878889 -16.254922 1.919815 39.738004 -1.485526 0.550318
