Pedestrian -1 -1 -10 1016.000000 156.000000 1055.000000 235.000000 1.734881 0.650142 0.869995 8.339380 1.314330 14.199177 3.624797 0.985387
Car -1 -1 -10 275.000000 180.000000 333.000000 214.000000 1.575055 1.626008 3.980728 -16.357382 2.154551 37.977981 0.550812 0.952035
Cyclist -1 -1 -10 1011.000000 194.000000 1058.000000 245.000000 1.732600 0.629304 1.563055 8.935078 1.784591 15.309514 -0.493521 0.951860
Car -1 -1 -10 732.000000 172.000000 768.000000 209.000000 1.470745 1.598618 3.749318 6.538806 1.457797 32.782985 -1.376005 0.940270
Car -1 -1 -10 197.000000 180.000000 303.000000 225.000000 1.633998 1.631177 3.857301 -14.640448 2.127566 30.021085 -0.449419 0.920865
Pedestrian -1 -1 -10 697.000000 174.000000 711.000000 224.000000 1.689112 0.533682 0.728767 2.664673 2.030085 21.192896 -2.953020 0.870854
Car -1 -1 -10 281.000000 176.000000 366.000000 208.000000 1.516664 1.613444 3.913622 -16.392934 1.768359 41.913779 0.600735 0.810532
Car -1 -1 -10 22.000000 186.000000 65.000000 228.000000 1.579906 1.596211 3.739879 -27.471248 2.540244 35.892310 -2.240318 0.802181
Car -1 -1 -10 330.000000 172.000000 388.000000 205.000000 1.564295 1.584224 3.534725 -15.388026 1.977077 43.241575 1.894371 0.793308
Car -1 -1 -10 246.000000 181.000000 309.000000 219.000000 1.540258 1.592046 3.612238 -14.494137 2.018921 30.649561 0.600848 0.648651
Car -1 -1 -10 740.000000 165.000000 777.000000 203.000000 1.486627 1.589157 3.674679 6.805846 1.350230 32.574169 -0.832103 0.599030
Pedestrian -1 -1 -10 683.000000 181.000000 695.000000 216.000000 1.729269 0.607168 0.656103 3.174881 1.490312 29.552588 1.679152 0.557523
