Car 0.5 3 0 605.74786 185.91867 644.80334 215.49254 0.5 0.5 0.5 0.5 0.5 0.5 0.5 0.9849578 
Car 0.5 3 0 643.1008 186.06003 656.856 197.34364 0.5 0.5 0.5 0.5 0.5 0.5 0.5 0.96265924 
Car 0.5 3 0 1169.086 180.09999 1225.4083 201.54892 0.5 0.5 0.5 0.5 0.5 0.5 0.5 0.9571266 
Car 0.5 3 0 1102.6782 179.2643 1135.3027 200.52292 0.5 0.5 0.5 0.5 0.5 0.5 0.5 0.9427741 
Car 0.5 3 0 1000.37024 181.06888 1030.9868 199.48308 0.5 0.5 0.5 0.5 0.5 0.5 0.5 0.9357486 
Car 0.5 3 0 724.85724 175.4805 740.76526 187.50064 0.5 0.5 0.5 0.5 0.5 0.5 0.5 0.9086812 
Car 0.5 3 0 973.59827 180.22145 1005.41003 198.54732 0.5 0.5 0.5 0.5 0.5 0.5 0.5 0.9081272 
Car 0.5 3 0 1030.1708 180.18132 1062.2094 198.93983 0.5 0.5 0.5 0.5 0.5 0.5 0.5 0.8301375 
Car 0.5 3 0 724.8878 174.32042 752.0225 188.57663 0.5 0.5 0.5 0.5 0.5 0.5 0.5 0.8215364 
Car 0.5 3 0 762.2249 177.64842 783.5509 187.20049 0.5 0.5 0.5 0.5 0.5 0.5 0.5 0.81017464 
Car 0.5 3 0 385.99756 185.24602 418.4215 203.9114 0.5 0.5 0.5 0.5 0.5 0.5 0.5 0.7917568 
Car 0.5 3 0 384.4114 185.43942 401.45068 203.14719 0.5 0.5 0.5 0.5 0.5 0.5 0.5 0.7910057 
Car 0.5 3 0 775.0647 177.83253 797.7076 188.07063 0.5 0.5 0.5 0.5 0.5 0.5 0.5 0.7902593 
Car 0.5 3 0 877.71234 177.06819 914.02515 194.19681 0.5 0.5 0.5 0.5 0.5 0.5 0.5 0.6877957 
Car 0.5 3 0 832.88165 176.46295 862.2951 190.9947 0.5 0.5 0.5 0.5 0.5 0.5 0.5 0.68354714 
Car 0.5 3 0 866.27234 175.85191 885.7904 191.19666 0.5 0.5 0.5 0.5 0.5 0.5 0.5 0.6288282 
Car 0.5 3 0 776.2161 175.96187 815.7074 189.44534 0.5 0.5 0.5 0.5 0.5 0.5 0.5 0.6251999 
Car 0.5 3 0 1069.0533 182.75493 1106.3015 201.13551 0.5 0.5 0.5 0.5 0.5 0.5 0.5 0.61332893 
Car 0.5 3 0 181.42026 198.48865 203.6047 213.61366 0.5 0.5 0.5 0.5 0.5 0.5 0.5 0.61171293 
Car 0.5 3 0 942.0171 181.49612 971.7913 200.3626 0.5 0.5 0.5 0.5 0.5 0.5 0.5 0.5774273 
Car 0.5 3 0 216.30247 184.8389 248.08035 204.46115 0.5 0.5 0.5 0.5 0.5 0.5 0.5 0.5600019 
Car 0.5 3 0 798.45123 176.3469 817.5537 186.74411 0.5 0.5 0.5 0.5 0.5 0.5 0.5 0.52904 
