Car 0.5 3 0 574.1578 174.51166 626.5217 200.46008 0.5 0.5 0.5 0.5 0.5 0.5 0.5 0.9963134 
Car 0.5 3 0 206.69847 180.65018 331.6438 222.83273 0.5 0.5 0.5 0.5 0.5 0.5 0.5 0.9959621 
Car 0.5 3 0 436.70245 175.47299 515.5662 210.82161 0.5 0.5 0.5 0.5 0.5 0.5 0.5 0.9933785 
Pedestrian 0.5 3 0 879.56256 164.98267 913.26794 242.91423 0.5 0.5 0.5 0.5 0.5 0.5 0.5 0.99045557 
Car 0.5 3 0 625.08093 174.06659 664.196 194.3839 0.5 0.5 0.5 0.5 0.5 0.5 0.5 0.9586695 
Car 0.5 3 0 767.0251 171.98273 803.4314 190.39397 0.5 0.5 0.5 0.5 0.5 0.5 0.5 0.9423869 
Car 0.5 3 0 331.60358 167.77588 423.16602 204.617 0.5 0.5 0.5 0.5 0.5 0.5 0.5 0.9311601 
Car 0.5 3 0 542.8866 176.59116 579.38513 194.74915 0.5 0.5 0.5 0.5 0.5 0.5 0.5 0.9191329 
Car 0.5 3 0 1169.1226 170.39957 1196.8579 182.20227 0.5 0.5 0.5 0.5 0.5 0.5 0.5 0.9166417 
Car 0.5 3 0 668.5203 173.67386 690.216 188.88461 0.5 0.5 0.5 0.5 0.5 0.5 0.5 0.78676355 
Car 0.5 3 0 1075.5529 169.39209 1111.82 181.13232 0.5 0.5 0.5 0.5 0.5 0.5 0.5 0.77593964 
Car 0.5 3 0 1016.89667 169.0415 1048.2987 181.65947 0.5 0.5 0.5 0.5 0.5 0.5 0.5 0.76465523 
Car 0.5 3 0 1143.2504 170.92876 1168.4949 182.08376 0.5 0.5 0.5 0.5 0.5 0.5 0.5 0.7299136 
Car 0.5 3 0 956.463 168.23853 981.35455 180.19136 0.5 0.5 0.5 0.5 0.5 0.5 0.5 0.72083926 
Car 0.5 3 0 924.9976 168.03825 958.738 179.34479 0.5 0.5 0.5 0.5 0.5 0.5 0.5 0.6770358 
Car 0.5 3 0 695.05524 175.66222 709.4732 186.18631 0.5 0.5 0.5 0.5 0.5 0.5 0.5 0.6207982 
Car 0.5 3 0 1091.5707 170.99347 1113.473 180.6809 0.5 0.5 0.5 0.5 0.5 0.5 0.5 0.56626296 
Pedestrian 0.5 3 0 96.78732 180.01195 111.60727 205.72629 0.5 0.5 0.5 0.5 0.5 0.5 0.5 0.5623209 
Car 0.5 3 0 656.24194 177.0248 671.68256 191.71812 0.5 0.5 0.5 0.5 0.5 0.5 0.5 0.5404792 
Car 0.5 3 0 1031.6454 170.50352 1049.9231 179.87396 0.5 0.5 0.5 0.5 0.5 0.5 0.5 0.52284175 
