Car 0.5 3 0 1161.7009 179.32474 1201.8892 200.5169 0.5 0.5 0.5 0.5 0.5 0.5 0.5 0.9860671 
Car 0.5 3 0 1124.18 178.94904 1165.3456 200.58412 0.5 0.5 0.5 0.5 0.5 0.5 0.5 0.98570216 
Car 0.5 3 0 610.02997 188.28111 659.15533 222.02135 0.5 0.5 0.5 0.5 0.5 0.5 0.5 0.98423725 
Car 0.5 3 0 1025.3491 180.9012 1056.9153 199.32109 0.5 0.5 0.5 0.5 0.5 0.5 0.5 0.9577809 
Car 0.5 3 0 226.01604 204.64577 247.40897 218.1201 0.5 0.5 0.5 0.5 0.5 0.5 0.5 0.9238527 
Car 0.5 3 0 793.08813 178.7045 821.4767 190.58649 0.5 0.5 0.5 0.5 0.5 0.5 0.5 0.9056399 
Car 0.5 3 0 998.9212 180.06892 1025.4579 196.60493 0.5 0.5 0.5 0.5 0.5 0.5 0.5 0.8941629 
Car 0.5 3 0 757.7699 175.64734 789.36676 190.31425 0.5 0.5 0.5 0.5 0.5 0.5 0.5 0.87541664 
Car 0.5 3 0 859.43756 177.55444 892.59155 193.48886 0.5 0.5 0.5 0.5 0.5 0.5 0.5 0.8394923 
Car 0.5 3 0 1057.4956 180.80145 1070.0367 198.37476 0.5 0.5 0.5 0.5 0.5 0.5 0.5 0.7955175 
Car 0.5 3 0 429.2089 188.05139 462.684 205.83508 0.5 0.5 0.5 0.5 0.5 0.5 0.5 0.7717701 
Car 0.5 3 0 654.67474 179.59248 669.81537 200.12778 0.5 0.5 0.5 0.5 0.5 0.5 0.5 0.7590679 
Car 0.5 3 0 1098.3608 180.55276 1127.0817 199.39899 0.5 0.5 0.5 0.5 0.5 0.5 0.5 0.74363387 
Car 0.5 3 0 772.604 176.18025 792.3436 188.2997 0.5 0.5 0.5 0.5 0.5 0.5 0.5 0.7383287 
Car 0.5 3 0 427.798 188.7024 445.94788 205.70877 0.5 0.5 0.5 0.5 0.5 0.5 0.5 0.5801327 
Car 0.5 3 0 804.16736 179.81596 821.9433 189.09578 0.5 0.5 0.5 0.5 0.5 0.5 0.5 0.56863445 
Car 0.5 3 0 666.0344 174.63547 725.0465 227.73222 0.5 0.5 0.5 0.5 0.5 0.5 0.5 0.5497854 
