Car 0.5 3 0 657.9111 170.86266 718.8026 212.17482 0.5 0.5 0.5 0.5 0.5 0.5 0.5 0.9933369 
Car 0.5 3 0 1170.1558 156.0692 1201.9324 178.1115 0.5 0.5 0.5 0.5 0.5 0.5 0.5 0.9798702 
Car 0.5 3 0 1136.1226 157.96161 1171.6847 176.08606 0.5 0.5 0.5 0.5 0.5 0.5 0.5 0.9732144 
Car 0.5 3 0 1201.9863 155.24863 1241.6094 174.2184 0.5 0.5 0.5 0.5 0.5 0.5 0.5 0.96874166 
Car 0.5 3 0 1104.6403 159.36116 1137.0906 177.1252 0.5 0.5 0.5 0.5 0.5 0.5 0.5 0.9391081 
Car 0.5 3 0 505.9328 179.52896 532.16156 203.01141 0.5 0.5 0.5 0.5 0.5 0.5 0.5 0.9386001 
Car 0.5 3 0 1043.9791 159.12947 1075.4049 176.90758 0.5 0.5 0.5 0.5 0.5 0.5 0.5 0.9330235 
Car 0.5 3 0 826.8083 160.3904 875.607 173.17223 0.5 0.5 0.5 0.5 0.5 0.5 0.5 0.8943305 
Car 0.5 3 0 649.07153 174.63179 669.1121 198.95177 0.5 0.5 0.5 0.5 0.5 0.5 0.5 0.86181474 
Car 0.5 3 0 859.63293 160.24135 888.6094 172.54478 0.5 0.5 0.5 0.5 0.5 0.5 0.5 0.76021606 
Car 0.5 3 0 1034.242 160.0925 1048.8932 175.89897 0.5 0.5 0.5 0.5 0.5 0.5 0.5 0.74735177 
Car 0.5 3 0 890.2271 157.18054 924.7788 174.00879 0.5 0.5 0.5 0.5 0.5 0.5 0.5 0.7440301 
Car 0.5 3 0 717.6811 168.18077 737.6651 184.09195 0.5 0.5 0.5 0.5 0.5 0.5 0.5 0.7149583 
Car 0.5 3 0 825.7371 161.43541 846.08716 171.40689 0.5 0.5 0.5 0.5 0.5 0.5 0.5 0.7134724 
Car 0.5 3 0 543.79834 178.93486 565.24927 193.98163 0.5 0.5 0.5 0.5 0.5 0.5 0.5 0.67387426 
Car 0.5 3 0 969.6532 161.17307 1001.29364 176.66336 0.5 0.5 0.5 0.5 0.5 0.5 0.5 0.57847184 
