Car 0.5 3 0 497.65396 176.77495 593.82117 231.51474 0.5 0.5 0.5 0.5 0.5 0.5 0.5 0.99317133 
Car 0.5 3 0 440.71082 182.03558 485.03427 210.68582 0.5 0.5 0.5 0.5 0.5 0.5 0.5 0.99223983 
Car 0.5 3 0 647.8531 171.30688 715.6787 219.48195 0.5 0.5 0.5 0.5 0.5 0.5 0.5 0.9833573 
Car 0.5 3 0 1170.1791 155.90616 1201.511 178.20355 0.5 0.5 0.5 0.5 0.5 0.5 0.5 0.9786816 
Car 0.5 3 0 1136.3413 157.83705 1171.9138 176.04071 0.5 0.5 0.5 0.5 0.5 0.5 0.5 0.97428674 
Car 0.5 3 0 1201.8197 155.21289 1241.5564 174.44058 0.5 0.5 0.5 0.5 0.5 0.5 0.5 0.97097373 
Car 0.5 3 0 726.9343 169.00607 753.3074 192.6494 0.5 0.5 0.5 0.5 0.5 0.5 0.5 0.94491315 
Car 0.5 3 0 1104.4327 159.55008 1137.2393 177.04784 0.5 0.5 0.5 0.5 0.5 0.5 0.5 0.94262445 
Car 0.5 3 0 1044.3676 159.17183 1075.7367 176.78642 0.5 0.5 0.5 0.5 0.5 0.5 0.5 0.93547153 
Car 0.5 3 0 826.75916 160.33408 874.9435 173.14087 0.5 0.5 0.5 0.5 0.5 0.5 0.5 0.873397 
Pedestrian 0.5 3 0 357.25522 187.19528 375.57675 218.90854 0.5 0.5 0.5 0.5 0.5 0.5 0.5 0.8338288 
Car 0.5 3 0 1034.3994 160.24486 1049.1902 176.0015 0.5 0.5 0.5 0.5 0.5 0.5 0.5 0.77367646 
Car 0.5 3 0 859.94916 160.24188 888.38385 172.42123 0.5 0.5 0.5 0.5 0.5 0.5 0.5 0.7702674 
Car 0.5 3 0 477.65668 175.06055 504.65646 193.81538 0.5 0.5 0.5 0.5 0.5 0.5 0.5 0.7672262 
Car 0.5 3 0 890.1083 157.00728 925.114 173.84697 0.5 0.5 0.5 0.5 0.5 0.5 0.5 0.725535 
Car 0.5 3 0 825.6803 161.35027 845.76807 171.27835 0.5 0.5 0.5 0.5 0.5 0.5 0.5 0.6674527 
