Car 0.5 3 0 451.82974 186.6993 536.348 237.24219 0.5 0.5 0.5 0.5 0.5 0.5 0.5 0.9927048 
Car 0.5 3 0 629.16437 173.90309 691.78143 208.08563 0.5 0.5 0.5 0.5 0.5 0.5 0.5 0.98316735 
Car 0.5 3 0 1147.3458 153.2869 1177.3372 172.75232 0.5 0.5 0.5 0.5 0.5 0.5 0.5 0.97805834 
Car 0.5 3 0 1117.3365 155.99039 1148.387 174.79906 0.5 0.5 0.5 0.5 0.5 0.5 0.5 0.9556831 
Car 0.5 3 0 1088.7604 157.53056 1116.5212 174.4698 0.5 0.5 0.5 0.5 0.5 0.5 0.5 0.95445806 
Car 0.5 3 0 1034.5815 157.71823 1063.1661 174.30539 0.5 0.5 0.5 0.5 0.5 0.5 0.5 0.9477184 
Car 0.5 3 0 891.3201 158.44293 912.95734 172.95946 0.5 0.5 0.5 0.5 0.5 0.5 0.5 0.9428484 
Car 0.5 3 0 799.77 159.4146 830.56384 172.62923 0.5 0.5 0.5 0.5 0.5 0.5 0.5 0.9362946 
Car 0.5 3 0 1009.98376 158.72969 1034.5946 174.24245 0.5 0.5 0.5 0.5 0.5 0.5 0.5 0.9304976 
Car 0.5 3 0 1179.0161 152.49623 1225.7527 169.47156 0.5 0.5 0.5 0.5 0.5 0.5 0.5 0.9129019 
Car 0.5 3 0 830.35266 159.61487 877.6501 173.49252 0.5 0.5 0.5 0.5 0.5 0.5 0.5 0.9097458 
Car 0.5 3 0 736.4214 172.22728 755.61005 185.81181 0.5 0.5 0.5 0.5 0.5 0.5 0.5 0.90764993 
Car 0.5 3 0 829.0897 160.4173 855.2723 172.9959 0.5 0.5 0.5 0.5 0.5 0.5 0.5 0.88283366 
Car 0.5 3 0 1227.6765 153.5412 1241.6929 167.955 0.5 0.5 0.5 0.5 0.5 0.5 0.5 0.857832 
Car 0.5 3 0 516.02045 179.39777 541.24567 200.2848 0.5 0.5 0.5 0.5 0.5 0.5 0.5 0.83108264 
Car 0.5 3 0 541.0242 171.95288 574.21014 199.52771 0.5 0.5 0.5 0.5 0.5 0.5 0.5 0.7766311 
Car 0.5 3 0 719.36053 170.67464 736.2437 183.91937 0.5 0.5 0.5 0.5 0.5 0.5 0.5 0.7681094 
Car 0.5 3 0 695.23096 170.9976 721.4987 190.46562 0.5 0.5 0.5 0.5 0.5 0.5 0.5 0.7649022 
Car 0.5 3 0 858.9063 159.98381 889.35693 172.54305 0.5 0.5 0.5 0.5 0.5 0.5 0.5 0.6094566 
Car 0.5 3 0 929.9711 159.00261 941.2519 171.01807 0.5 0.5 0.5 0.5 0.5 0.5 0.5 0.58496886 
Car 0.5 3 0 965.9571 160.35112 1003.8956 176.24185 0.5 0.5 0.5 0.5 0.5 0.5 0.5 0.57269174 
Car 0.5 3 0 965.3637 161.50133 986.2131 173.49907 0.5 0.5 0.5 0.5 0.5 0.5 0.5 0.5441106 
