Car 0.5 3 0 499.6597 179.45323 595.677 227.99841 0.5 0.5 0.5 0.5 0.5 0.5 0.5 0.9948584 
Car 0.5 3 0 675.9554 173.07837 706.6524 194.61632 0.5 0.5 0.5 0.5 0.5 0.5 0.5 0.9846703 
Car 0.5 3 0 1136.5654 157.30804 1172.9474 175.96976 0.5 0.5 0.5 0.5 0.5 0.5 0.5 0.9754135 
Car 0.5 3 0 1170.2773 155.89803 1202.5892 177.83623 0.5 0.5 0.5 0.5 0.5 0.5 0.5 0.97472554 
Car 0.5 3 0 1201.7411 154.92224 1241.4501 174.41304 0.5 0.5 0.5 0.5 0.5 0.5 0.5 0.96108156 
Car 0.5 3 0 1104.6471 159.34042 1137.0098 177.022 0.5 0.5 0.5 0.5 0.5 0.5 0.5 0.9423973 
Car 0.5 3 0 1044.0533 159.11797 1075.4817 176.80305 0.5 0.5 0.5 0.5 0.5 0.5 0.5 0.9358797 
Car 0.5 3 0 826.5933 160.32314 876.18744 173.18788 0.5 0.5 0.5 0.5 0.5 0.5 0.5 0.89721256 
Car 0.5 3 0 1034.6545 160.00757 1049.0532 175.84943 0.5 0.5 0.5 0.5 0.5 0.5 0.5 0.74806005 
Car 0.5 3 0 697.7253 171.27632 714.48047 190.13043 0.5 0.5 0.5 0.5 0.5 0.5 0.5 0.74274784 
Car 0.5 3 0 859.704 160.24768 888.6703 172.63716 0.5 0.5 0.5 0.5 0.5 0.5 0.5 0.7425785 
Car 0.5 3 0 825.6104 161.41725 845.96625 171.45119 0.5 0.5 0.5 0.5 0.5 0.5 0.5 0.7326189 
Car 0.5 3 0 890.47815 156.64604 925.1455 173.9248 0.5 0.5 0.5 0.5 0.5 0.5 0.5 0.7227092 
Car 0.5 3 0 249.40178 159.29582 391.34372 232.54485 0.5 0.5 0.5 0.5 0.5 0.5 0.5 0.714779 
Car 0.5 3 0 969.38556 161.5069 999.4349 177.74597 0.5 0.5 0.5 0.5 0.5 0.5 0.5 0.64823556 
Car 0.5 3 0 636.0344 164.47488 664.181 182.51277 0.5 0.5 0.5 0.5 0.5 0.5 0.5 0.6402695 
