Car 0.5 3 0 566.2603 177.06921 636.1555 215.51671 0.5 0.5 0.5 0.5 0.5 0.5 0.5 0.99595636 
Car 0.5 3 0 1170.7095 156.44974 1200.558 178.17662 0.5 0.5 0.5 0.5 0.5 0.5 0.5 0.9837758 
Car 0.5 3 0 0.0 292.79767 129.6855 371.94122 0.5 0.5 0.5 0.5 0.5 0.5 0.5 0.97974753 
Car 0.5 3 0 1136.1769 157.28908 1173.2833 176.34296 0.5 0.5 0.5 0.5 0.5 0.5 0.5 0.979035 
Car 0.5 3 0 1201.7412 155.10756 1241.5892 174.24754 0.5 0.5 0.5 0.5 0.5 0.5 0.5 0.9667549 
Car 0.5 3 0 683.2473 172.07582 713.6461 192.63322 0.5 0.5 0.5 0.5 0.5 0.5 0.5 0.9480534 
Car 0.5 3 0 1104.6381 159.285 1136.8844 177.06548 0.5 0.5 0.5 0.5 0.5 0.5 0.5 0.9453687 
Car 0.5 3 0 72.0514 158.89142 297.88187 252.97859 0.5 0.5 0.5 0.5 0.5 0.5 0.5 0.9385245 
Car 0.5 3 0 1044.2417 159.28148 1074.5336 176.7231 0.5 0.5 0.5 0.5 0.5 0.5 0.5 0.9202587 
Car 0.5 3 0 826.7338 160.29964 876.2222 173.2383 0.5 0.5 0.5 0.5 0.5 0.5 0.5 0.8969721 
Car 0.5 3 0 888.7036 158.3 924.12006 173.87988 0.5 0.5 0.5 0.5 0.5 0.5 0.5 0.8279159 
Car 0.5 3 0 709.75995 172.11691 723.5525 184.79906 0.5 0.5 0.5 0.5 0.5 0.5 0.5 0.823171 
Car 0.5 3 0 296.79865 193.1813 315.19266 207.06381 0.5 0.5 0.5 0.5 0.5 0.5 0.5 0.7841639 
Car 0.5 3 0 1033.5223 160.14825 1048.0204 175.7608 0.5 0.5 0.5 0.5 0.5 0.5 0.5 0.78102136 
Car 0.5 3 0 825.7226 161.39482 845.7881 171.41212 0.5 0.5 0.5 0.5 0.5 0.5 0.5 0.74204844 
Car 0.5 3 0 628.0233 166.26671 655.0906 183.17911 0.5 0.5 0.5 0.5 0.5 0.5 0.5 0.69864136 
Pedestrian 0.5 3 0 358.23083 187.86156 374.62027 218.5086 0.5 0.5 0.5 0.5 0.5 0.5 0.5 0.67879647 
Car 0.5 3 0 330.89783 180.1149 350.22406 197.84268 0.5 0.5 0.5 0.5 0.5 0.5 0.5 0.6094368 
Car 0.5 3 0 861.4341 160.50371 887.10645 172.40108 0.5 0.5 0.5 0.5 0.5 0.5 0.5 0.6086218 
Car 0.5 3 0 968.6438 161.59402 999.5964 177.34686 0.5 0.5 0.5 0.5 0.5 0.5 0.5 0.5891035 
