Pedestrian 0.5 3 0 1105.9691 148.75034 1199.5009 330.133 0.5 0.5 0.5 0.5 0.5 0.5 0.5 0.9956495 
Car 0.5 3 0 1158.1118 230.09401 1240.0797 369.23224 0.5 0.5 0.5 0.5 0.5 0.5 0.5 0.99298096 
Car 0.5 3 0 0.008295688 180.78604 47.96575 228.19385 0.5 0.5 0.5 0.5 0.5 0.5 0.5 0.9885727 
Car 0.5 3 0 30.030676 171.6113 126.01722 215.79904 0.5 0.5 0.5 0.5 0.5 0.5 0.5 0.9129318 
Pedestrian 0.5 3 0 483.4606 168.37973 495.14856 209.28954 0.5 0.5 0.5 0.5 0.5 0.5 0.5 0.9038858 
Pedestrian 0.5 3 0 1185.801 162.32161 1235.7563 258.0393 0.5 0.5 0.5 0.5 0.5 0.5 0.5 0.7996743 
Car 0.5 3 0 152.5798 177.964 202.59491 193.31512 0.5 0.5 0.5 0.5 0.5 0.5 0.5 0.7923543 
Car 0.5 3 0 282.92078 178.33688 310.86472 191.66626 0.5 0.5 0.5 0.5 0.5 0.5 0.5 0.75254697 
Car 0.5 3 0 246.2189 171.24725 286.83105 187.97552 0.5 0.5 0.5 0.5 0.5 0.5 0.5 0.671819 
Pedestrian 0.5 3 0 509.30447 165.40157 521.8046 208.9318 0.5 0.5 0.5 0.5 0.5 0.5 0.5 0.6553542 
Car 0.5 3 0 119.25011 179.54192 169.02013 197.12971 0.5 0.5 0.5 0.5 0.5 0.5 0.5 0.59677374 
Car 0.5 3 0 661.24756 167.8726 687.58856 177.87212 0.5 0.5 0.5 0.5 0.5 0.5 0.5 0.58146036 
Pedestrian 0.5 3 0 563.612 170.59004 573.1418 203.26443 0.5 0.5 0.5 0.5 0.5 0.5 0.5 0.570178 
Pedestrian 0.5 3 0 588.2481 168.86276 600.26825 200.6433 0.5 0.5 0.5 0.5 0.5 0.5 0.5 0.5470709 
