Car 0.5 3 0 522.8154 176.04353 598.2535 216.10736 0.5 0.5 0.5 0.5 0.5 0.5 0.5 0.99211496 
Car 0.5 3 0 293.8368 190.67114 436.72708 249.1267 0.5 0.5 0.5 0.5 0.5 0.5 0.5 0.9910563 
Car 0.5 3 0 605.3815 173.63272 653.3723 202.92926 0.5 0.5 0.5 0.5 0.5 0.5 0.5 0.98872465 
Car 0.5 3 0 732.60046 167.85971 753.3786 184.28229 0.5 0.5 0.5 0.5 0.5 0.5 0.5 0.97126037 
Car 0.5 3 0 492.9671 178.14742 525.55853 202.27048 0.5 0.5 0.5 0.5 0.5 0.5 0.5 0.971016 
Car 0.5 3 0 1084.4717 153.61526 1111.4915 170.79413 0.5 0.5 0.5 0.5 0.5 0.5 0.5 0.96337265 
Car 0.5 3 0 1110.3622 152.52054 1135.1957 169.56267 0.5 0.5 0.5 0.5 0.5 0.5 0.5 0.94948834 
Car 0.5 3 0 1059.589 154.1345 1086.144 171.3084 0.5 0.5 0.5 0.5 0.5 0.5 0.5 0.942029 
Car 0.5 3 0 824.35236 159.2945 844.8483 170.97168 0.5 0.5 0.5 0.5 0.5 0.5 0.5 0.93062985 
Car 0.5 3 0 698.4547 166.93977 720.11237 186.71516 0.5 0.5 0.5 0.5 0.5 0.5 0.5 0.9263263 
Car 0.5 3 0 792.29584 158.843 824.3792 171.97734 0.5 0.5 0.5 0.5 0.5 0.5 0.5 0.9180556 
Car 0.5 3 0 684.05646 170.27898 708.1633 189.95174 0.5 0.5 0.5 0.5 0.5 0.5 0.5 0.90452397 
Car 0.5 3 0 1177.6693 152.09119 1215.3926 165.28548 0.5 0.5 0.5 0.5 0.5 0.5 0.5 0.87800324 
Car 0.5 3 0 1220.0577 150.5226 1240.8821 166.24286 0.5 0.5 0.5 0.5 0.5 0.5 0.5 0.81230825 
Car 0.5 3 0 857.6352 158.1014 879.7496 169.67424 0.5 0.5 0.5 0.5 0.5 0.5 0.5 0.7824386 
Pedestrian 0.5 3 0 103.39766 204.25046 119.76832 244.86368 0.5 0.5 0.5 0.5 0.5 0.5 0.5 0.77086234 
Car 0.5 3 0 325.02353 171.60028 417.68893 204.10811 0.5 0.5 0.5 0.5 0.5 0.5 0.5 0.7680213 
Car 0.5 3 0 1009.76434 157.37079 1031.2556 172.14941 0.5 0.5 0.5 0.5 0.5 0.5 0.5 0.74628514 
Pedestrian 0.5 3 0 429.02362 186.8878 438.42715 211.639 0.5 0.5 0.5 0.5 0.5 0.5 0.5 0.72717404 
Car 0.5 3 0 1151.4915 151.8702 1180.7296 165.31564 0.5 0.5 0.5 0.5 0.5 0.5 0.5 0.7229789 
Car 0.5 3 0 843.56067 157.65756 878.6797 171.45157 0.5 0.5 0.5 0.5 0.5 0.5 0.5 0.7053398 
Car 0.5 3 0 645.8224 176.74252 676.94183 195.3351 0.5 0.5 0.5 0.5 0.5 0.5 0.5 0.69673926 
Car 0.5 3 0 881.32056 156.88925 897.2254 169.55573 0.5 0.5 0.5 0.5 0.5 0.5 0.5 0.6518017 
Car 0.5 3 0 972.55835 156.90578 988.70105 169.67123 0.5 0.5 0.5 0.5 0.5 0.5 0.5 0.60225046 
Car 0.5 3 0 824.41235 158.22832 865.6277 171.5838 0.5 0.5 0.5 0.5 0.5 0.5 0.5 0.58097064 
Car 0.5 3 0 974.2018 156.04547 1012.9938 170.66838 0.5 0.5 0.5 0.5 0.5 0.5 0.5 0.55590445 
