Car 0.5 3 0 430.35345 181.89285 476.8528 211.08041 0.5 0.5 0.5 0.5 0.5 0.5 0.5 0.98944247 
Car 0.5 3 0 535.3616 175.17479 616.9697 222.22304 0.5 0.5 0.5 0.5 0.5 0.5 0.5 0.98877084 
Car 0.5 3 0 1170.3649 155.76521 1202.1555 177.9266 0.5 0.5 0.5 0.5 0.5 0.5 0.5 0.97424 
Car 0.5 3 0 1201.7548 155.15486 1241.636 174.48965 0.5 0.5 0.5 0.5 0.5 0.5 0.5 0.9733715 
Car 0.5 3 0 1136.2562 157.84013 1172.3817 175.9212 0.5 0.5 0.5 0.5 0.5 0.5 0.5 0.9707093 
Car 0.5 3 0 671.93933 170.2418 726.55383 212.93872 0.5 0.5 0.5 0.5 0.5 0.5 0.5 0.96225744 
Car 0.5 3 0 518.31305 179.77835 541.01306 199.35942 0.5 0.5 0.5 0.5 0.5 0.5 0.5 0.9456722 
Car 0.5 3 0 727.1947 170.34247 755.142 193.23894 0.5 0.5 0.5 0.5 0.5 0.5 0.5 0.94557554 
Car 0.5 3 0 1104.4974 159.55254 1137.2839 177.02606 0.5 0.5 0.5 0.5 0.5 0.5 0.5 0.9438484 
Car 0.5 3 0 475.9758 176.16551 499.0734 192.46838 0.5 0.5 0.5 0.5 0.5 0.5 0.5 0.9327589 
Car 0.5 3 0 1044.1345 159.08102 1075.5 176.84239 0.5 0.5 0.5 0.5 0.5 0.5 0.5 0.9316895 
Car 0.5 3 0 826.37585 160.31456 875.7532 173.16724 0.5 0.5 0.5 0.5 0.5 0.5 0.5 0.8920019 
Car 0.5 3 0 890.2864 157.05482 924.81134 173.86905 0.5 0.5 0.5 0.5 0.5 0.5 0.5 0.74321 
Car 0.5 3 0 1034.329 160.01999 1049.1399 176.01407 0.5 0.5 0.5 0.5 0.5 0.5 0.5 0.72216487 
Car 0.5 3 0 330.79626 178.71138 351.07022 197.7382 0.5 0.5 0.5 0.5 0.5 0.5 0.5 0.7180216 
Pedestrian 0.5 3 0 358.58527 186.63809 374.19748 219.39026 0.5 0.5 0.5 0.5 0.5 0.5 0.5 0.69310147 
Car 0.5 3 0 825.5335 161.39978 846.1242 171.33578 0.5 0.5 0.5 0.5 0.5 0.5 0.5 0.6506244 
Car 0.5 3 0 860.9851 160.35516 887.8806 172.94945 0.5 0.5 0.5 0.5 0.5 0.5 0.5 0.617428 
Car 0.5 3 0 969.1898 161.44923 1000.4611 177.5055 0.5 0.5 0.5 0.5 0.5 0.5 0.5 0.5985302 
