Car 0.5 3 0 206.64197 188.9381 342.1497 239.97514 0.5 0.5 0.5 0.5 0.5 0.5 0.5 0.9975338 
Car 0.5 3 0 440.6468 179.08495 521.95276 219.00758 0.5 0.5 0.5 0.5 0.5 0.5 0.5 0.985246 
Car 0.5 3 0 575.8937 175.0023 625.7563 204.61777 0.5 0.5 0.5 0.5 0.5 0.5 0.5 0.97609895 
Car 0.5 3 0 712.63715 173.75725 735.9582 191.93958 0.5 0.5 0.5 0.5 0.5 0.5 0.5 0.9715403 
Car 0.5 3 0 284.47336 182.07196 348.67865 208.00276 0.5 0.5 0.5 0.5 0.5 0.5 0.5 0.9608433 
Car 0.5 3 0 620.35254 176.65642 640.0455 190.43907 0.5 0.5 0.5 0.5 0.5 0.5 0.5 0.95039916 
Car 0.5 3 0 490.86136 174.14745 534.49347 199.34082 0.5 0.5 0.5 0.5 0.5 0.5 0.5 0.94422776 
Car 0.5 3 0 1041.3672 163.86876 1067.8729 178.8837 0.5 0.5 0.5 0.5 0.5 0.5 0.5 0.89819914 
Car 0.5 3 0 1061.1833 165.06183 1082.6261 177.56021 0.5 0.5 0.5 0.5 0.5 0.5 0.5 0.8906355 
Car 0.5 3 0 1119.9164 165.79788 1143.9542 176.45439 0.5 0.5 0.5 0.5 0.5 0.5 0.5 0.8451284 
Car 0.5 3 0 1156.1233 164.13724 1184.7495 175.83836 0.5 0.5 0.5 0.5 0.5 0.5 0.5 0.7969177 
Car 0.5 3 0 1101.7693 163.5705 1129.1879 176.60027 0.5 0.5 0.5 0.5 0.5 0.5 0.5 0.7955271 
Car 0.5 3 0 1216.9724 164.34596 1240.9099 177.93729 0.5 0.5 0.5 0.5 0.5 0.5 0.5 0.7835552 
Car 0.5 3 0 835.0991 163.7999 857.9523 178.04796 0.5 0.5 0.5 0.5 0.5 0.5 0.5 0.78189814 
Car 0.5 3 0 687.8368 175.51422 706.23895 185.10371 0.5 0.5 0.5 0.5 0.5 0.5 0.5 0.75738555 
Pedestrian 0.5 3 0 1214.0378 192.78046 1241.6501 258.33066 0.5 0.5 0.5 0.5 0.5 0.5 0.5 0.7504681 
Car 0.5 3 0 1080.7766 165.58968 1106.1162 177.49768 0.5 0.5 0.5 0.5 0.5 0.5 0.5 0.71352416 
Car 0.5 3 0 687.2969 175.68465 713.0906 189.79607 0.5 0.5 0.5 0.5 0.5 0.5 0.5 0.6195604 
Car 0.5 3 0 916.62164 165.22137 938.52966 177.11093 0.5 0.5 0.5 0.5 0.5 0.5 0.5 0.60766137 
Car 0.5 3 0 874.8624 164.66983 915.2012 176.97305 0.5 0.5 0.5 0.5 0.5 0.5 0.5 0.59350854 
Car 0.5 3 0 987.66034 165.61453 1003.0929 178.58694 0.5 0.5 0.5 0.5 0.5 0.5 0.5 0.5922886 
Car 0.5 3 0 1027.8252 165.40732 1044.7483 179.05338 0.5 0.5 0.5 0.5 0.5 0.5 0.5 0.5012911 
