Car 0.5 3 0 1156.8396 188.82047 1196.2817 214.49791 0.5 0.5 0.5 0.5 0.5 0.5 0.5 0.986759 
Car 0.5 3 0 556.35596 191.77243 586.1471 216.93933 0.5 0.5 0.5 0.5 0.5 0.5 0.5 0.96678525 
Car 0.5 3 0 984.35474 186.56413 1015.36304 209.84875 0.5 0.5 0.5 0.5 0.5 0.5 0.5 0.9647584 
Car 0.5 3 0 1022.26184 187.0198 1051.5557 206.74686 0.5 0.5 0.5 0.5 0.5 0.5 0.5 0.9602562 
Car 0.5 3 0 1209.3214 192.07672 1241.7274 216.7199 0.5 0.5 0.5 0.5 0.5 0.5 0.5 0.9307559 
Car 0.5 3 0 1121.316 187.98782 1150.7302 212.02184 0.5 0.5 0.5 0.5 0.5 0.5 0.5 0.92849165 
Car 0.5 3 0 806.40314 178.20892 850.30786 200.06918 0.5 0.5 0.5 0.5 0.5 0.5 0.5 0.91351646 
Car 0.5 3 0 775.7411 181.70163 813.01483 198.75017 0.5 0.5 0.5 0.5 0.5 0.5 0.5 0.8961229 
Car 0.5 3 0 835.73 183.7502 872.4215 202.08963 0.5 0.5 0.5 0.5 0.5 0.5 0.5 0.87687683 
Car 0.5 3 0 1188.1935 187.8952 1221.7437 214.39249 0.5 0.5 0.5 0.5 0.5 0.5 0.5 0.84625626 
Car 0.5 3 0 260.70126 187.00171 289.8919 210.51898 0.5 0.5 0.5 0.5 0.5 0.5 0.5 0.8432804 
Car 0.5 3 0 725.1816 181.53607 761.1638 195.09245 0.5 0.5 0.5 0.5 0.5 0.5 0.5 0.8149945 
Car 0.5 3 0 663.02246 179.1837 693.46344 193.96542 0.5 0.5 0.5 0.5 0.5 0.5 0.5 0.8017639 
Car 0.5 3 0 914.04083 189.74129 945.57166 210.156 0.5 0.5 0.5 0.5 0.5 0.5 0.5 0.7590612 
Car 0.5 3 0 310.2793 183.30675 330.35632 196.18283 0.5 0.5 0.5 0.5 0.5 0.5 0.5 0.64974356 
Pedestrian 0.5 3 0 219.55229 203.08061 231.38466 233.38078 0.5 0.5 0.5 0.5 0.5 0.5 0.5 0.62205195 
Car 0.5 3 0 759.44604 183.28305 778.32104 197.5497 0.5 0.5 0.5 0.5 0.5 0.5 0.5 0.5834844 
Car 0.5 3 0 941.1173 188.03375 978.66425 213.51793 0.5 0.5 0.5 0.5 0.5 0.5 0.5 0.5411371 
Car 0.5 3 0 1049.3118 189.55367 1072.248 205.54948 0.5 0.5 0.5 0.5 0.5 0.5 0.5 0.53625005 
Car 0.5 3 0 742.26135 181.55617 764.045 194.13724 0.5 0.5 0.5 0.5 0.5 0.5 0.5 0.52187985 
