Car 0.5 3 0 637.98206 172.7493 709.59906 222.18613 0.5 0.5 0.5 0.5 0.5 0.5 0.5 0.98945767 
Car 0.5 3 0 470.8354 176.7411 579.0558 234.81386 0.5 0.5 0.5 0.5 0.5 0.5 0.5 0.9874758 
Car 0.5 3 0 1170.0509 155.74113 1201.4026 178.69772 0.5 0.5 0.5 0.5 0.5 0.5 0.5 0.98252827 
Car 0.5 3 0 1135.1852 157.87411 1171.8892 176.18874 0.5 0.5 0.5 0.5 0.5 0.5 0.5 0.97715557 
Car 0.5 3 0 446.81522 181.5345 480.63214 210.24171 0.5 0.5 0.5 0.5 0.5 0.5 0.5 0.975548 
Car 0.5 3 0 1201.8248 155.17244 1241.5986 174.38475 0.5 0.5 0.5 0.5 0.5 0.5 0.5 0.97223353 
Car 0.5 3 0 689.1461 172.58786 710.4514 192.44542 0.5 0.5 0.5 0.5 0.5 0.5 0.5 0.96537346 
Car 0.5 3 0 724.14233 170.00931 752.12695 193.93745 0.5 0.5 0.5 0.5 0.5 0.5 0.5 0.95863366 
Car 0.5 3 0 1043.9575 159.04906 1076.2833 176.91516 0.5 0.5 0.5 0.5 0.5 0.5 0.5 0.9502432 
Car 0.5 3 0 1104.704 159.54729 1137.1499 177.02339 0.5 0.5 0.5 0.5 0.5 0.5 0.5 0.9397632 
Car 0.5 3 0 826.44696 160.29654 876.259 173.2162 0.5 0.5 0.5 0.5 0.5 0.5 0.5 0.8896182 
Car 0.5 3 0 890.2867 156.6882 926.37646 173.78146 0.5 0.5 0.5 0.5 0.5 0.5 0.5 0.76643795 
Car 0.5 3 0 1034.5554 160.16382 1048.0902 175.23315 0.5 0.5 0.5 0.5 0.5 0.5 0.5 0.6986322 
Car 0.5 3 0 825.66907 161.35603 845.96155 171.30832 0.5 0.5 0.5 0.5 0.5 0.5 0.5 0.6902864 
Car 0.5 3 0 860.94006 160.3107 887.6974 172.92294 0.5 0.5 0.5 0.5 0.5 0.5 0.5 0.65741384 
Pedestrian 0.5 3 0 360.90497 186.82658 373.84467 218.04094 0.5 0.5 0.5 0.5 0.5 0.5 0.5 0.6486079 
