Car 0.5 3 0 493.62643 178.72372 527.07416 205.09879 0.5 0.5 0.5 0.5 0.5 0.5 0.5 0.9972946 
Car 0.5 3 0 42.59287 203.19391 96.79712 239.88852 0.5 0.5 0.5 0.5 0.5 0.5 0.5 0.9497705 
Car 0.5 3 0 448.41177 171.54758 474.39236 189.24336 0.5 0.5 0.5 0.5 0.5 0.5 0.5 0.90452504 
Car 0.5 3 0 94.653435 196.18002 127.697205 222.70338 0.5 0.5 0.5 0.5 0.5 0.5 0.5 0.805587 
Pedestrian 0.5 3 0 436.94885 178.83162 449.06314 207.85893 0.5 0.5 0.5 0.5 0.5 0.5 0.5 0.68437207 
Car 0.5 3 0 656.9239 171.18901 670.53613 180.7805 0.5 0.5 0.5 0.5 0.5 0.5 0.5 0.61906135 
Pedestrian 0.5 3 0 715.58887 164.8201 728.6145 197.35474 0.5 0.5 0.5 0.5 0.5 0.5 0.5 0.61791104 
Car 0.5 3 0 487.47058 171.7539 508.26636 186.88528 0.5 0.5 0.5 0.5 0.5 0.5 0.5 0.56072986 
Pedestrian 0.5 3 0 383.17548 192.17761 395.89334 225.2758 0.5 0.5 0.5 0.5 0.5 0.5 0.5 0.55317706 
Car 0.5 3 0 582.0076 171.23433 591.3908 180.71121 0.5 0.5 0.5 0.5 0.5 0.5 0.5 0.54478806 
