Car 0.5 3 0 339.42606 182.90854 414.50485 222.43843 0.5 0.5 0.5 0.5 0.5 0.5 0.5 0.99590164 
Car 0.5 3 0 613.8114 166.00204 700.1608 230.62321 0.5 0.5 0.5 0.5 0.5 0.5 0.5 0.9890521 
Car 0.5 3 0 1170.2573 155.99324 1202.185 178.02144 0.5 0.5 0.5 0.5 0.5 0.5 0.5 0.9792867 
Car 0.5 3 0 479.03436 181.83612 517.42334 207.32744 0.5 0.5 0.5 0.5 0.5 0.5 0.5 0.97841644 
Car 0.5 3 0 1136.2206 157.49 1172.3505 176.25296 0.5 0.5 0.5 0.5 0.5 0.5 0.5 0.97731256 
Car 0.5 3 0 1202.1157 155.49226 1241.4988 174.49197 0.5 0.5 0.5 0.5 0.5 0.5 0.5 0.9650863 
Car 0.5 3 0 538.3897 179.13615 561.53595 196.41951 0.5 0.5 0.5 0.5 0.5 0.5 0.5 0.9595789 
Car 0.5 3 0 689.504 171.66655 713.1514 188.74753 0.5 0.5 0.5 0.5 0.5 0.5 0.5 0.9516205 
Car 0.5 3 0 1104.4884 159.39919 1137.2599 177.19547 0.5 0.5 0.5 0.5 0.5 0.5 0.5 0.94410115 
Car 0.5 3 0 1044.0509 159.14038 1076.2997 176.84349 0.5 0.5 0.5 0.5 0.5 0.5 0.5 0.93848807 
Car 0.5 3 0 728.80133 171.28592 748.7317 186.95145 0.5 0.5 0.5 0.5 0.5 0.5 0.5 0.93487006 
Car 0.5 3 0 826.433 160.379 875.0644 173.3465 0.5 0.5 0.5 0.5 0.5 0.5 0.5 0.8878662 
Car 0.5 3 0 295.44205 192.98904 314.08374 208.31537 0.5 0.5 0.5 0.5 0.5 0.5 0.5 0.8840635 
Car 0.5 3 0 1034.0908 160.16206 1049.0636 175.8976 0.5 0.5 0.5 0.5 0.5 0.5 0.5 0.7819921 
Car 0.5 3 0 859.859 160.27054 888.2912 172.61789 0.5 0.5 0.5 0.5 0.5 0.5 0.5 0.7516066 
Car 0.5 3 0 890.05237 157.15355 925.23047 173.8331 0.5 0.5 0.5 0.5 0.5 0.5 0.5 0.7512648 
Car 0.5 3 0 330.8417 180.14218 350.70938 199.14832 0.5 0.5 0.5 0.5 0.5 0.5 0.5 0.7437544 
Car 0.5 3 0 706.82056 171.55855 720.34845 183.71365 0.5 0.5 0.5 0.5 0.5 0.5 0.5 0.7415555 
Car 0.5 3 0 825.5537 161.42911 845.90967 171.58173 0.5 0.5 0.5 0.5 0.5 0.5 0.5 0.7238505 
Car 0.5 3 0 506.57413 180.03134 537.182 199.80865 0.5 0.5 0.5 0.5 0.5 0.5 0.5 0.55898887 
