Car 0.5 3 0 208.06895 188.60555 339.45996 238.76068 0.5 0.5 0.5 0.5 0.5 0.5 0.5 0.9915633 
Car 0.5 3 0 1170.082 155.91058 1202.7308 177.98912 0.5 0.5 0.5 0.5 0.5 0.5 0.5 0.9775468 
Car 0.5 3 0 1136.1658 157.56615 1172.1094 176.12903 0.5 0.5 0.5 0.5 0.5 0.5 0.5 0.97226745 
Car 0.5 3 0 1201.9833 155.60603 1241.2948 174.56764 0.5 0.5 0.5 0.5 0.5 0.5 0.5 0.96162415 
Car 0.5 3 0 718.7513 171.91676 749.61414 196.31163 0.5 0.5 0.5 0.5 0.5 0.5 0.5 0.95868075 
Car 0.5 3 0 477.85855 176.2277 497.7391 193.00005 0.5 0.5 0.5 0.5 0.5 0.5 0.5 0.95373094 
Car 0.5 3 0 1104.2642 159.15198 1137.0583 177.16515 0.5 0.5 0.5 0.5 0.5 0.5 0.5 0.941531 
Car 0.5 3 0 414.5975 171.41527 479.04938 213.5557 0.5 0.5 0.5 0.5 0.5 0.5 0.5 0.93271226 
Car 0.5 3 0 1043.8541 159.25891 1074.7344 176.75388 0.5 0.5 0.5 0.5 0.5 0.5 0.5 0.9326316 
Car 0.5 3 0 826.8314 160.34995 875.1053 173.13148 0.5 0.5 0.5 0.5 0.5 0.5 0.5 0.87415063 
Car 0.5 3 0 890.42816 157.30196 924.9191 173.80812 0.5 0.5 0.5 0.5 0.5 0.5 0.5 0.7607427 
Car 0.5 3 0 1034.4003 160.5912 1049.18 176.05898 0.5 0.5 0.5 0.5 0.5 0.5 0.5 0.75635463 
Car 0.5 3 0 824.25757 161.21033 843.5126 171.96649 0.5 0.5 0.5 0.5 0.5 0.5 0.5 0.74640983 
Car 0.5 3 0 735.63007 166.90327 754.9511 183.2983 0.5 0.5 0.5 0.5 0.5 0.5 0.5 0.7428269 
Car 0.5 3 0 859.6244 160.2638 888.6781 172.66609 0.5 0.5 0.5 0.5 0.5 0.5 0.5 0.74166024 
Car 0.5 3 0 650.4396 170.52702 684.758 189.48428 0.5 0.5 0.5 0.5 0.5 0.5 0.5 0.729286 
Car 0.5 3 0 505.5072 169.07912 548.1705 202.1986 0.5 0.5 0.5 0.5 0.5 0.5 0.5 0.69010997 
Pedestrian 0.5 3 0 358.55362 186.62163 374.4706 218.74225 0.5 0.5 0.5 0.5 0.5 0.5 0.5 0.66845053 
Car 0.5 3 0 331.14978 179.06033 350.9445 198.12537 0.5 0.5 0.5 0.5 0.5 0.5 0.5 0.612524 
