Car 0.5 3 0 319.02994 187.34053 408.02005 231.80841 0.5 0.5 0.5 0.5 0.5 0.5 0.5 0.9808772 
Car 0.5 3 0 1154.4587 157.79033 1188.1599 177.86629 0.5 0.5 0.5 0.5 0.5 0.5 0.5 0.9796468 
Car 0.5 3 0 1186.528 156.03316 1239.8928 175.09096 0.5 0.5 0.5 0.5 0.5 0.5 0.5 0.96317315 
Car 0.5 3 0 1123.623 160.95404 1156.6859 179.35869 0.5 0.5 0.5 0.5 0.5 0.5 0.5 0.95965016 
Car 0.5 3 0 1093.4971 162.34341 1125.1398 178.913 0.5 0.5 0.5 0.5 0.5 0.5 0.5 0.95739084 
Car 0.5 3 0 659.6334 176.72502 715.8986 206.87491 0.5 0.5 0.5 0.5 0.5 0.5 0.5 0.9548792 
Car 0.5 3 0 1036.7389 162.14523 1067.5148 179.11115 0.5 0.5 0.5 0.5 0.5 0.5 0.5 0.9543715 
Car 0.5 3 0 729.42487 177.06932 749.38446 190.01088 0.5 0.5 0.5 0.5 0.5 0.5 0.5 0.9465611 
Car 0.5 3 0 1012.8402 163.36703 1039.7347 179.0534 0.5 0.5 0.5 0.5 0.5 0.5 0.5 0.9262105 
Car 0.5 3 0 829.4349 164.4555 858.481 177.54813 0.5 0.5 0.5 0.5 0.5 0.5 0.5 0.9139916 
Car 0.5 3 0 891.4233 162.63417 924.0999 177.71973 0.5 0.5 0.5 0.5 0.5 0.5 0.5 0.86428845 
Car 0.5 3 0 645.3879 177.88164 658.4117 188.15482 0.5 0.5 0.5 0.5 0.5 0.5 0.5 0.84727645 
Car 0.5 3 0 804.15546 163.79036 830.8924 177.58015 0.5 0.5 0.5 0.5 0.5 0.5 0.5 0.84595865 
Car 0.5 3 0 859.86523 164.01001 891.584 177.60303 0.5 0.5 0.5 0.5 0.5 0.5 0.5 0.7561656 
Car 0.5 3 0 981.81805 163.3248 1016.5126 181.41862 0.5 0.5 0.5 0.5 0.5 0.5 0.5 0.682085 
Car 0.5 3 0 837.68494 163.86783 886.09576 177.8031 0.5 0.5 0.5 0.5 0.5 0.5 0.5 0.57817256 
Car 0.5 3 0 626.9194 179.20355 637.91174 189.63103 0.5 0.5 0.5 0.5 0.5 0.5 0.5 0.5586748 
Car 0.5 3 0 694.942 175.34691 720.30194 203.48358 0.5 0.5 0.5 0.5 0.5 0.5 0.5 0.53708655 
Car 0.5 3 0 699.0381 174.17471 723.516 190.72147 0.5 0.5 0.5 0.5 0.5 0.5 0.5 0.51323116 
