Car 0.5 3 0 368.25247 178.19109 407.26157 201.30911 0.5 0.5 0.5 0.5 0.5 0.5 0.5 0.9410485 
Car 0.5 3 0 389.15256 174.59749 431.81107 197.4305 0.5 0.5 0.5 0.5 0.5 0.5 0.5 0.939475 
Pedestrian 0.5 3 0 681.7925 179.2611 701.6756 238.1738 0.5 0.5 0.5 0.5 0.5 0.5 0.5 0.89421666 
Pedestrian 0.5 3 0 789.6044 162.74971 806.2045 213.64293 0.5 0.5 0.5 0.5 0.5 0.5 0.5 0.8171371 
Car 0.5 3 0 433.76825 180.36052 451.41766 193.11363 0.5 0.5 0.5 0.5 0.5 0.5 0.5 0.79179144 
Car 0.5 3 0 412.72342 176.93053 433.2372 195.80884 0.5 0.5 0.5 0.5 0.5 0.5 0.5 0.7112648 
Car 0.5 3 0 667.8045 173.97104 690.9882 196.3731 0.5 0.5 0.5 0.5 0.5 0.5 0.5 0.7105289 
Car 0.5 3 0 476.5948 174.48085 491.5407 188.093 0.5 0.5 0.5 0.5 0.5 0.5 0.5 0.6821356 
Car 0.5 3 0 490.58203 178.30809 512.0558 188.78549 0.5 0.5 0.5 0.5 0.5 0.5 0.5 0.636293 
Pedestrian 0.5 3 0 242.83987 197.48402 260.8863 251.85742 0.5 0.5 0.5 0.5 0.5 0.5 0.5 0.62040794 
Car 0.5 3 0 579.0265 174.71043 595.15356 187.42676 0.5 0.5 0.5 0.5 0.5 0.5 0.5 0.61229247 
Car 0.5 3 0 309.66754 180.51901 392.48788 209.3831 0.5 0.5 0.5 0.5 0.5 0.5 0.5 0.573643 
Car 0.5 3 0 712.44635 173.5877 734.59045 185.75656 0.5 0.5 0.5 0.5 0.5 0.5 0.5 0.5209329 
Car 0.5 3 0 683.2528 168.58224 704.4917 180.42484 0.5 0.5 0.5 0.5 0.5 0.5 0.5 0.5007126 
