Car 0.5 3 0 1140.798 185.74306 1179.4519 209.64996 0.5 0.5 0.5 0.5 0.5 0.5 0.5 0.9844014 
Car 0.5 3 0 572.8886 190.31837 602.2457 215.49387 0.5 0.5 0.5 0.5 0.5 0.5 0.5 0.9784641 
Car 0.5 3 0 1185.939 187.70079 1235.4407 211.27667 0.5 0.5 0.5 0.5 0.5 0.5 0.5 0.973853 
Car 0.5 3 0 1098.0303 186.27592 1137.6152 209.26442 0.5 0.5 0.5 0.5 0.5 0.5 0.5 0.96776617 
Car 0.5 3 0 842.3793 179.72171 885.0063 200.84445 0.5 0.5 0.5 0.5 0.5 0.5 0.5 0.9619521 
Car 0.5 3 0 1018.4121 184.36298 1048.042 205.67404 0.5 0.5 0.5 0.5 0.5 0.5 0.5 0.9605655 
Car 0.5 3 0 980.59265 185.72258 1013.31793 206.65895 0.5 0.5 0.5 0.5 0.5 0.5 0.5 0.94554406 
Car 0.5 3 0 296.49557 188.05406 323.0078 210.23288 0.5 0.5 0.5 0.5 0.5 0.5 0.5 0.92145395 
Car 0.5 3 0 755.6441 180.38805 791.7218 195.3114 0.5 0.5 0.5 0.5 0.5 0.5 0.5 0.8744278 
Car 0.5 3 0 23.744764 207.29242 60.90211 227.12357 0.5 0.5 0.5 0.5 0.5 0.5 0.5 0.8660476 
Car 0.5 3 0 55.56809 202.2097 96.83933 221.75204 0.5 0.5 0.5 0.5 0.5 0.5 0.5 0.8344493 
Car 0.5 3 0 948.7741 184.1759 982.8376 206.31917 0.5 0.5 0.5 0.5 0.5 0.5 0.5 0.81762445 
Car 0.5 3 0 679.2811 177.89142 704.8456 192.33788 0.5 0.5 0.5 0.5 0.5 0.5 0.5 0.80947423 
Car 0.5 3 0 731.10736 181.31133 763.804 192.8944 0.5 0.5 0.5 0.5 0.5 0.5 0.5 0.8025229 
Car 0.5 3 0 107.94633 188.07207 149.79077 211.44785 0.5 0.5 0.5 0.5 0.5 0.5 0.5 0.7738341 
Car 0.5 3 0 1231.5358 193.80782 1242.0 207.56493 0.5 0.5 0.5 0.5 0.5 0.5 0.5 0.7045425 
Car 0.5 3 0 93.57416 190.18036 149.51627 230.38725 0.5 0.5 0.5 0.5 0.5 0.5 0.5 0.6901294 
Car 0.5 3 0 815.1781 177.5554 858.3103 197.51675 0.5 0.5 0.5 0.5 0.5 0.5 0.5 0.6771071 
Car 0.5 3 0 1047.503 188.21535 1065.4912 202.87721 0.5 0.5 0.5 0.5 0.5 0.5 0.5 0.627175 
Car 0.5 3 0 566.02246 181.41513 584.18274 203.51492 0.5 0.5 0.5 0.5 0.5 0.5 0.5 0.60994864 
Car 0.5 3 0 678.2523 180.45232 694.44464 192.6315 0.5 0.5 0.5 0.5 0.5 0.5 0.5 0.5853031 
Car 0.5 3 0 753.5506 180.86902 775.30475 193.4046 0.5 0.5 0.5 0.5 0.5 0.5 0.5 0.58436954 
Car 0.5 3 0 723.57794 180.9857 740.9095 191.27328 0.5 0.5 0.5 0.5 0.5 0.5 0.5 0.5415883 
Car 0.5 3 0 791.6031 179.62254 824.9667 196.7482 0.5 0.5 0.5 0.5 0.5 0.5 0.5 0.5220274 
