Car 0.5 3 0 583.706 180.70645 636.1211 198.98833 0.5 0.5 0.5 0.5 0.5 0.5 0.5 0.96275437 
Car 0.5 3 0 786.07025 179.69267 817.89233 196.94008 0.5 0.5 0.5 0.5 0.5 0.5 0.5 0.9406744 
Car 0.5 3 0 764.10925 179.91776 792.3551 193.33626 0.5 0.5 0.5 0.5 0.5 0.5 0.5 0.9130507 
Car 0.5 3 0 403.6551 181.18378 449.05978 204.41539 0.5 0.5 0.5 0.5 0.5 0.5 0.5 0.87728053 
Car 0.5 3 0 555.36523 179.78041 601.765 197.83913 0.5 0.5 0.5 0.5 0.5 0.5 0.5 0.86088 
Car 0.5 3 0 461.00415 181.279 501.49536 208.41705 0.5 0.5 0.5 0.5 0.5 0.5 0.5 0.84549695 
Pedestrian 0.5 3 0 823.6261 174.38403 841.11053 214.38242 0.5 0.5 0.5 0.5 0.5 0.5 0.5 0.8366956 
Car 0.5 3 0 847.8916 175.88434 878.1039 191.55437 0.5 0.5 0.5 0.5 0.5 0.5 0.5 0.8085975 
Car 0.5 3 0 285.0639 183.53229 372.7175 202.96165 0.5 0.5 0.5 0.5 0.5 0.5 0.5 0.78515804 
Car 0.5 3 0 691.37994 175.99539 730.6191 193.74818 0.5 0.5 0.5 0.5 0.5 0.5 0.5 0.77403826 
Car 0.5 3 0 763.865 180.91554 781.92664 191.13165 0.5 0.5 0.5 0.5 0.5 0.5 0.5 0.7512761 
Car 0.5 3 0 1.9521664 179.43056 67.8629 213.16106 0.5 0.5 0.5 0.5 0.5 0.5 0.5 0.72162074 
Car 0.5 3 0 832.33057 177.52022 853.7756 192.34457 0.5 0.5 0.5 0.5 0.5 0.5 0.5 0.7181063 
Car 0.5 3 0 86.20391 179.6373 125.261246 197.16922 0.5 0.5 0.5 0.5 0.5 0.5 0.5 0.55051416 
Car 0.5 3 0 872.43726 175.90079 891.1441 191.09706 0.5 0.5 0.5 0.5 0.5 0.5 0.5 0.5135489 
