Car 0.5 3 0 208.53137 187.35529 294.27548 241.74434 0.5 0.5 0.5 0.5 0.5 0.5 0.5 0.98939204 
Car 0.5 3 0 440.7152 174.391 527.50037 217.03596 0.5 0.5 0.5 0.5 0.5 0.5 0.5 0.98828727 
Car 0.5 3 0 159.28824 182.90459 267.50378 225.38289 0.5 0.5 0.5 0.5 0.5 0.5 0.5 0.9859947 
Car 0.5 3 0 575.92706 175.31801 627.4128 202.7249 0.5 0.5 0.5 0.5 0.5 0.5 0.5 0.97209316 
Car 0.5 3 0 708.46497 170.87148 731.2044 188.5737 0.5 0.5 0.5 0.5 0.5 0.5 0.5 0.9595906 
Car 0.5 3 0 1119.3165 161.2785 1149.8949 172.46106 0.5 0.5 0.5 0.5 0.5 0.5 0.5 0.9202354 
Car 0.5 3 0 828.4363 161.0893 859.93164 173.4028 0.5 0.5 0.5 0.5 0.5 0.5 0.5 0.90942216 
Car 0.5 3 0 1183.6064 157.94778 1220.1952 172.85513 0.5 0.5 0.5 0.5 0.5 0.5 0.5 0.9075363 
Car 0.5 3 0 556.05273 169.23483 588.78217 194.48482 0.5 0.5 0.5 0.5 0.5 0.5 0.5 0.8975133 
Car 0.5 3 0 723.4009 167.12302 746.31104 184.84436 0.5 0.5 0.5 0.5 0.5 0.5 0.5 0.88678086 
Car 0.5 3 0 1100.8159 159.7647 1124.3103 172.73201 0.5 0.5 0.5 0.5 0.5 0.5 0.5 0.8808855 
Car 0.5 3 0 1062.6046 160.96812 1082.7731 172.94112 0.5 0.5 0.5 0.5 0.5 0.5 0.5 0.7738986 
Pedestrian 0.5 3 0 788.31555 151.54956 799.60114 185.11975 0.5 0.5 0.5 0.5 0.5 0.5 0.5 0.72541183 
Car 0.5 3 0 1079.8685 162.0108 1103.1204 173.57306 0.5 0.5 0.5 0.5 0.5 0.5 0.5 0.7086549 
Car 0.5 3 0 679.0313 172.84201 694.2962 181.70546 0.5 0.5 0.5 0.5 0.5 0.5 0.5 0.690536 
Car 0.5 3 0 976.0203 160.04704 1020.8631 174.68051 0.5 0.5 0.5 0.5 0.5 0.5 0.5 0.6842096 
Car 0.5 3 0 697.6083 171.64584 708.714 180.63512 0.5 0.5 0.5 0.5 0.5 0.5 0.5 0.66948587 
Car 0.5 3 0 872.26086 161.60796 911.2375 173.51057 0.5 0.5 0.5 0.5 0.5 0.5 0.5 0.6553427 
Car 0.5 3 0 1148.1528 160.11731 1172.3799 171.87921 0.5 0.5 0.5 0.5 0.5 0.5 0.5 0.63066566 
Car 0.5 3 0 911.0479 161.78001 929.5133 172.96843 0.5 0.5 0.5 0.5 0.5 0.5 0.5 0.59610593 
Car 0.5 3 0 997.6486 161.06976 1020.9622 173.47305 0.5 0.5 0.5 0.5 0.5 0.5 0.5 0.5673467 
Car 0.5 3 0 624.0483 174.2328 641.29987 187.1806 0.5 0.5 0.5 0.5 0.5 0.5 0.5 0.536271 
Car 0.5 3 0 428.0442 184.75117 440.4682 198.48242 0.5 0.5 0.5 0.5 0.5 0.5 0.5 0.5291213 
