Car 0.5 3 0 479.90497 180.33606 581.78186 232.07846 0.5 0.5 0.5 0.5 0.5 0.5 0.5 0.9977648 
Car 0.5 3 0 0.71074563 198.27956 102.83131 265.59747 0.5 0.5 0.5 0.5 0.5 0.5 0.5 0.9859694 
Car 0.5 3 0 1170.3083 156.01033 1202.3678 177.71974 0.5 0.5 0.5 0.5 0.5 0.5 0.5 0.9752425 
Car 0.5 3 0 1136.3722 157.30354 1173.1129 176.17213 0.5 0.5 0.5 0.5 0.5 0.5 0.5 0.9739145 
Car 0.5 3 0 1201.631 155.02457 1241.4844 174.27217 0.5 0.5 0.5 0.5 0.5 0.5 0.5 0.9605629 
Car 0.5 3 0 672.34576 172.33922 701.7742 195.88565 0.5 0.5 0.5 0.5 0.5 0.5 0.5 0.95465076 
Car 0.5 3 0 1104.7015 159.44824 1136.919 177.24341 0.5 0.5 0.5 0.5 0.5 0.5 0.5 0.9435569 
Car 0.5 3 0 1044.6222 159.17812 1075.3401 176.85999 0.5 0.5 0.5 0.5 0.5 0.5 0.5 0.92648333 
Car 0.5 3 0 826.91583 160.2643 875.5068 173.19846 0.5 0.5 0.5 0.5 0.5 0.5 0.5 0.8840641 
Car 0.5 3 0 693.04425 171.43895 713.5628 192.22649 0.5 0.5 0.5 0.5 0.5 0.5 0.5 0.8375881 
Car 0.5 3 0 1033.9374 160.13972 1048.4841 176.05458 0.5 0.5 0.5 0.5 0.5 0.5 0.5 0.789792 
Car 0.5 3 0 890.4416 156.63342 925.48303 173.83817 0.5 0.5 0.5 0.5 0.5 0.5 0.5 0.755132 
Car 0.5 3 0 825.7729 161.20752 845.6885 171.39337 0.5 0.5 0.5 0.5 0.5 0.5 0.5 0.7321817 
Car 0.5 3 0 859.6161 159.98 887.8989 172.26671 0.5 0.5 0.5 0.5 0.5 0.5 0.5 0.7234471 
Car 0.5 3 0 284.01163 161.12181 407.2576 229.13852 0.5 0.5 0.5 0.5 0.5 0.5 0.5 0.6723538 
Car 0.5 3 0 640.1703 164.82372 665.78235 182.85602 0.5 0.5 0.5 0.5 0.5 0.5 0.5 0.59342164 
Car 0.5 3 0 969.1699 161.52814 999.5909 177.27939 0.5 0.5 0.5 0.5 0.5 0.5 0.5 0.5259498 
