Pedestrian 0.5 3 0 1006.50214 151.5274 1078.4214 293.27878 0.5 0.5 0.5 0.5 0.5 0.5 0.5 0.9926541 
Car 0.5 3 0 1026.1255 174.69159 1240.3229 368.8647 0.5 0.5 0.5 0.5 0.5 0.5 0.5 0.99030465 
Car 0.5 3 0 6.9799323 170.86447 112.084335 220.63779 0.5 0.5 0.5 0.5 0.5 0.5 0.5 0.9504567 
Car 0.5 3 0 0.40880254 173.07933 51.29068 220.0696 0.5 0.5 0.5 0.5 0.5 0.5 0.5 0.9386521 
Car 0.5 3 0 87.51228 170.67783 176.68118 210.7238 0.5 0.5 0.5 0.5 0.5 0.5 0.5 0.9352381 
Pedestrian 0.5 3 0 1072.2278 166.4502 1112.782 217.14604 0.5 0.5 0.5 0.5 0.5 0.5 0.5 0.9069283 
Car 0.5 3 0 663.75 167.1565 694.03156 177.8285 0.5 0.5 0.5 0.5 0.5 0.5 0.5 0.906476 
Car 0.5 3 0 178.76082 175.68117 232.54648 188.75417 0.5 0.5 0.5 0.5 0.5 0.5 0.5 0.8999345 
Pedestrian 0.5 3 0 504.67136 167.23976 517.5158 204.58217 0.5 0.5 0.5 0.5 0.5 0.5 0.5 0.8537005 
Car 0.5 3 0 299.04584 174.96397 343.60876 189.73082 0.5 0.5 0.5 0.5 0.5 0.5 0.5 0.84017926 
Pedestrian 0.5 3 0 577.75745 168.6374 588.42926 199.57552 0.5 0.5 0.5 0.5 0.5 0.5 0.5 0.78652835 
Car 0.5 3 0 722.24963 168.52737 760.3853 181.39816 0.5 0.5 0.5 0.5 0.5 0.5 0.5 0.7387058 
Car 0.5 3 0 267.3531 168.41203 302.3914 184.18709 0.5 0.5 0.5 0.5 0.5 0.5 0.5 0.65523344 
Pedestrian 0.5 3 0 592.2112 168.71046 603.30963 198.81148 0.5 0.5 0.5 0.5 0.5 0.5 0.5 0.6230509 
