Car 0.5 3 0 182.39215 189.26353 422.76743 284.77872 0.5 0.5 0.5 0.5 0.5 0.5 0.5 0.99085546 
Car 0.5 3 0 482.8536 180.41016 624.441 266.72424 0.5 0.5 0.5 0.5 0.5 0.5 0.5 0.98567814 
Car 0.5 3 0 1136.1613 157.72021 1172.3386 176.21677 0.5 0.5 0.5 0.5 0.5 0.5 0.5 0.9797593 
Car 0.5 3 0 1170.2998 156.0661 1201.7712 177.99255 0.5 0.5 0.5 0.5 0.5 0.5 0.5 0.97589225 
Car 0.5 3 0 1201.9052 155.11107 1241.3018 174.23705 0.5 0.5 0.5 0.5 0.5 0.5 0.5 0.96494603 
Car 0.5 3 0 1104.4358 159.3279 1136.9668 177.16838 0.5 0.5 0.5 0.5 0.5 0.5 0.5 0.9390907 
Car 0.5 3 0 1044.2281 159.15729 1075.7908 176.89673 0.5 0.5 0.5 0.5 0.5 0.5 0.5 0.9386459 
Car 0.5 3 0 708.2668 170.03322 745.3224 200.91219 0.5 0.5 0.5 0.5 0.5 0.5 0.5 0.9333995 
Car 0.5 3 0 673.2183 174.21269 701.7544 195.80844 0.5 0.5 0.5 0.5 0.5 0.5 0.5 0.92671967 
Car 0.5 3 0 826.36554 160.28075 877.1813 173.14606 0.5 0.5 0.5 0.5 0.5 0.5 0.5 0.890951 
Car 0.5 3 0 888.72815 158.4035 923.93304 173.96819 0.5 0.5 0.5 0.5 0.5 0.5 0.5 0.829233 
Car 0.5 3 0 1033.962 160.00804 1048.8104 176.18484 0.5 0.5 0.5 0.5 0.5 0.5 0.5 0.7846398 
Car 0.5 3 0 475.53027 179.98775 506.76413 207.53235 0.5 0.5 0.5 0.5 0.5 0.5 0.5 0.71552724 
Car 0.5 3 0 697.8278 171.75552 711.81 183.80376 0.5 0.5 0.5 0.5 0.5 0.5 0.5 0.7008315 
Car 0.5 3 0 825.7386 161.30408 846.1472 171.32549 0.5 0.5 0.5 0.5 0.5 0.5 0.5 0.66796523 
Car 0.5 3 0 969.26544 161.60767 999.75946 177.90329 0.5 0.5 0.5 0.5 0.5 0.5 0.5 0.646226 
Car 0.5 3 0 861.577 160.36624 887.5562 172.8491 0.5 0.5 0.5 0.5 0.5 0.5 0.5 0.6111125 
