Car 0.5 3 0 152.9591 188.80656 304.75824 246.44402 0.5 0.5 0.5 0.5 0.5 0.5 0.5 0.9946242 
Car 0.5 3 0 721.3409 169.00346 751.80646 194.2198 0.5 0.5 0.5 0.5 0.5 0.5 0.5 0.97407 
Car 0.5 3 0 1136.3207 157.72543 1172.0839 175.92043 0.5 0.5 0.5 0.5 0.5 0.5 0.5 0.973367 
Car 0.5 3 0 1170.1873 155.66379 1203.032 178.15376 0.5 0.5 0.5 0.5 0.5 0.5 0.5 0.97062194 
Car 0.5 3 0 1202.1946 155.89395 1241.258 174.36461 0.5 0.5 0.5 0.5 0.5 0.5 0.5 0.96203613 
Car 0.5 3 0 1043.9535 159.15248 1074.789 176.8336 0.5 0.5 0.5 0.5 0.5 0.5 0.5 0.940057 
Car 0.5 3 0 1104.4346 159.37306 1137.2947 177.10735 0.5 0.5 0.5 0.5 0.5 0.5 0.5 0.93661034 
Car 0.5 3 0 826.5393 160.3152 876.7582 173.0931 0.5 0.5 0.5 0.5 0.5 0.5 0.5 0.90791696 
Car 0.5 3 0 392.93222 170.62047 466.25528 216.56699 0.5 0.5 0.5 0.5 0.5 0.5 0.5 0.88381 
Car 0.5 3 0 475.98553 174.50189 497.2704 191.48848 0.5 0.5 0.5 0.5 0.5 0.5 0.5 0.8737657 
Car 0.5 3 0 496.8859 167.08371 542.3793 204.01115 0.5 0.5 0.5 0.5 0.5 0.5 0.5 0.83424103 
Car 0.5 3 0 1034.5302 160.40222 1049.2106 176.08444 0.5 0.5 0.5 0.5 0.5 0.5 0.5 0.7764245 
Car 0.5 3 0 890.44226 157.12265 925.4749 173.93628 0.5 0.5 0.5 0.5 0.5 0.5 0.5 0.7679232 
Car 0.5 3 0 731.62695 167.5154 752.62866 179.26799 0.5 0.5 0.5 0.5 0.5 0.5 0.5 0.7327452 
Car 0.5 3 0 825.69336 161.40291 845.8234 171.28867 0.5 0.5 0.5 0.5 0.5 0.5 0.5 0.6941116 
Car 0.5 3 0 330.84592 180.1816 350.25537 198.35641 0.5 0.5 0.5 0.5 0.5 0.5 0.5 0.6748153 
Pedestrian 0.5 3 0 359.27225 188.32112 373.56296 218.81468 0.5 0.5 0.5 0.5 0.5 0.5 0.5 0.60423905 
Car 0.5 3 0 860.73236 160.3453 887.735 172.94345 0.5 0.5 0.5 0.5 0.5 0.5 0.5 0.59007347 
Car 0.5 3 0 297.53525 193.01572 315.4938 206.8738 0.5 0.5 0.5 0.5 0.5 0.5 0.5 0.5756473 
Car 0.5 3 0 647.9532 169.93788 681.0612 187.86688 0.5 0.5 0.5 0.5 0.5 0.5 0.5 0.5708814 
