Car 0.5 3 0 418.97577 182.85536 544.0773 244.7154 0.5 0.5 0.5 0.5 0.5 0.5 0.5 0.99637824 
Car 0.5 3 0 75.35089 192.21869 232.58597 256.95224 0.5 0.5 0.5 0.5 0.5 0.5 0.5 0.98896515 
Car 0.5 3 0 693.31757 172.33043 713.17615 191.0128 0.5 0.5 0.5 0.5 0.5 0.5 0.5 0.98558307 
Car 0.5 3 0 661.0883 172.41965 696.3848 197.95293 0.5 0.5 0.5 0.5 0.5 0.5 0.5 0.9825507 
Car 0.5 3 0 1169.8408 156.09242 1201.8622 178.04117 0.5 0.5 0.5 0.5 0.5 0.5 0.5 0.97854704 
Car 0.5 3 0 1135.0863 157.12744 1172.2526 176.3692 0.5 0.5 0.5 0.5 0.5 0.5 0.5 0.9669105 
Car 0.5 3 0 1201.6703 155.25827 1241.4996 174.32222 0.5 0.5 0.5 0.5 0.5 0.5 0.5 0.96027565 
Car 0.5 3 0 1104.499 159.05461 1137.7407 177.22664 0.5 0.5 0.5 0.5 0.5 0.5 0.5 0.9471006 
Car 0.5 3 0 1043.4683 159.30728 1077.2438 176.82019 0.5 0.5 0.5 0.5 0.5 0.5 0.5 0.9176096 
Car 0.5 3 0 827.2892 160.50844 873.0526 173.50081 0.5 0.5 0.5 0.5 0.5 0.5 0.5 0.877156 
Car 0.5 3 0 295.33548 193.12012 315.30707 208.3311 0.5 0.5 0.5 0.5 0.5 0.5 0.5 0.8731967 
Car 0.5 3 0 859.8075 160.11665 888.5183 173.13388 0.5 0.5 0.5 0.5 0.5 0.5 0.5 0.7953888 
Car 0.5 3 0 1034.6868 160.21559 1049.1987 175.40329 0.5 0.5 0.5 0.5 0.5 0.5 0.5 0.7603859 
Car 0.5 3 0 825.5807 161.64748 845.821 171.64474 0.5 0.5 0.5 0.5 0.5 0.5 0.5 0.73720866 
Car 0.5 3 0 889.6213 157.11696 922.99066 173.57817 0.5 0.5 0.5 0.5 0.5 0.5 0.5 0.7233004 
Car 0.5 3 0 618.8395 175.0334 631.80206 183.74637 0.5 0.5 0.5 0.5 0.5 0.5 0.5 0.7144102 
Car 0.5 3 0 969.0778 161.55402 1001.57104 178.01059 0.5 0.5 0.5 0.5 0.5 0.5 0.5 0.7006047 
Car 0.5 3 0 331.9955 179.52884 348.8391 198.57616 0.5 0.5 0.5 0.5 0.5 0.5 0.5 0.69824266 
Car 0.5 3 0 313.24786 191.26196 332.16238 204.26248 0.5 0.5 0.5 0.5 0.5 0.5 0.5 0.6166221 
Car 0.5 3 0 835.49384 161.79086 859.636 172.85553 0.5 0.5 0.5 0.5 0.5 0.5 0.5 0.56184465 
