Car 0.5 3 0 352.55548 186.84442 446.91547 248.7325 0.5 0.5 0.5 0.5 0.5 0.5 0.5 0.99470216 
Pedestrian 0.5 3 0 224.8311 207.92102 245.84616 263.10776 0.5 0.5 0.5 0.5 0.5 0.5 0.5 0.9801769 
Pedestrian 0.5 3 0 740.94165 167.84352 755.9396 204.34035 0.5 0.5 0.5 0.5 0.5 0.5 0.5 0.9443993 
Car 0.5 3 0 412.36868 172.61186 451.39963 192.70541 0.5 0.5 0.5 0.5 0.5 0.5 0.5 0.9242908 
Pedestrian 0.5 3 0 681.5429 180.54483 698.2114 228.8709 0.5 0.5 0.5 0.5 0.5 0.5 0.5 0.89528733 
Car 0.5 3 0 470.99265 176.24893 484.08002 184.85481 0.5 0.5 0.5 0.5 0.5 0.5 0.5 0.7532919 
Car 0.5 3 0 358.30777 177.73807 379.7536 197.25717 0.5 0.5 0.5 0.5 0.5 0.5 0.5 0.7156598 
Pedestrian 0.5 3 0 652.2208 172.82535 674.8979 213.90431 0.5 0.5 0.5 0.5 0.5 0.5 0.5 0.6953522 
Car 0.5 3 0 657.81714 173.61752 676.6087 187.2773 0.5 0.5 0.5 0.5 0.5 0.5 0.5 0.54452467 
Car 0.5 3 0 407.87604 174.40408 443.80457 200.6202 0.5 0.5 0.5 0.5 0.5 0.5 0.5 0.5100233 
