Car 0.5 3 0 483.82697 181.36473 624.5091 257.05487 0.5 0.5 0.5 0.5 0.5 0.5 0.5 0.99024886 
Car 0.5 3 0 1170.7241 156.45949 1200.2797 178.19923 0.5 0.5 0.5 0.5 0.5 0.5 0.5 0.98291343 
Car 0.5 3 0 1136.4863 157.80452 1172.4177 175.94511 0.5 0.5 0.5 0.5 0.5 0.5 0.5 0.9750949 
Car 0.5 3 0 616.08264 170.56023 667.2854 208.24803 0.5 0.5 0.5 0.5 0.5 0.5 0.5 0.97212857 
Car 0.5 3 0 1201.6672 154.87366 1241.6078 174.28793 0.5 0.5 0.5 0.5 0.5 0.5 0.5 0.9666235 
Car 0.5 3 0 692.02277 172.60265 714.3071 189.2643 0.5 0.5 0.5 0.5 0.5 0.5 0.5 0.95451194 
Car 0.5 3 0 1104.9979 159.00882 1136.5691 177.241 0.5 0.5 0.5 0.5 0.5 0.5 0.5 0.94179165 
Car 0.5 3 0 1044.218 159.17676 1076.4033 176.72726 0.5 0.5 0.5 0.5 0.5 0.5 0.5 0.927634 
Car 0.5 3 0 826.6514 160.29451 877.03314 173.18001 0.5 0.5 0.5 0.5 0.5 0.5 0.5 0.89674133 
Car 0.5 3 0 295.55893 192.99773 314.15634 207.97017 0.5 0.5 0.5 0.5 0.5 0.5 0.5 0.8919946 
Car 0.5 3 0 1034.2634 160.06776 1049.1183 175.96498 0.5 0.5 0.5 0.5 0.5 0.5 0.5 0.7956909 
Car 0.5 3 0 674.2026 173.76518 690.28723 185.53754 0.5 0.5 0.5 0.5 0.5 0.5 0.5 0.790505 
Car 0.5 3 0 890.1312 156.71985 925.42413 173.99484 0.5 0.5 0.5 0.5 0.5 0.5 0.5 0.71980083 
Car 0.5 3 0 330.4981 179.21216 350.97366 198.21149 0.5 0.5 0.5 0.5 0.5 0.5 0.5 0.70269173 
Car 0.5 3 0 825.7175 161.34227 845.86975 171.37877 0.5 0.5 0.5 0.5 0.5 0.5 0.5 0.6990612 
Car 0.5 3 0 861.22046 160.35646 887.6953 172.80763 0.5 0.5 0.5 0.5 0.5 0.5 0.5 0.66418153 
Car 0.5 3 0 968.64386 161.56293 999.7571 177.57635 0.5 0.5 0.5 0.5 0.5 0.5 0.5 0.5741336 
Car 0.5 3 0 312.77432 191.25775 332.57825 204.30682 0.5 0.5 0.5 0.5 0.5 0.5 0.5 0.51873076 
