Car 0.5 3 0 0.0 204.38249 266.27863 333.2592 0.5 0.5 0.5 0.5 0.5 0.5 0.5 0.9977101 
Car 0.5 3 0 388.08163 181.77757 450.0645 214.94768 0.5 0.5 0.5 0.5 0.5 0.5 0.5 0.9957009 
Car 0.5 3 0 595.88226 173.46199 654.86646 209.44568 0.5 0.5 0.5 0.5 0.5 0.5 0.5 0.99564606 
Car 0.5 3 0 726.40234 169.64633 750.8942 189.88646 0.5 0.5 0.5 0.5 0.5 0.5 0.5 0.98617977 
Car 0.5 3 0 1199.4034 153.18752 1240.3435 172.94785 0.5 0.5 0.5 0.5 0.5 0.5 0.5 0.9782507 
Car 0.5 3 0 1168.3179 154.25438 1200.1498 173.96123 0.5 0.5 0.5 0.5 0.5 0.5 0.5 0.9772389 
Car 0.5 3 0 1043.8655 157.07922 1073.6985 175.26486 0.5 0.5 0.5 0.5 0.5 0.5 0.5 0.960185 
Car 0.5 3 0 0.0 187.62947 86.60316 223.46579 0.5 0.5 0.5 0.5 0.5 0.5 0.5 0.94841087 
Car 0.5 3 0 1133.5858 154.17186 1172.3033 174.55225 0.5 0.5 0.5 0.5 0.5 0.5 0.5 0.9460881 
Car 0.5 3 0 1103.7853 157.44913 1135.3499 175.28899 0.5 0.5 0.5 0.5 0.5 0.5 0.5 0.9403971 
Car 0.5 3 0 299.13947 191.3134 318.60385 204.99284 0.5 0.5 0.5 0.5 0.5 0.5 0.5 0.9294785 
Car 0.5 3 0 831.74634 157.43137 886.71405 171.75412 0.5 0.5 0.5 0.5 0.5 0.5 0.5 0.8771232 
Car 0.5 3 0 1020.5555 158.08571 1047.2068 173.60739 0.5 0.5 0.5 0.5 0.5 0.5 0.5 0.84099156 
Car 0.5 3 0 890.31836 155.56023 925.8939 172.23056 0.5 0.5 0.5 0.5 0.5 0.5 0.5 0.84085566 
Car 0.5 3 0 358.63205 180.52185 394.025 201.34825 0.5 0.5 0.5 0.5 0.5 0.5 0.5 0.81602365 
Car 0.5 3 0 826.1408 158.88083 858.18097 171.02563 0.5 0.5 0.5 0.5 0.5 0.5 0.5 0.7858148 
Car 0.5 3 0 334.33545 176.8393 353.82587 196.4558 0.5 0.5 0.5 0.5 0.5 0.5 0.5 0.7392067 
Car 0.5 3 0 947.3391 169.07008 968.07245 178.20651 0.5 0.5 0.5 0.5 0.5 0.5 0.5 0.63368887 
Car 0.5 3 0 636.86237 172.81636 651.32983 182.45978 0.5 0.5 0.5 0.5 0.5 0.5 0.5 0.5793643 
Car 0.5 3 0 459.81882 162.96442 526.0835 206.99155 0.5 0.5 0.5 0.5 0.5 0.5 0.5 0.5385856 
