Car 0.5 3 0 255.27655 190.50009 406.19244 251.66246 0.5 0.5 0.5 0.5 0.5 0.5 0.5 0.99630886 
Car 0.5 3 0 497.46283 176.45082 575.8145 217.68039 0.5 0.5 0.5 0.5 0.5 0.5 0.5 0.99351585 
Car 0.5 3 0 2.9084382 183.04669 164.54477 259.1012 0.5 0.5 0.5 0.5 0.5 0.5 0.5 0.9917998 
Car 0.5 3 0 594.72437 172.37723 643.52826 202.2206 0.5 0.5 0.5 0.5 0.5 0.5 0.5 0.9908693 
Car 0.5 3 0 734.64996 167.6554 754.51746 184.58 0.5 0.5 0.5 0.5 0.5 0.5 0.5 0.9883957 
Car 0.5 3 0 1100.8099 152.55908 1130.8982 167.92647 0.5 0.5 0.5 0.5 0.5 0.5 0.5 0.9560713 
Car 0.5 3 0 1205.5134 149.91719 1239.2754 165.95744 0.5 0.5 0.5 0.5 0.5 0.5 0.5 0.9348075 
Car 0.5 3 0 683.57654 170.69135 708.1121 189.97519 0.5 0.5 0.5 0.5 0.5 0.5 0.5 0.9156436 
Car 0.5 3 0 794.00134 159.12048 820.6449 171.06906 0.5 0.5 0.5 0.5 0.5 0.5 0.5 0.91547185 
Car 0.5 3 0 395.22424 171.49106 468.6383 210.13727 0.5 0.5 0.5 0.5 0.5 0.5 0.5 0.9097858 
Car 0.5 3 0 1052.2488 155.22523 1078.1814 171.74991 0.5 0.5 0.5 0.5 0.5 0.5 0.5 0.898758 
Car 0.5 3 0 699.27637 166.5012 721.2932 186.22546 0.5 0.5 0.5 0.5 0.5 0.5 0.5 0.88616586 
Car 0.5 3 0 1164.4113 152.29991 1194.2716 165.30396 0.5 0.5 0.5 0.5 0.5 0.5 0.5 0.86351216 
Car 0.5 3 0 985.17566 156.88414 1007.36804 170.0312 0.5 0.5 0.5 0.5 0.5 0.5 0.5 0.85067004 
Car 0.5 3 0 1128.4769 153.6763 1166.777 167.01373 0.5 0.5 0.5 0.5 0.5 0.5 0.5 0.8302248 
Car 0.5 3 0 1192.8713 150.59015 1213.0768 165.55334 0.5 0.5 0.5 0.5 0.5 0.5 0.5 0.7340901 
Car 0.5 3 0 655.61633 172.4398 669.6332 181.3806 0.5 0.5 0.5 0.5 0.5 0.5 0.5 0.68806976 
Car 0.5 3 0 838.5241 158.88535 879.2725 171.82147 0.5 0.5 0.5 0.5 0.5 0.5 0.5 0.68228596 
Car 0.5 3 0 561.8391 174.95532 595.5189 195.49573 0.5 0.5 0.5 0.5 0.5 0.5 0.5 0.58863646 
Car 0.5 3 0 379.87286 179.09578 401.57266 198.18657 0.5 0.5 0.5 0.5 0.5 0.5 0.5 0.5640273 
Car 0.5 3 0 1006.12646 157.66553 1033.3483 172.8629 0.5 0.5 0.5 0.5 0.5 0.5 0.5 0.50422496 
