Car 0.5 3 0 297.5525 183.71698 384.9277 229.63048 0.5 0.5 0.5 0.5 0.5 0.5 0.5 0.9963385 
Car 0.5 3 0 1.7012486 166.41072 240.6355 369.0309 0.5 0.5 0.5 0.5 0.5 0.5 0.5 0.99093306 
Car 0.5 3 0 1170.1741 156.01721 1201.3412 178.31303 0.5 0.5 0.5 0.5 0.5 0.5 0.5 0.9783779 
Car 0.5 3 0 1136.0515 157.45158 1172.3682 176.1698 0.5 0.5 0.5 0.5 0.5 0.5 0.5 0.9759773 
Car 0.5 3 0 652.9372 166.51772 717.17737 217.37819 0.5 0.5 0.5 0.5 0.5 0.5 0.5 0.9725071 
Car 0.5 3 0 533.85614 179.72122 561.0561 197.39551 0.5 0.5 0.5 0.5 0.5 0.5 0.5 0.96705866 
Car 0.5 3 0 457.41467 179.82097 511.45667 209.24846 0.5 0.5 0.5 0.5 0.5 0.5 0.5 0.9668324 
Car 0.5 3 0 1202.1796 155.94771 1241.182 174.3532 0.5 0.5 0.5 0.5 0.5 0.5 0.5 0.9641419 
Car 0.5 3 0 1104.4796 159.42497 1137.0802 177.15921 0.5 0.5 0.5 0.5 0.5 0.5 0.5 0.9435545 
Car 0.5 3 0 1043.9001 159.11516 1076.8817 177.00502 0.5 0.5 0.5 0.5 0.5 0.5 0.5 0.9377552 
Car 0.5 3 0 727.4339 170.55684 744.38525 185.98354 0.5 0.5 0.5 0.5 0.5 0.5 0.5 0.90407544 
Car 0.5 3 0 826.1829 160.31802 875.5363 173.35475 0.5 0.5 0.5 0.5 0.5 0.5 0.5 0.90048194 
Car 0.5 3 0 888.9966 158.43556 923.06647 173.92511 0.5 0.5 0.5 0.5 0.5 0.5 0.5 0.8080951 
Car 0.5 3 0 1034.4431 160.06139 1049.0931 175.9936 0.5 0.5 0.5 0.5 0.5 0.5 0.5 0.75401455 
Car 0.5 3 0 859.82 160.19753 888.8427 172.68904 0.5 0.5 0.5 0.5 0.5 0.5 0.5 0.74767876 
Car 0.5 3 0 825.7035 161.34683 845.88965 171.44525 0.5 0.5 0.5 0.5 0.5 0.5 0.5 0.73403215 
Car 0.5 3 0 295.88556 193.48106 312.7238 208.78862 0.5 0.5 0.5 0.5 0.5 0.5 0.5 0.566689 
