Car 0.5 3 0 515.88214 175.34634 605.05255 225.34091 0.5 0.5 0.5 0.5 0.5 0.5 0.5 0.99054235 
Car 0.5 3 0 660.3035 171.1629 721.78174 216.24417 0.5 0.5 0.5 0.5 0.5 0.5 0.5 0.9904937 
Car 0.5 3 0 435.0896 182.68256 480.7753 212.00534 0.5 0.5 0.5 0.5 0.5 0.5 0.5 0.98097926 
Car 0.5 3 0 1170.1599 155.85522 1202.4355 177.951 0.5 0.5 0.5 0.5 0.5 0.5 0.5 0.9794638 
Car 0.5 3 0 1201.9714 155.15721 1241.6902 174.38104 0.5 0.5 0.5 0.5 0.5 0.5 0.5 0.97499156 
Car 0.5 3 0 1136.3832 157.97847 1172.0841 175.94092 0.5 0.5 0.5 0.5 0.5 0.5 0.5 0.97291744 
Car 0.5 3 0 728.33435 169.35628 754.41504 193.1796 0.5 0.5 0.5 0.5 0.5 0.5 0.5 0.9620045 
Car 0.5 3 0 1104.594 159.50356 1137.1519 177.1126 0.5 0.5 0.5 0.5 0.5 0.5 0.5 0.9427121 
Car 0.5 3 0 1043.9802 159.11507 1076.3599 176.97343 0.5 0.5 0.5 0.5 0.5 0.5 0.5 0.9366629 
Car 0.5 3 0 477.5444 175.94052 497.515 193.07646 0.5 0.5 0.5 0.5 0.5 0.5 0.5 0.92590046 
Car 0.5 3 0 826.2633 160.36801 875.33185 173.24239 0.5 0.5 0.5 0.5 0.5 0.5 0.5 0.88801867 
Car 0.5 3 0 1034.5984 160.16753 1049.4137 176.055 0.5 0.5 0.5 0.5 0.5 0.5 0.5 0.7523394 
Car 0.5 3 0 890.1511 157.18372 925.0 174.01254 0.5 0.5 0.5 0.5 0.5 0.5 0.5 0.7379887 
Car 0.5 3 0 825.66534 161.4545 846.0138 171.32005 0.5 0.5 0.5 0.5 0.5 0.5 0.5 0.71462554 
Pedestrian 0.5 3 0 358.64218 187.33286 374.2639 218.68164 0.5 0.5 0.5 0.5 0.5 0.5 0.5 0.6764022 
Car 0.5 3 0 860.92804 160.42964 887.0716 171.82993 0.5 0.5 0.5 0.5 0.5 0.5 0.5 0.62116146 
Car 0.5 3 0 969.15784 161.44823 999.83044 177.56819 0.5 0.5 0.5 0.5 0.5 0.5 0.5 0.6099235 
Car 0.5 3 0 332.1723 178.20598 350.93378 197.02362 0.5 0.5 0.5 0.5 0.5 0.5 0.5 0.59983313 
