Car 0.5 3 0 83.16902 189.24684 382.17032 302.51416 0.5 0.5 0.5 0.5 0.5 0.5 0.5 0.9958929 
Car 0.5 3 0 431.28906 182.097 598.5588 278.8248 0.5 0.5 0.5 0.5 0.5 0.5 0.5 0.980305 
Car 0.5 3 0 1136.1605 157.84044 1172.4863 176.00555 0.5 0.5 0.5 0.5 0.5 0.5 0.5 0.97656584 
Car 0.5 3 0 1170.5752 156.15727 1202.0382 177.98486 0.5 0.5 0.5 0.5 0.5 0.5 0.5 0.9763175 
Car 0.5 3 0 1201.7534 155.01683 1241.6366 174.23279 0.5 0.5 0.5 0.5 0.5 0.5 0.5 0.96610516 
Car 0.5 3 0 672.67694 172.73866 701.16394 196.1124 0.5 0.5 0.5 0.5 0.5 0.5 0.5 0.94575727 
Car 0.5 3 0 1104.2994 159.32129 1137.0479 177.15804 0.5 0.5 0.5 0.5 0.5 0.5 0.5 0.93569547 
Car 0.5 3 0 705.413 171.72357 743.02386 200.5129 0.5 0.5 0.5 0.5 0.5 0.5 0.5 0.930008 
Car 0.5 3 0 1044.3337 159.18784 1075.5925 176.77316 0.5 0.5 0.5 0.5 0.5 0.5 0.5 0.92878443 
Car 0.5 3 0 826.2584 160.37962 875.9585 173.31207 0.5 0.5 0.5 0.5 0.5 0.5 0.5 0.88138324 
Car 0.5 3 0 1033.8416 160.22281 1048.5898 175.9171 0.5 0.5 0.5 0.5 0.5 0.5 0.5 0.8098855 
Car 0.5 3 0 859.8057 160.33011 888.41125 172.72281 0.5 0.5 0.5 0.5 0.5 0.5 0.5 0.7443452 
Car 0.5 3 0 890.4967 156.80667 925.5741 174.04651 0.5 0.5 0.5 0.5 0.5 0.5 0.5 0.7275712 
Car 0.5 3 0 825.78925 161.4204 846.335 171.41246 0.5 0.5 0.5 0.5 0.5 0.5 0.5 0.6645088 
Car 0.5 3 0 695.00006 171.84969 710.769 183.02017 0.5 0.5 0.5 0.5 0.5 0.5 0.5 0.6397894 
Car 0.5 3 0 969.01636 161.54022 1000.0058 177.60265 0.5 0.5 0.5 0.5 0.5 0.5 0.5 0.56765455 
