Car 0.5 3 0 590.9586 177.03963 681.37585 233.30804 0.5 0.5 0.5 0.5 0.5 0.5 0.5 0.9939189 
Car 0.5 3 0 441.8182 182.52664 492.5196 210.78703 0.5 0.5 0.5 0.5 0.5 0.5 0.5 0.9841575 
Car 0.5 3 0 269.30753 187.44139 383.26642 230.34183 0.5 0.5 0.5 0.5 0.5 0.5 0.5 0.97878885 
Car 0.5 3 0 1170.2357 156.01157 1202.2166 177.93233 0.5 0.5 0.5 0.5 0.5 0.5 0.5 0.9771582 
Car 0.5 3 0 1136.1104 157.62697 1172.5769 176.10689 0.5 0.5 0.5 0.5 0.5 0.5 0.5 0.97326636 
Car 0.5 3 0 682.5166 172.16623 704.1368 194.30382 0.5 0.5 0.5 0.5 0.5 0.5 0.5 0.9689107 
Car 0.5 3 0 1202.0735 155.73546 1241.2272 174.49196 0.5 0.5 0.5 0.5 0.5 0.5 0.5 0.9618332 
Car 0.5 3 0 512.1872 172.7542 546.30396 201.16664 0.5 0.5 0.5 0.5 0.5 0.5 0.5 0.9596632 
Car 0.5 3 0 1104.3279 159.35217 1137.3926 177.16628 0.5 0.5 0.5 0.5 0.5 0.5 0.5 0.9397529 
Car 0.5 3 0 1044.0778 159.0225 1076.4915 176.83609 0.5 0.5 0.5 0.5 0.5 0.5 0.5 0.9353308 
Car 0.5 3 0 542.7041 171.15424 569.03375 195.11609 0.5 0.5 0.5 0.5 0.5 0.5 0.5 0.9219591 
Car 0.5 3 0 0.9277637 220.22606 10.314108 258.39838 0.5 0.5 0.5 0.5 0.5 0.5 0.5 0.895077 
Car 0.5 3 0 826.5355 160.38797 875.6412 173.18365 0.5 0.5 0.5 0.5 0.5 0.5 0.5 0.8860978 
Car 0.5 3 0 888.7402 158.43434 923.51935 173.85995 0.5 0.5 0.5 0.5 0.5 0.5 0.5 0.8172534 
Car 0.5 3 0 859.86505 160.25462 888.5238 172.70576 0.5 0.5 0.5 0.5 0.5 0.5 0.5 0.7663005 
Car 0.5 3 0 1034.676 160.07115 1049.1417 175.95953 0.5 0.5 0.5 0.5 0.5 0.5 0.5 0.7250004 
Car 0.5 3 0 825.62225 161.41582 846.12836 171.42467 0.5 0.5 0.5 0.5 0.5 0.5 0.5 0.70749927 
Car 0.5 3 0 477.1896 175.34415 498.76505 198.77193 0.5 0.5 0.5 0.5 0.5 0.5 0.5 0.54395443 
