Pedestrian 0.5 3 0 524.7123 176.39359 543.21704 212.98512 0.5 0.5 0.5 0.5 0.5 0.5 0.5 0.90648025 
Car 0.5 3 0 330.74042 175.64008 368.93225 194.66058 0.5 0.5 0.5 0.5 0.5 0.5 0.5 0.8892675 
Pedestrian 0.5 3 0 458.68747 175.97832 477.7897 223.14497 0.5 0.5 0.5 0.5 0.5 0.5 0.5 0.8846768 
Car 0.5 3 0 559.4638 170.59851 586.01135 181.92905 0.5 0.5 0.5 0.5 0.5 0.5 0.5 0.8624885 
Car 0.5 3 0 34.70305 178.05254 72.390396 193.92276 0.5 0.5 0.5 0.5 0.5 0.5 0.5 0.82815874 
Car 0.5 3 0 628.5829 168.03664 659.21 183.82956 0.5 0.5 0.5 0.5 0.5 0.5 0.5 0.8207813 
Car 0.5 3 0 663.97437 171.36493 684.1869 181.81723 0.5 0.5 0.5 0.5 0.5 0.5 0.5 0.7763403 
Pedestrian 0.5 3 0 408.5216 178.62444 425.71317 227.91365 0.5 0.5 0.5 0.5 0.5 0.5 0.5 0.72851944 
Car 0.5 3 0 298.0713 175.74673 369.81992 195.91515 0.5 0.5 0.5 0.5 0.5 0.5 0.5 0.65896684 
Car 0.5 3 0 420.09833 174.01308 454.30103 189.53941 0.5 0.5 0.5 0.5 0.5 0.5 0.5 0.58989465 
Pedestrian 0.5 3 0 206.69597 177.66525 234.5856 254.08989 0.5 0.5 0.5 0.5 0.5 0.5 0.5 0.54788435 
Car 0.5 3 0 111.91465 179.50629 156.50555 208.90796 0.5 0.5 0.5 0.5 0.5 0.5 0.5 0.5233649 
Pedestrian 0.5 3 0 504.68164 173.58647 517.28674 217.42043 0.5 0.5 0.5 0.5 0.5 0.5 0.5 0.5109039 
Car 0.5 3 0 332.78912 163.1247 392.7936 198.82556 0.5 0.5 0.5 0.5 0.5 0.5 0.5 0.5019028 
