Car 0.5 3 0 17.558083 191.95218 197.98566 260.88547 0.5 0.5 0.5 0.5 0.5 0.5 0.5 0.99461406 
Car 0.5 3 0 376.70126 181.25005 516.9556 250.7415 0.5 0.5 0.5 0.5 0.5 0.5 0.5 0.9932126 
Car 0.5 3 0 1170.2874 156.09645 1202.0679 177.8747 0.5 0.5 0.5 0.5 0.5 0.5 0.5 0.9800786 
Car 0.5 3 0 1136.1499 157.81697 1172.1409 176.08519 0.5 0.5 0.5 0.5 0.5 0.5 0.5 0.9754706 
Car 0.5 3 0 1202.1414 155.7603 1241.0906 174.30579 0.5 0.5 0.5 0.5 0.5 0.5 0.5 0.96705574 
Car 0.5 3 0 1104.3726 159.31287 1137.0455 177.08052 0.5 0.5 0.5 0.5 0.5 0.5 0.5 0.93826205 
Car 0.5 3 0 501.1565 179.15318 537.4901 203.83405 0.5 0.5 0.5 0.5 0.5 0.5 0.5 0.9369312 
Car 0.5 3 0 1044.3127 159.17426 1075.8966 176.80638 0.5 0.5 0.5 0.5 0.5 0.5 0.5 0.9291938 
Car 0.5 3 0 688.878 172.20485 705.82275 186.74382 0.5 0.5 0.5 0.5 0.5 0.5 0.5 0.92901677 
Car 0.5 3 0 716.79193 166.87271 753.7827 198.19695 0.5 0.5 0.5 0.5 0.5 0.5 0.5 0.9092182 
Car 0.5 3 0 708.2292 170.88412 722.19495 184.23204 0.5 0.5 0.5 0.5 0.5 0.5 0.5 0.8968822 
Car 0.5 3 0 826.4662 160.3517 875.74475 173.13167 0.5 0.5 0.5 0.5 0.5 0.5 0.5 0.8734132 
Car 0.5 3 0 295.7347 192.8863 315.67148 207.35873 0.5 0.5 0.5 0.5 0.5 0.5 0.5 0.86924493 
Car 0.5 3 0 357.41782 184.80136 396.92322 221.21939 0.5 0.5 0.5 0.5 0.5 0.5 0.5 0.8384452 
Car 0.5 3 0 567.4349 163.13734 678.74896 238.3878 0.5 0.5 0.5 0.5 0.5 0.5 0.5 0.7910077 
Car 0.5 3 0 859.7997 160.1934 888.59174 172.6457 0.5 0.5 0.5 0.5 0.5 0.5 0.5 0.7728274 
Car 0.5 3 0 1034.0309 160.05013 1048.9122 175.86603 0.5 0.5 0.5 0.5 0.5 0.5 0.5 0.7626418 
Car 0.5 3 0 890.08496 157.17706 924.6418 173.83182 0.5 0.5 0.5 0.5 0.5 0.5 0.5 0.7191383 
Car 0.5 3 0 330.83954 180.4519 350.22772 198.41412 0.5 0.5 0.5 0.5 0.5 0.5 0.5 0.6895402 
Car 0.5 3 0 531.9737 180.59866 565.90735 198.4981 0.5 0.5 0.5 0.5 0.5 0.5 0.5 0.68898946 
Car 0.5 3 0 825.6937 161.33661 845.8343 171.3139 0.5 0.5 0.5 0.5 0.5 0.5 0.5 0.68775403 
Car 0.5 3 0 678.37134 172.87427 692.1325 185.62703 0.5 0.5 0.5 0.5 0.5 0.5 0.5 0.57577795 
Car 0.5 3 0 312.74084 191.1517 332.5111 204.15709 0.5 0.5 0.5 0.5 0.5 0.5 0.5 0.55730265 
