Car 0.5 3 0 1134.9852 183.09013 1176.1659 206.36594 0.5 0.5 0.5 0.5 0.5 0.5 0.5 0.9745266 
Car 0.5 3 0 578.7576 189.24089 609.5445 215.54395 0.5 0.5 0.5 0.5 0.5 0.5 0.5 0.96625113 
Car 0.5 3 0 1089.847 182.34128 1131.2318 206.31546 0.5 0.5 0.5 0.5 0.5 0.5 0.5 0.95931774 
Car 0.5 3 0 1014.62775 181.68304 1047.4554 204.11209 0.5 0.5 0.5 0.5 0.5 0.5 0.5 0.94065946 
Car 0.5 3 0 1172.6854 183.78453 1223.9635 206.67857 0.5 0.5 0.5 0.5 0.5 0.5 0.5 0.93818724 
Car 0.5 3 0 980.90686 183.73131 1009.5274 202.92917 0.5 0.5 0.5 0.5 0.5 0.5 0.5 0.9211427 
Car 0.5 3 0 727.22705 179.45532 747.65204 190.76863 0.5 0.5 0.5 0.5 0.5 0.5 0.5 0.90927446 
Car 0.5 3 0 311.9008 189.36699 336.43423 209.2655 0.5 0.5 0.5 0.5 0.5 0.5 0.5 0.90419203 
Car 0.5 3 0 761.1141 179.47908 793.8159 194.42336 0.5 0.5 0.5 0.5 0.5 0.5 0.5 0.9002584 
Car 0.5 3 0 685.3155 177.8504 709.8475 190.64087 0.5 0.5 0.5 0.5 0.5 0.5 0.5 0.8753734 
Car 0.5 3 0 52.87255 208.88103 78.91603 225.06448 0.5 0.5 0.5 0.5 0.5 0.5 0.5 0.8554455 
Car 0.5 3 0 120.61982 189.25359 177.84764 225.13512 0.5 0.5 0.5 0.5 0.5 0.5 0.5 0.85201436 
Car 0.5 3 0 799.03235 179.06705 832.6569 195.96678 0.5 0.5 0.5 0.5 0.5 0.5 0.5 0.8464032 
Pedestrian 0.5 3 0 216.54582 205.80391 230.85762 238.63385 0.5 0.5 0.5 0.5 0.5 0.5 0.5 0.8300255 
Car 0.5 3 0 739.00494 181.05455 762.0936 191.62764 0.5 0.5 0.5 0.5 0.5 0.5 0.5 0.74950635 
Car 0.5 3 0 749.4962 180.20538 770.8713 192.0222 0.5 0.5 0.5 0.5 0.5 0.5 0.5 0.70157343 
Car 0.5 3 0 574.79456 180.97 592.40753 200.07982 0.5 0.5 0.5 0.5 0.5 0.5 0.5 0.6824074 
Car 0.5 3 0 340.09146 190.26163 368.8033 210.1561 0.5 0.5 0.5 0.5 0.5 0.5 0.5 0.5945648 
Car 0.5 3 0 64.69099 204.25763 117.74767 223.36043 0.5 0.5 0.5 0.5 0.5 0.5 0.5 0.5876562 
Pedestrian 0.5 3 0 339.11426 189.04288 350.74237 219.20381 0.5 0.5 0.5 0.5 0.5 0.5 0.5 0.5820787 
