Car 0.5 3 0 228.00041 187.4789 382.52243 250.25285 0.5 0.5 0.5 0.5 0.5 0.5 0.5 0.997815 
Car 0.5 3 0 475.31625 176.02539 556.65497 218.2732 0.5 0.5 0.5 0.5 0.5 0.5 0.5 0.99284184 
Car 0.5 3 0 179.87949 175.3172 309.014 228.74069 0.5 0.5 0.5 0.5 0.5 0.5 0.5 0.9907108 
Car 0.5 3 0 583.45703 171.25078 634.32996 202.10233 0.5 0.5 0.5 0.5 0.5 0.5 0.5 0.9651298 
Car 0.5 3 0 1094.2881 153.55737 1123.4628 168.71123 0.5 0.5 0.5 0.5 0.5 0.5 0.5 0.9539464 
Car 0.5 3 0 687.36896 169.7856 710.18555 188.45877 0.5 0.5 0.5 0.5 0.5 0.5 0.5 0.94282013 
Car 0.5 3 0 703.6713 165.47913 724.8413 185.2332 0.5 0.5 0.5 0.5 0.5 0.5 0.5 0.9372364 
Car 0.5 3 0 1072.6318 154.37573 1097.279 169.88165 0.5 0.5 0.5 0.5 0.5 0.5 0.5 0.92737186 
Car 0.5 3 0 737.8531 167.00392 760.1831 184.31108 0.5 0.5 0.5 0.5 0.5 0.5 0.5 0.90299326 
Car 0.5 3 0 885.0125 157.3765 906.6192 170.173 0.5 0.5 0.5 0.5 0.5 0.5 0.5 0.89759576 
Car 0.5 3 0 1154.237 153.51843 1189.3134 167.07018 0.5 0.5 0.5 0.5 0.5 0.5 0.5 0.88744015 
Car 0.5 3 0 1189.1436 151.5994 1225.3822 167.92807 0.5 0.5 0.5 0.5 0.5 0.5 0.5 0.8765079 
Pedestrian 0.5 3 0 768.97943 151.65923 780.3981 187.95508 0.5 0.5 0.5 0.5 0.5 0.5 0.5 0.84321976 
Car 0.5 3 0 1117.3204 155.51448 1147.2886 168.1952 0.5 0.5 0.5 0.5 0.5 0.5 0.5 0.8426828 
Car 0.5 3 0 670.0051 171.77455 683.1254 180.37843 0.5 0.5 0.5 0.5 0.5 0.5 0.5 0.83797354 
Car 0.5 3 0 985.3249 157.27432 1010.761 171.11873 0.5 0.5 0.5 0.5 0.5 0.5 0.5 0.8199809 
Car 0.5 3 0 542.9599 174.47029 573.1059 194.82907 0.5 0.5 0.5 0.5 0.5 0.5 0.5 0.7902429 
Car 0.5 3 0 1054.395 153.84756 1074.4264 167.17395 0.5 0.5 0.5 0.5 0.5 0.5 0.5 0.76027554 
Car 0.5 3 0 453.1704 168.26164 509.26035 205.36185 0.5 0.5 0.5 0.5 0.5 0.5 0.5 0.7052733 
Car 0.5 3 0 1031.0836 155.43375 1043.2057 168.09843 0.5 0.5 0.5 0.5 0.5 0.5 0.5 0.5925887 
Car 0.5 3 0 799.75397 159.38464 815.42957 169.97234 0.5 0.5 0.5 0.5 0.5 0.5 0.5 0.5824387 
Car 0.5 3 0 653.0281 171.6685 667.1018 179.90991 0.5 0.5 0.5 0.5 0.5 0.5 0.5 0.56992424 
Car 0.5 3 0 394.28488 176.9623 415.32986 194.53302 0.5 0.5 0.5 0.5 0.5 0.5 0.5 0.5683579 
Car 0.5 3 0 835.4937 158.63478 868.5222 170.02684 0.5 0.5 0.5 0.5 0.5 0.5 0.5 0.5664606 
Car 0.5 3 0 798.01105 158.12604 839.89014 172.41617 0.5 0.5 0.5 0.5 0.5 0.5 0.5 0.50237453 
