Car 0.5 3 0 591.3417 179.40958 644.63324 200.27103 0.5 0.5 0.5 0.5 0.5 0.5 0.5 0.98938435 
Car 0.5 3 0 756.0417 180.7029 780.062 192.7413 0.5 0.5 0.5 0.5 0.5 0.5 0.5 0.9742441 
Car 0.5 3 0 529.2188 179.76888 569.1312 198.98735 0.5 0.5 0.5 0.5 0.5 0.5 0.5 0.9647289 
Car 0.5 3 0 347.41068 178.62033 407.01276 204.79846 0.5 0.5 0.5 0.5 0.5 0.5 0.5 0.95344746 
Car 0.5 3 0 678.2631 175.33923 716.68994 194.56425 0.5 0.5 0.5 0.5 0.5 0.5 0.5 0.94333845 
Car 0.5 3 0 847.582 176.40282 882.0339 194.95102 0.5 0.5 0.5 0.5 0.5 0.5 0.5 0.8310275 
Pedestrian 0.5 3 0 832.309 176.45694 850.6425 215.19098 0.5 0.5 0.5 0.5 0.5 0.5 0.5 0.8180702 
Car 0.5 3 0 456.15228 178.71718 507.43283 204.62173 0.5 0.5 0.5 0.5 0.5 0.5 0.5 0.81157374 
Car 0.5 3 0 454.95428 179.83835 479.5476 204.37714 0.5 0.5 0.5 0.5 0.5 0.5 0.5 0.78771317 
Car 0.5 3 0 284.2965 179.89189 346.34586 199.94295 0.5 0.5 0.5 0.5 0.5 0.5 0.5 0.7624621 
Car 0.5 3 0 797.4449 179.16722 823.1 195.9808 0.5 0.5 0.5 0.5 0.5 0.5 0.5 0.72531265 
Car 0.5 3 0 30.337492 178.51648 65.38067 196.87221 0.5 0.5 0.5 0.5 0.5 0.5 0.5 0.6555389 
Car 0.5 3 0 66.987434 176.3527 107.16225 194.59627 0.5 0.5 0.5 0.5 0.5 0.5 0.5 0.57262903 
Car 0.5 3 0 143.37132 177.23328 189.1674 193.40956 0.5 0.5 0.5 0.5 0.5 0.5 0.5 0.5697942 
Car 0.5 3 0 874.1467 176.50238 905.2635 193.41727 0.5 0.5 0.5 0.5 0.5 0.5 0.5 0.5592511 
Car 0.5 3 0 470.8858 178.81607 512.2756 194.76009 0.5 0.5 0.5 0.5 0.5 0.5 0.5 0.5343867 
Car 0.5 3 0 121.92939 174.9603 144.4125 191.99536 0.5 0.5 0.5 0.5 0.5 0.5 0.5 0.5120979 
