Car 0.5 3 0 476.54276 179.75912 505.25784 204.47919 0.5 0.5 0.5 0.5 0.5 0.5 0.5 0.9661844 
Car 0.5 3 0 800.5848 167.86517 848.3981 192.1255 0.5 0.5 0.5 0.5 0.5 0.5 0.5 0.95824903 
Car 0.5 3 0 881.31415 167.05109 948.5169 195.60857 0.5 0.5 0.5 0.5 0.5 0.5 0.5 0.93957233 
Car 0.5 3 0 740.65234 167.40976 780.86597 188.12167 0.5 0.5 0.5 0.5 0.5 0.5 0.5 0.937874 
Car 0.5 3 0 1079.5847 176.62563 1127.0613 208.12355 0.5 0.5 0.5 0.5 0.5 0.5 0.5 0.93705237 
Car 0.5 3 0 42.52306 173.84476 103.848366 209.33722 0.5 0.5 0.5 0.5 0.5 0.5 0.5 0.9086999 
Car 0.5 3 0 1147.7876 175.12158 1232.9423 214.5266 0.5 0.5 0.5 0.5 0.5 0.5 0.5 0.90242046 
Car 0.5 3 0 688.40027 167.53535 722.54443 186.38118 0.5 0.5 0.5 0.5 0.5 0.5 0.5 0.86616814 
Car 0.5 3 0 716.1108 167.45436 753.36884 186.36293 0.5 0.5 0.5 0.5 0.5 0.5 0.5 0.8534335 
Car 0.5 3 0 447.25916 180.67267 464.4594 194.51137 0.5 0.5 0.5 0.5 0.5 0.5 0.5 0.8423021 
Car 0.5 3 0 782.8067 170.03491 805.6682 185.89198 0.5 0.5 0.5 0.5 0.5 0.5 0.5 0.8231613 
Car 0.5 3 0 634.79987 164.92068 666.86414 181.58174 0.5 0.5 0.5 0.5 0.5 0.5 0.5 0.74135005 
Car 0.5 3 0 876.8886 169.25117 899.3379 189.5996 0.5 0.5 0.5 0.5 0.5 0.5 0.5 0.72508913 
Car 0.5 3 0 417.009 179.78339 437.29337 191.3615 0.5 0.5 0.5 0.5 0.5 0.5 0.5 0.6656217 
Car 0.5 3 0 413.87094 179.38257 440.15094 197.3643 0.5 0.5 0.5 0.5 0.5 0.5 0.5 0.61302984 
Car 0.5 3 0 524.54047 171.27136 560.228 203.67517 0.5 0.5 0.5 0.5 0.5 0.5 0.5 0.5517416 
