Car 0.5 3 0 560.72894 175.54808 632.7167 214.34367 0.5 0.5 0.5 0.5 0.5 0.5 0.5 0.99517053 
Car 0.5 3 0 340.23355 189.16838 473.78055 247.59122 0.5 0.5 0.5 0.5 0.5 0.5 0.5 0.99376124 
Car 0.5 3 0 463.851 178.08363 511.31195 208.30438 0.5 0.5 0.5 0.5 0.5 0.5 0.5 0.9764678 
Car 0.5 3 0 624.53516 173.19962 666.3573 202.16103 0.5 0.5 0.5 0.5 0.5 0.5 0.5 0.9727983 
Car 0.5 3 0 1124.9337 153.29935 1154.1902 171.01155 0.5 0.5 0.5 0.5 0.5 0.5 0.5 0.96160287 
Car 0.5 3 0 794.485 159.13226 826.22284 171.98973 0.5 0.5 0.5 0.5 0.5 0.5 0.5 0.95541275 
Car 0.5 3 0 998.10004 157.73776 1021.513 171.51237 0.5 0.5 0.5 0.5 0.5 0.5 0.5 0.93719494 
Car 0.5 3 0 735.9594 170.39331 755.5101 185.39282 0.5 0.5 0.5 0.5 0.5 0.5 0.5 0.93042827 
Car 0.5 3 0 828.7134 159.13893 867.39825 170.77336 0.5 0.5 0.5 0.5 0.5 0.5 0.5 0.9265874 
Car 0.5 3 0 885.47815 156.91261 914.8203 171.51248 0.5 0.5 0.5 0.5 0.5 0.5 0.5 0.91928744 
Car 0.5 3 0 211.1367 173.9665 347.1403 236.17432 0.5 0.5 0.5 0.5 0.5 0.5 0.5 0.9174952 
Car 0.5 3 0 1153.269 153.39894 1187.6693 168.30396 0.5 0.5 0.5 0.5 0.5 0.5 0.5 0.909837 
Car 0.5 3 0 1097.3018 153.84058 1127.9381 171.7682 0.5 0.5 0.5 0.5 0.5 0.5 0.5 0.89287204 
Car 0.5 3 0 1070.3834 156.39787 1100.2452 173.04663 0.5 0.5 0.5 0.5 0.5 0.5 0.5 0.89232206 
Car 0.5 3 0 1019.86633 157.519 1044.2367 172.38737 0.5 0.5 0.5 0.5 0.5 0.5 0.5 0.8784279 
Car 0.5 3 0 685.4817 170.90413 712.71533 190.53812 0.5 0.5 0.5 0.5 0.5 0.5 0.5 0.8727317 
Car 0.5 3 0 537.05884 179.43544 558.65796 198.11855 0.5 0.5 0.5 0.5 0.5 0.5 0.5 0.80273163 
Car 0.5 3 0 826.96765 159.64018 844.67126 170.43456 0.5 0.5 0.5 0.5 0.5 0.5 0.5 0.79537904 
Car 0.5 3 0 726.7706 168.9326 741.27185 181.88593 0.5 0.5 0.5 0.5 0.5 0.5 0.5 0.7933648 
Car 0.5 3 0 694.28754 167.78183 721.90344 189.53778 0.5 0.5 0.5 0.5 0.5 0.5 0.5 0.67980194 
Car 0.5 3 0 981.7567 157.85382 999.54425 169.4585 0.5 0.5 0.5 0.5 0.5 0.5 0.5 0.5630398 
Car 0.5 3 0 501.17316 177.10995 522.5168 192.47015 0.5 0.5 0.5 0.5 0.5 0.5 0.5 0.5330926 
