Car 0.5 3 0 261.5518 190.27966 524.475 328.37018 0.5 0.5 0.5 0.5 0.5 0.5 0.5 0.9972402 
Car 0.5 3 0 1.4705759 197.65968 248.56667 346.07538 0.5 0.5 0.5 0.5 0.5 0.5 0.5 0.99410313 
Car 0.5 3 0 1170.4729 156.35912 1200.2896 178.88004 0.5 0.5 0.5 0.5 0.5 0.5 0.5 0.98324823 
Car 0.5 3 0 1136.2802 158.02888 1171.9274 176.04878 0.5 0.5 0.5 0.5 0.5 0.5 0.5 0.97899127 
Car 0.5 3 0 696.53314 171.40738 739.118 203.1876 0.5 0.5 0.5 0.5 0.5 0.5 0.5 0.9728242 
Car 0.5 3 0 666.1257 172.92447 695.90356 196.55817 0.5 0.5 0.5 0.5 0.5 0.5 0.5 0.96618414 
Car 0.5 3 0 1201.6417 154.92023 1241.4524 174.35323 0.5 0.5 0.5 0.5 0.5 0.5 0.5 0.96438485 
Car 0.5 3 0 486.47476 180.07352 518.20465 204.89818 0.5 0.5 0.5 0.5 0.5 0.5 0.5 0.95080614 
Car 0.5 3 0 1104.8905 159.05316 1136.9038 177.2463 0.5 0.5 0.5 0.5 0.5 0.5 0.5 0.94055605 
Car 0.5 3 0 1044.1288 159.0906 1075.2709 176.74304 0.5 0.5 0.5 0.5 0.5 0.5 0.5 0.9318854 
Car 0.5 3 0 826.331 160.32239 876.2017 173.3161 0.5 0.5 0.5 0.5 0.5 0.5 0.5 0.88798255 
Car 0.5 3 0 540.9834 179.50072 563.26526 196.61192 0.5 0.5 0.5 0.5 0.5 0.5 0.5 0.85008144 
Car 0.5 3 0 1034.1056 160.22623 1048.9485 175.9391 0.5 0.5 0.5 0.5 0.5 0.5 0.5 0.80367905 
Car 0.5 3 0 890.2364 156.80725 925.7067 173.87994 0.5 0.5 0.5 0.5 0.5 0.5 0.5 0.74159956 
Car 0.5 3 0 824.529 161.31839 843.29004 172.01053 0.5 0.5 0.5 0.5 0.5 0.5 0.5 0.67914325 
Car 0.5 3 0 861.3663 160.41965 887.7203 172.884 0.5 0.5 0.5 0.5 0.5 0.5 0.5 0.6156172 
Car 0.5 3 0 969.102 161.42606 999.89923 177.57928 0.5 0.5 0.5 0.5 0.5 0.5 0.5 0.5982781 
