Car 0.5 3 0 6.5468755 192.86493 224.0793 262.50424 0.5 0.5 0.5 0.5 0.5 0.5 0.5 0.9890948 
Car 0.5 3 0 1170.0919 155.91531 1202.576 177.98665 0.5 0.5 0.5 0.5 0.5 0.5 0.5 0.97786057 
Car 0.5 3 0 1136.1234 157.7051 1172.2354 176.07812 0.5 0.5 0.5 0.5 0.5 0.5 0.5 0.96966505 
Car 0.5 3 0 1201.9626 155.95732 1241.043 174.25925 0.5 0.5 0.5 0.5 0.5 0.5 0.5 0.95811784 
Car 0.5 3 0 729.0273 167.84807 754.8947 190.67679 0.5 0.5 0.5 0.5 0.5 0.5 0.5 0.9470428 
Car 0.5 3 0 1104.6096 159.22339 1137.2797 177.12604 0.5 0.5 0.5 0.5 0.5 0.5 0.5 0.9354418 
Car 0.5 3 0 1044.2212 159.18134 1075.5817 176.83884 0.5 0.5 0.5 0.5 0.5 0.5 0.5 0.93087095 
Car 0.5 3 0 826.2589 160.32317 875.0101 173.3129 0.5 0.5 0.5 0.5 0.5 0.5 0.5 0.8935934 
Car 0.5 3 0 295.48343 192.84816 313.88953 208.28044 0.5 0.5 0.5 0.5 0.5 0.5 0.5 0.83509827 
Car 0.5 3 0 716.03955 169.88803 730.1925 182.58086 0.5 0.5 0.5 0.5 0.5 0.5 0.5 0.8318887 
Car 0.5 3 0 890.3506 157.27347 925.59186 173.8001 0.5 0.5 0.5 0.5 0.5 0.5 0.5 0.76449066 
Car 0.5 3 0 1034.0596 160.16919 1048.7476 176.05797 0.5 0.5 0.5 0.5 0.5 0.5 0.5 0.7567928 
Car 0.5 3 0 859.85815 160.21686 888.5526 172.82318 0.5 0.5 0.5 0.5 0.5 0.5 0.5 0.7512725 
Car 0.5 3 0 330.58917 179.86357 350.1948 198.48846 0.5 0.5 0.5 0.5 0.5 0.5 0.5 0.74282354 
Car 0.5 3 0 335.70343 171.00356 429.15213 222.70787 0.5 0.5 0.5 0.5 0.5 0.5 0.5 0.740267 
Car 0.5 3 0 824.1796 161.24863 843.50977 172.12584 0.5 0.5 0.5 0.5 0.5 0.5 0.5 0.72734934 
Car 0.5 3 0 479.21463 166.82964 534.32874 206.36526 0.5 0.5 0.5 0.5 0.5 0.5 0.5 0.670401 
