Car 0.5 3 0 0.12991601 200.92366 301.2983 323.91803 0.5 0.5 0.5 0.5 0.5 0.5 0.5 0.9968851 
Car 0.5 3 0 602.42474 173.29202 656.8002 208.11699 0.5 0.5 0.5 0.5 0.5 0.5 0.5 0.99584997 
Car 0.5 3 0 375.05524 181.83418 441.1984 217.77728 0.5 0.5 0.5 0.5 0.5 0.5 0.5 0.9896483 
Car 0.5 3 0 1169.3527 153.52763 1199.7855 174.67503 0.5 0.5 0.5 0.5 0.5 0.5 0.5 0.984071 
Car 0.5 3 0 1199.448 153.04872 1240.4935 172.78734 0.5 0.5 0.5 0.5 0.5 0.5 0.5 0.9811178 
Car 0.5 3 0 730.31415 168.04848 751.0568 189.25842 0.5 0.5 0.5 0.5 0.5 0.5 0.5 0.97023284 
Car 0.5 3 0 1044.7651 157.26418 1072.0135 174.284 0.5 0.5 0.5 0.5 0.5 0.5 0.5 0.9626597 
Car 0.5 3 0 1103.5474 157.76021 1135.2015 175.42232 0.5 0.5 0.5 0.5 0.5 0.5 0.5 0.9511465 
Car 0.5 3 0 1134.0713 155.21727 1171.3704 173.7257 0.5 0.5 0.5 0.5 0.5 0.5 0.5 0.94591254 
Car 0.5 3 0 299.08182 192.09784 316.3333 205.42738 0.5 0.5 0.5 0.5 0.5 0.5 0.5 0.93182415 
Car 0.5 3 0 827.7506 157.40402 881.83514 171.02354 0.5 0.5 0.5 0.5 0.5 0.5 0.5 0.90001947 
Car 0.5 3 0 1020.70276 157.65886 1047.3708 172.62276 0.5 0.5 0.5 0.5 0.5 0.5 0.5 0.8801022 
Car 0.5 3 0 890.68634 155.18858 920.117 171.90804 0.5 0.5 0.5 0.5 0.5 0.5 0.5 0.84435606 
Car 0.5 3 0 0.0 188.57338 40.89755 218.7526 0.5 0.5 0.5 0.5 0.5 0.5 0.5 0.83499485 
Car 0.5 3 0 457.62955 163.28516 518.8595 207.92534 0.5 0.5 0.5 0.5 0.5 0.5 0.5 0.79282427 
Car 0.5 3 0 333.81702 177.20766 354.54733 196.26042 0.5 0.5 0.5 0.5 0.5 0.5 0.5 0.7024465 
Car 0.5 3 0 947.66 168.26164 968.3069 177.86429 0.5 0.5 0.5 0.5 0.5 0.5 0.5 0.5361335 
Car 0.5 3 0 646.2578 174.37639 674.4474 196.059 0.5 0.5 0.5 0.5 0.5 0.5 0.5 0.5348526 
Car 0.5 3 0 825.6067 158.70155 847.31384 170.5567 0.5 0.5 0.5 0.5 0.5 0.5 0.5 0.51022923 
Car 0.5 3 0 967.4311 160.17316 992.4127 177.42572 0.5 0.5 0.5 0.5 0.5 0.5 0.5 0.50602883 
Car 0.5 3 0 358.2992 181.37921 389.42883 199.94615 0.5 0.5 0.5 0.5 0.5 0.5 0.5 0.5004007 
