Car 0.5 3 0 853.54877 166.54434 888.56824 192.93715 0.5 0.5 0.5 0.5 0.5 0.5 0.5 0.99441385 
Car 0.5 3 0 450.28635 179.53346 482.06995 206.10596 0.5 0.5 0.5 0.5 0.5 0.5 0.5 0.9904163 
Car 0.5 3 0 1098.2151 164.93098 1155.3706 208.06598 0.5 0.5 0.5 0.5 0.5 0.5 0.5 0.9736423 
Car 0.5 3 0 941.52344 165.94612 977.7837 190.57887 0.5 0.5 0.5 0.5 0.5 0.5 0.5 0.9598717 
Car 0.5 3 0 963.98566 164.77414 1023.73236 198.55911 0.5 0.5 0.5 0.5 0.5 0.5 0.5 0.9368447 
Car 0.5 3 0 873.8267 167.23552 919.6715 195.34958 0.5 0.5 0.5 0.5 0.5 0.5 0.5 0.91912585 
Car 0.5 3 0 774.93787 165.95575 825.2858 191.68898 0.5 0.5 0.5 0.5 0.5 0.5 0.5 0.90598094 
Car 0.5 3 0 712.675 165.37643 748.6622 186.54218 0.5 0.5 0.5 0.5 0.5 0.5 0.5 0.9035702 
Car 0.5 3 0 736.16974 164.60016 767.03986 187.09987 0.5 0.5 0.5 0.5 0.5 0.5 0.5 0.8938036 
Car 0.5 3 0 1179.5083 175.45316 1238.4418 213.69319 0.5 0.5 0.5 0.5 0.5 0.5 0.5 0.86511755 
Car 0.5 3 0 754.29987 165.65024 790.2112 188.49435 0.5 0.5 0.5 0.5 0.5 0.5 0.5 0.8551678 
Car 0.5 3 0 429.9134 178.4563 450.31842 195.88695 0.5 0.5 0.5 0.5 0.5 0.5 0.5 0.8269884 
Car 0.5 3 0 823.0349 168.99994 858.0891 189.44037 0.5 0.5 0.5 0.5 0.5 0.5 0.5 0.8217358 
Car 0.5 3 0 979.8241 164.42375 1057.7001 199.85735 0.5 0.5 0.5 0.5 0.5 0.5 0.5 0.78020513 
Car 0.5 3 0 672.59094 163.35823 703.34827 185.78333 0.5 0.5 0.5 0.5 0.5 0.5 0.5 0.736178 
Car 0.5 3 0 381.57004 176.45383 397.85837 189.23785 0.5 0.5 0.5 0.5 0.5 0.5 0.5 0.71549976 
Car 0.5 3 0 647.7918 162.75072 675.245 180.50394 0.5 0.5 0.5 0.5 0.5 0.5 0.5 0.6771108 
Car 0.5 3 0 370.10928 176.17935 384.82486 187.60915 0.5 0.5 0.5 0.5 0.5 0.5 0.5 0.66506803 
Car 0.5 3 0 769.47766 164.84654 798.09174 188.99452 0.5 0.5 0.5 0.5 0.5 0.5 0.5 0.63844794 
Car 0.5 3 0 747.42816 166.01193 775.1273 187.43596 0.5 0.5 0.5 0.5 0.5 0.5 0.5 0.55647933 
Car 0.5 3 0 373.447 174.45071 396.1718 187.88177 0.5 0.5 0.5 0.5 0.5 0.5 0.5 0.5489475 
Car 0.5 3 0 403.84933 179.1029 416.64658 191.26334 0.5 0.5 0.5 0.5 0.5 0.5 0.5 0.5459065 
Car 0.5 3 0 411.97913 179.66208 432.65854 195.333 0.5 0.5 0.5 0.5 0.5 0.5 0.5 0.52918786 
Car 0.5 3 0 716.8663 165.24422 789.75616 188.37733 0.5 0.5 0.5 0.5 0.5 0.5 0.5 0.52563107 
