Car 0.5 3 0 589.7158 184.55165 644.2096 225.15776 0.5 0.5 0.5 0.5 0.5 0.5 0.5 0.9769329 
Car 0.5 3 0 1175.1821 173.85182 1211.8647 194.86899 0.5 0.5 0.5 0.5 0.5 0.5 0.5 0.9756203 
Car 0.5 3 0 1207.4589 173.5932 1241.7462 193.35733 0.5 0.5 0.5 0.5 0.5 0.5 0.5 0.94391507 
Car 0.5 3 0 881.65045 173.48914 915.47296 189.1312 0.5 0.5 0.5 0.5 0.5 0.5 0.5 0.8804799 
Car 0.5 3 0 264.57724 201.6512 286.14365 217.05057 0.5 0.5 0.5 0.5 0.5 0.5 0.5 0.8523939 
Car 0.5 3 0 1.0025698 163.1104 210.68419 269.52762 0.5 0.5 0.5 0.5 0.5 0.5 0.5 0.83420575 
Car 0.5 3 0 831.6423 173.55093 865.1594 186.26006 0.5 0.5 0.5 0.5 0.5 0.5 0.5 0.8303415 
Car 0.5 3 0 1014.9057 176.22682 1042.8065 192.0856 0.5 0.5 0.5 0.5 0.5 0.5 0.5 0.7832695 
Car 0.5 3 0 1153.1553 174.37585 1177.7483 194.49756 0.5 0.5 0.5 0.5 0.5 0.5 0.5 0.7684124 
Car 0.5 3 0 330.00708 192.61899 361.9902 204.32869 0.5 0.5 0.5 0.5 0.5 0.5 0.5 0.767443 
Car 0.5 3 0 452.68436 185.13841 481.0626 201.42091 0.5 0.5 0.5 0.5 0.5 0.5 0.5 0.7670008 
Car 0.5 3 0 788.6092 172.05644 815.1603 187.58739 0.5 0.5 0.5 0.5 0.5 0.5 0.5 0.7173247 
Car 0.5 3 0 983.99963 176.45232 1018.69415 195.44527 0.5 0.5 0.5 0.5 0.5 0.5 0.5 0.7072158 
Car 0.5 3 0 840.27783 173.71996 877.0937 187.80698 0.5 0.5 0.5 0.5 0.5 0.5 0.5 0.61219615 
Car 0.5 3 0 552.29156 185.70615 563.43427 195.80215 0.5 0.5 0.5 0.5 0.5 0.5 0.5 0.5458961 
Pedestrian 0.5 3 0 429.71564 194.3451 439.40375 218.5165 0.5 0.5 0.5 0.5 0.5 0.5 0.5 0.5213175 
Car 0.5 3 0 716.93274 184.42589 727.26434 196.98439 0.5 0.5 0.5 0.5 0.5 0.5 0.5 0.5181771 
