Car 0.5 3 0 489.241 184.61179 518.91 209.96959 0.5 0.5 0.5 0.5 0.5 0.5 0.5 0.97666705 
Car 0.5 3 0 1137.8846 181.5128 1188.997 211.64055 0.5 0.5 0.5 0.5 0.5 0.5 0.5 0.97120494 
Car 0.5 3 0 1207.907 186.99344 1241.8068 217.66515 0.5 0.5 0.5 0.5 0.5 0.5 0.5 0.9621529 
Car 0.5 3 0 780.73486 167.00308 847.53564 207.30579 0.5 0.5 0.5 0.5 0.5 0.5 0.5 0.92750216 
Car 0.5 3 0 729.5222 173.63214 766.21704 191.58325 0.5 0.5 0.5 0.5 0.5 0.5 0.5 0.92246217 
Car 0.5 3 0 854.365 173.57918 914.42914 200.38036 0.5 0.5 0.5 0.5 0.5 0.5 0.5 0.91374266 
Car 0.5 3 0 702.05994 173.94588 725.4977 189.18173 0.5 0.5 0.5 0.5 0.5 0.5 0.5 0.8818206 
Car 0.5 3 0 117.42597 178.71292 148.69853 208.16551 0.5 0.5 0.5 0.5 0.5 0.5 0.5 0.8377465 
Car 0.5 3 0 771.0024 174.15918 790.17285 189.10838 0.5 0.5 0.5 0.5 0.5 0.5 0.5 0.8367772 
Car 0.5 3 0 715.6145 174.56232 736.5583 190.25648 0.5 0.5 0.5 0.5 0.5 0.5 0.5 0.8254477 
Car 0.5 3 0 631.9762 170.12158 671.37646 187.28618 0.5 0.5 0.5 0.5 0.5 0.5 0.5 0.82528454 
Car 0.5 3 0 1027.1139 183.12108 1062.7998 209.3194 0.5 0.5 0.5 0.5 0.5 0.5 0.5 0.81143063 
Car 0.5 3 0 1069.4944 181.0831 1134.0579 214.11607 0.5 0.5 0.5 0.5 0.5 0.5 0.5 0.7018542 
Car 0.5 3 0 455.707 183.68869 472.6475 196.60204 0.5 0.5 0.5 0.5 0.5 0.5 0.5 0.69992185 
Car 0.5 3 0 933.3303 183.65047 968.33325 204.35999 0.5 0.5 0.5 0.5 0.5 0.5 0.5 0.6930233 
Car 0.5 3 0 430.65378 182.0682 448.30832 194.04909 0.5 0.5 0.5 0.5 0.5 0.5 0.5 0.68932176 
Car 0.5 3 0 0.41299346 203.33212 14.98024 242.80496 0.5 0.5 0.5 0.5 0.5 0.5 0.5 0.67687434 
Car 0.5 3 0 855.8017 174.24722 877.0059 195.38998 0.5 0.5 0.5 0.5 0.5 0.5 0.5 0.66602355 
Car 0.5 3 0 537.5048 176.21681 573.44366 208.48294 0.5 0.5 0.5 0.5 0.5 0.5 0.5 0.6605777 
Car 0.5 3 0 271.72272 177.78558 290.49835 191.29092 0.5 0.5 0.5 0.5 0.5 0.5 0.5 0.5747258 
Car 0.5 3 0 685.7943 173.26094 716.97974 191.03226 0.5 0.5 0.5 0.5 0.5 0.5 0.5 0.5463789 
Car 0.5 3 0 631.5561 172.19637 655.7409 186.46765 0.5 0.5 0.5 0.5 0.5 0.5 0.5 0.54219484 
Car 0.5 3 0 695.59454 173.48389 711.3085 185.5695 0.5 0.5 0.5 0.5 0.5 0.5 0.5 0.5226039 
