Pedestrian 0.5 3 0 923.45233 162.79478 967.0156 260.18155 0.5 0.5 0.5 0.5 0.5 0.5 0.5 0.9975189 
Car 0.5 3 0 569.59564 175.26196 621.3124 205.7911 0.5 0.5 0.5 0.5 0.5 0.5 0.5 0.99451953 
Car 0.5 3 0 189.64977 184.664 333.1675 231.69153 0.5 0.5 0.5 0.5 0.5 0.5 0.5 0.9885733 
Car 0.5 3 0 431.94434 179.42064 513.15015 217.0368 0.5 0.5 0.5 0.5 0.5 0.5 0.5 0.9628744 
Car 0.5 3 0 1156.0173 168.56245 1183.0919 179.8378 0.5 0.5 0.5 0.5 0.5 0.5 0.5 0.93673563 
Car 0.5 3 0 1182.5798 167.85338 1204.6066 180.6423 0.5 0.5 0.5 0.5 0.5 0.5 0.5 0.9078539 
Car 0.5 3 0 171.85384 172.805 297.06915 223.42593 0.5 0.5 0.5 0.5 0.5 0.5 0.5 0.8980862 
Car 0.5 3 0 747.41724 172.96674 792.4953 191.04678 0.5 0.5 0.5 0.5 0.5 0.5 0.5 0.87948316 
Car 0.5 3 0 637.3822 175.77948 659.84265 192.96304 0.5 0.5 0.5 0.5 0.5 0.5 0.5 0.83583874 
Car 0.5 3 0 1042.715 169.19641 1064.9296 178.87065 0.5 0.5 0.5 0.5 0.5 0.5 0.5 0.81160045 
Car 0.5 3 0 493.9518 178.90028 524.3908 201.19168 0.5 0.5 0.5 0.5 0.5 0.5 0.5 0.78539574 
Car 0.5 3 0 897.3762 168.39754 916.0879 177.89912 0.5 0.5 0.5 0.5 0.5 0.5 0.5 0.77908164 
Car 0.5 3 0 1109.3495 168.13661 1132.434 179.64305 0.5 0.5 0.5 0.5 0.5 0.5 0.5 0.7734262 
Car 0.5 3 0 1000.84125 168.77878 1034.5985 180.32512 0.5 0.5 0.5 0.5 0.5 0.5 0.5 0.7648254 
Car 0.5 3 0 873.8073 167.68637 900.29706 178.95491 0.5 0.5 0.5 0.5 0.5 0.5 0.5 0.7532352 
Car 0.5 3 0 1128.1921 168.8276 1153.44 179.55283 0.5 0.5 0.5 0.5 0.5 0.5 0.5 0.7433345 
Car 0.5 3 0 728.50995 175.27222 756.053 191.1951 0.5 0.5 0.5 0.5 0.5 0.5 0.5 0.7334643 
Car 0.5 3 0 1044.0631 169.1722 1082.0369 180.14455 0.5 0.5 0.5 0.5 0.5 0.5 0.5 0.68336844 
Car 0.5 3 0 619.5054 177.85887 638.71875 193.54036 0.5 0.5 0.5 0.5 0.5 0.5 0.5 0.61030763 
Car 0.5 3 0 661.7718 170.51889 682.3846 190.07251 0.5 0.5 0.5 0.5 0.5 0.5 0.5 0.6006665 
Car 0.5 3 0 1094.3907 167.89265 1113.8434 177.16493 0.5 0.5 0.5 0.5 0.5 0.5 0.5 0.5275914 
