Car 0.5 3 0 211.04073 178.49165 333.53058 219.85176 0.5 0.5 0.5 0.5 0.5 0.5 0.5 0.9951499 
Car 0.5 3 0 575.37665 172.9245 628.848 199.47314 0.5 0.5 0.5 0.5 0.5 0.5 0.5 0.9908009 
Car 0.5 3 0 437.23166 173.63748 517.10785 206.8953 0.5 0.5 0.5 0.5 0.5 0.5 0.5 0.98844945 
Car 0.5 3 0 772.79803 170.70076 808.9829 189.31041 0.5 0.5 0.5 0.5 0.5 0.5 0.5 0.95544976 
Car 0.5 3 0 638.4641 171.34009 667.99713 188.65306 0.5 0.5 0.5 0.5 0.5 0.5 0.5 0.9495832 
Car 0.5 3 0 363.5958 167.21564 449.16696 202.32089 0.5 0.5 0.5 0.5 0.5 0.5 0.5 0.92539066 
Pedestrian 0.5 3 0 872.29425 165.7659 898.82513 232.4293 0.5 0.5 0.5 0.5 0.5 0.5 0.5 0.91751283 
Car 0.5 3 0 559.04285 173.7374 590.5307 192.77135 0.5 0.5 0.5 0.5 0.5 0.5 0.5 0.87209314 
Car 0.5 3 0 1026.3411 167.95508 1050.893 180.02785 0.5 0.5 0.5 0.5 0.5 0.5 0.5 0.8523506 
Car 0.5 3 0 928.18854 167.43564 951.2726 177.0409 0.5 0.5 0.5 0.5 0.5 0.5 0.5 0.8390131 
Car 0.5 3 0 1071.2032 167.91281 1100.4431 180.08813 0.5 0.5 0.5 0.5 0.5 0.5 0.5 0.823695 
Car 0.5 3 0 1135.7767 168.62428 1158.2484 180.22452 0.5 0.5 0.5 0.5 0.5 0.5 0.5 0.81227714 
Car 0.5 3 0 828.6121 168.56772 845.7824 185.23546 0.5 0.5 0.5 0.5 0.5 0.5 0.5 0.78708297 
Car 0.5 3 0 1151.0347 169.71661 1176.037 180.21196 0.5 0.5 0.5 0.5 0.5 0.5 0.5 0.7214497 
Car 0.5 3 0 656.4601 173.62944 679.5871 190.3783 0.5 0.5 0.5 0.5 0.5 0.5 0.5 0.7098814 
Car 0.5 3 0 678.6904 172.05164 699.1304 186.90572 0.5 0.5 0.5 0.5 0.5 0.5 0.5 0.66253257 
Car 0.5 3 0 975.91785 168.33058 991.59784 177.67468 0.5 0.5 0.5 0.5 0.5 0.5 0.5 0.64951766 
Car 0.5 3 0 912.7678 166.49886 932.45703 176.83208 0.5 0.5 0.5 0.5 0.5 0.5 0.5 0.629284 
Car 0.5 3 0 927.19147 167.14574 976.8859 177.22969 0.5 0.5 0.5 0.5 0.5 0.5 0.5 0.6093276 
Car 0.5 3 0 957.8582 167.40968 977.89 178.38545 0.5 0.5 0.5 0.5 0.5 0.5 0.5 0.5903892 
Car 0.5 3 0 1114.9386 168.98541 1138.1648 179.60303 0.5 0.5 0.5 0.5 0.5 0.5 0.5 0.5678534 
Car 0.5 3 0 1179.911 170.0128 1203.0895 180.98607 0.5 0.5 0.5 0.5 0.5 0.5 0.5 0.5599951 
