Car 0.5 3 0 319.01987 190.61658 545.00696 298.98346 0.5 0.5 0.5 0.5 0.5 0.5 0.5 0.9941718 
Car 0.5 3 0 1136.0032 157.36897 1172.873 176.28659 0.5 0.5 0.5 0.5 0.5 0.5 0.5 0.97925377 
Car 0.5 3 0 1170.666 156.38852 1200.3789 178.25047 0.5 0.5 0.5 0.5 0.5 0.5 0.5 0.977976 
Car 0.5 3 0 642.3679 172.49825 685.20557 200.93974 0.5 0.5 0.5 0.5 0.5 0.5 0.5 0.9739121 
Car 0.5 3 0 0.5001084 191.50313 216.52066 262.2458 0.5 0.5 0.5 0.5 0.5 0.5 0.5 0.9685172 
Car 0.5 3 0 1202.0328 155.88803 1241.4325 174.33867 0.5 0.5 0.5 0.5 0.5 0.5 0.5 0.9619919 
Car 0.5 3 0 1104.3651 159.2269 1136.8334 177.15462 0.5 0.5 0.5 0.5 0.5 0.5 0.5 0.94708186 
Car 0.5 3 0 682.109 172.97119 695.5384 184.01164 0.5 0.5 0.5 0.5 0.5 0.5 0.5 0.9386622 
Car 0.5 3 0 1044.0334 159.07059 1075.7952 176.76602 0.5 0.5 0.5 0.5 0.5 0.5 0.5 0.9313172 
Car 0.5 3 0 295.7453 193.04659 315.5712 208.01556 0.5 0.5 0.5 0.5 0.5 0.5 0.5 0.8897169 
Car 0.5 3 0 826.13684 160.30678 877.1089 173.21303 0.5 0.5 0.5 0.5 0.5 0.5 0.5 0.87191474 
Car 0.5 3 0 527.67676 173.91986 546.1697 197.83887 0.5 0.5 0.5 0.5 0.5 0.5 0.5 0.84469104 
Car 0.5 3 0 486.25592 183.758 520.9737 204.75015 0.5 0.5 0.5 0.5 0.5 0.5 0.5 0.81246614 
Car 0.5 3 0 890.3495 157.3197 925.08624 173.80835 0.5 0.5 0.5 0.5 0.5 0.5 0.5 0.7296744 
Car 0.5 3 0 1034.6984 160.1557 1049.3374 175.97621 0.5 0.5 0.5 0.5 0.5 0.5 0.5 0.71632653 
Car 0.5 3 0 400.10498 182.79514 449.7453 196.9955 0.5 0.5 0.5 0.5 0.5 0.5 0.5 0.7135088 
Car 0.5 3 0 330.89105 179.44864 351.0898 198.22977 0.5 0.5 0.5 0.5 0.5 0.5 0.5 0.70770943 
Car 0.5 3 0 861.25964 160.40118 887.8639 172.89085 0.5 0.5 0.5 0.5 0.5 0.5 0.5 0.6259105 
Car 0.5 3 0 825.87354 161.21838 846.06244 171.33092 0.5 0.5 0.5 0.5 0.5 0.5 0.5 0.6250175 
Car 0.5 3 0 313.164 191.0058 332.70288 204.36687 0.5 0.5 0.5 0.5 0.5 0.5 0.5 0.5480227 
