Car 0.5 3 0 600.38153 174.34766 655.68134 208.04893 0.5 0.5 0.5 0.5 0.5 0.5 0.5 0.9898606 
Car 0.5 3 0 1170.5663 156.25015 1200.3545 178.54413 0.5 0.5 0.5 0.5 0.5 0.5 0.5 0.98245883 
Car 0.5 3 0 169.20871 186.27975 328.7524 243.5408 0.5 0.5 0.5 0.5 0.5 0.5 0.5 0.9724138 
Car 0.5 3 0 1136.1488 157.69069 1172.1873 176.16109 0.5 0.5 0.5 0.5 0.5 0.5 0.5 0.9694905 
Car 0.5 3 0 1201.8138 155.79294 1241.2537 174.4847 0.5 0.5 0.5 0.5 0.5 0.5 0.5 0.9600152 
Car 0.5 3 0 1104.5397 159.49252 1137.6586 176.99695 0.5 0.5 0.5 0.5 0.5 0.5 0.5 0.93728805 
Car 0.5 3 0 1044.1654 159.15599 1075.3159 176.97968 0.5 0.5 0.5 0.5 0.5 0.5 0.5 0.9142068 
Car 0.5 3 0 738.9001 167.14651 760.08124 189.28192 0.5 0.5 0.5 0.5 0.5 0.5 0.5 0.89898884 
Car 0.5 3 0 826.94135 160.32016 874.71686 173.26169 0.5 0.5 0.5 0.5 0.5 0.5 0.5 0.8717424 
Car 0.5 3 0 1034.0819 160.29196 1048.7596 176.07353 0.5 0.5 0.5 0.5 0.5 0.5 0.5 0.77591693 
Pedestrian 0.5 3 0 360.01422 186.50032 372.8421 218.86845 0.5 0.5 0.5 0.5 0.5 0.5 0.5 0.77218395 
Car 0.5 3 0 890.16266 157.04852 925.58514 173.91208 0.5 0.5 0.5 0.5 0.5 0.5 0.5 0.75996923 
Car 0.5 3 0 825.57025 161.41527 845.7928 171.49054 0.5 0.5 0.5 0.5 0.5 0.5 0.5 0.75209534 
Car 0.5 3 0 859.6301 160.23792 888.4862 172.7295 0.5 0.5 0.5 0.5 0.5 0.5 0.5 0.74395156 
Car 0.5 3 0 903.4171 3.4650512 1081.713 79.69253 0.5 0.5 0.5 0.5 0.5 0.5 0.5 0.70544755 
Car 0.5 3 0 647.17664 173.53207 677.6099 193.78246 0.5 0.5 0.5 0.5 0.5 0.5 0.5 0.70365876 
Car 0.5 3 0 692.2823 162.42915 743.33984 206.0507 0.5 0.5 0.5 0.5 0.5 0.5 0.5 0.70357835 
Car 0.5 3 0 329.87823 179.58157 351.64258 200.95848 0.5 0.5 0.5 0.5 0.5 0.5 0.5 0.6735213 
Car 0.5 3 0 355.3739 182.81325 381.92664 203.88083 0.5 0.5 0.5 0.5 0.5 0.5 0.5 0.6578977 
Car 0.5 3 0 682.2632 172.50652 696.2016 186.6827 0.5 0.5 0.5 0.5 0.5 0.5 0.5 0.51047224 
