Car 0.5 3 0 0.5325945 199.14537 98.581184 265.2707 0.5 0.5 0.5 0.5 0.5 0.5 0.5 0.98814684 
Car 0.5 3 0 275.45654 183.48619 383.41815 232.37865 0.5 0.5 0.5 0.5 0.5 0.5 0.5 0.9824898 
Car 0.5 3 0 1170.1675 155.87756 1202.2821 178.11273 0.5 0.5 0.5 0.5 0.5 0.5 0.5 0.9763188 
Car 0.5 3 0 1136.0911 157.58414 1172.1031 176.1085 0.5 0.5 0.5 0.5 0.5 0.5 0.5 0.97437763 
Car 0.5 3 0 708.2421 169.06158 744.84784 199.31151 0.5 0.5 0.5 0.5 0.5 0.5 0.5 0.9712461 
Car 0.5 3 0 1202.1486 155.99632 1241.1882 174.43512 0.5 0.5 0.5 0.5 0.5 0.5 0.5 0.9580566 
Car 0.5 3 0 1104.9994 159.23639 1136.9674 177.32722 0.5 0.5 0.5 0.5 0.5 0.5 0.5 0.94074255 
Car 0.5 3 0 1044.0583 159.17726 1075.1182 176.82362 0.5 0.5 0.5 0.5 0.5 0.5 0.5 0.92831755 
Car 0.5 3 0 826.3512 160.36536 875.52203 173.14879 0.5 0.5 0.5 0.5 0.5 0.5 0.5 0.8984678 
Car 0.5 3 0 439.83026 171.31403 501.08096 209.56682 0.5 0.5 0.5 0.5 0.5 0.5 0.5 0.8680222 
Car 0.5 3 0 736.5156 166.82849 758.3573 187.38092 0.5 0.5 0.5 0.5 0.5 0.5 0.5 0.78652465 
Car 0.5 3 0 890.1946 157.1723 925.34045 173.91153 0.5 0.5 0.5 0.5 0.5 0.5 0.5 0.75574297 
Car 0.5 3 0 515.54156 169.84525 551.73206 201.16823 0.5 0.5 0.5 0.5 0.5 0.5 0.5 0.7556222 
Car 0.5 3 0 1034.4237 160.34538 1048.9805 175.98802 0.5 0.5 0.5 0.5 0.5 0.5 0.5 0.7553904 
Car 0.5 3 0 825.51355 161.47205 845.952 171.4047 0.5 0.5 0.5 0.5 0.5 0.5 0.5 0.7056752 
Car 0.5 3 0 861.07697 160.37003 887.73425 172.8897 0.5 0.5 0.5 0.5 0.5 0.5 0.5 0.6524679 
