Car 0.5 3 0 588.4066 173.71214 652.0157 210.70773 0.5 0.5 0.5 0.5 0.5 0.5 0.5 0.9928953 
Car 0.5 3 0 400.03152 183.76544 457.60345 217.40623 0.5 0.5 0.5 0.5 0.5 0.5 0.5 0.99243987 
Car 0.5 3 0 698.3374 170.07178 740.0203 204.18909 0.5 0.5 0.5 0.5 0.5 0.5 0.5 0.9918168 
Car 0.5 3 0 1170.1522 155.84651 1203.2444 177.61938 0.5 0.5 0.5 0.5 0.5 0.5 0.5 0.9774575 
Car 0.5 3 0 1136.5205 157.96672 1171.9757 175.94072 0.5 0.5 0.5 0.5 0.5 0.5 0.5 0.9722091 
Car 0.5 3 0 1201.8674 155.44922 1241.6439 174.48131 0.5 0.5 0.5 0.5 0.5 0.5 0.5 0.9675742 
Car 0.5 3 0 736.64014 170.82996 755.6696 190.43904 0.5 0.5 0.5 0.5 0.5 0.5 0.5 0.9584973 
Car 0.5 3 0 1044.1921 159.10706 1075.4222 176.95474 0.5 0.5 0.5 0.5 0.5 0.5 0.5 0.9459838 
Car 0.5 3 0 1104.5873 159.44246 1137.0767 177.03613 0.5 0.5 0.5 0.5 0.5 0.5 0.5 0.94296294 
Car 0.5 3 0 508.95178 180.26762 535.0162 201.835 0.5 0.5 0.5 0.5 0.5 0.5 0.5 0.92484576 
Car 0.5 3 0 295.65167 192.98361 313.90497 207.68628 0.5 0.5 0.5 0.5 0.5 0.5 0.5 0.9044749 
Car 0.5 3 0 826.3401 160.35756 876.41327 173.25983 0.5 0.5 0.5 0.5 0.5 0.5 0.5 0.9040338 
Car 0.5 3 0 541.9615 181.24547 562.6993 195.70203 0.5 0.5 0.5 0.5 0.5 0.5 0.5 0.843513 
Car 0.5 3 0 476.8081 175.0081 496.13846 191.14894 0.5 0.5 0.5 0.5 0.5 0.5 0.5 0.8379429 
Car 0.5 3 0 679.03235 172.65436 691.69946 183.36594 0.5 0.5 0.5 0.5 0.5 0.5 0.5 0.82155645 
Car 0.5 3 0 690.4986 171.24187 709.57465 190.37369 0.5 0.5 0.5 0.5 0.5 0.5 0.5 0.7708274 
Car 0.5 3 0 890.3998 157.01292 925.50354 173.82722 0.5 0.5 0.5 0.5 0.5 0.5 0.5 0.7537536 
Pedestrian 0.5 3 0 359.65286 188.19572 373.4593 218.8107 0.5 0.5 0.5 0.5 0.5 0.5 0.5 0.73899305 
Car 0.5 3 0 330.81238 180.49437 350.18268 198.38173 0.5 0.5 0.5 0.5 0.5 0.5 0.5 0.6932311 
Car 0.5 3 0 825.57886 161.40979 845.99274 171.40752 0.5 0.5 0.5 0.5 0.5 0.5 0.5 0.6919449 
Car 0.5 3 0 1034.1401 160.47644 1048.0721 175.28743 0.5 0.5 0.5 0.5 0.5 0.5 0.5 0.68295836 
Car 0.5 3 0 855.05206 160.49007 886.9903 172.28699 0.5 0.5 0.5 0.5 0.5 0.5 0.5 0.54612005 
Car 0.5 3 0 312.93982 190.04301 331.94305 203.37224 0.5 0.5 0.5 0.5 0.5 0.5 0.5 0.50644994 
