Car 0.5 3 0 549.7018 175.04977 623.58966 214.35483 0.5 0.5 0.5 0.5 0.5 0.5 0.5 0.99362355 
Car 0.5 3 0 328.53607 188.31995 465.65588 249.024 0.5 0.5 0.5 0.5 0.5 0.5 0.5 0.9935428 
Car 0.5 3 0 618.6623 173.59967 664.13306 202.30623 0.5 0.5 0.5 0.5 0.5 0.5 0.5 0.9887937 
Car 0.5 3 0 472.38092 178.62961 521.32776 207.34035 0.5 0.5 0.5 0.5 0.5 0.5 0.5 0.9764806 
Car 0.5 3 0 240.98433 172.47078 366.0742 232.7158 0.5 0.5 0.5 0.5 0.5 0.5 0.5 0.9711505 
Car 0.5 3 0 994.71014 157.11998 1019.09735 171.3215 0.5 0.5 0.5 0.5 0.5 0.5 0.5 0.94425493 
Car 0.5 3 0 883.7406 158.16971 906.8173 170.48875 0.5 0.5 0.5 0.5 0.5 0.5 0.5 0.931917 
Car 0.5 3 0 792.44366 158.99144 824.8349 172.30081 0.5 0.5 0.5 0.5 0.5 0.5 0.5 0.9315465 
Car 0.5 3 0 733.5774 169.89807 755.30707 185.19533 0.5 0.5 0.5 0.5 0.5 0.5 0.5 0.9259402 
Car 0.5 3 0 1068.8108 155.09291 1096.2291 172.39839 0.5 0.5 0.5 0.5 0.5 0.5 0.5 0.91301715 
Car 0.5 3 0 689.7797 167.78362 720.85333 188.82486 0.5 0.5 0.5 0.5 0.5 0.5 0.5 0.88536227 
Car 0.5 3 0 1093.3625 153.13893 1126.7096 170.81157 0.5 0.5 0.5 0.5 0.5 0.5 0.5 0.85941625 
Car 0.5 3 0 825.96185 159.27817 858.1627 171.51842 0.5 0.5 0.5 0.5 0.5 0.5 0.5 0.8342762 
Car 0.5 3 0 1149.528 153.2707 1178.8666 167.44293 0.5 0.5 0.5 0.5 0.5 0.5 0.5 0.8029526 
Car 0.5 3 0 540.2158 178.80057 559.13275 196.07921 0.5 0.5 0.5 0.5 0.5 0.5 0.5 0.7944631 
Car 0.5 3 0 843.5195 159.66747 861.0315 171.36789 0.5 0.5 0.5 0.5 0.5 0.5 0.5 0.7524655 
Car 0.5 3 0 727.87506 167.76982 750.21106 183.24228 0.5 0.5 0.5 0.5 0.5 0.5 0.5 0.7279685 
Car 0.5 3 0 884.7957 156.74493 925.7302 171.81139 0.5 0.5 0.5 0.5 0.5 0.5 0.5 0.725238 
Car 0.5 3 0 825.9543 159.72542 844.19635 170.44568 0.5 0.5 0.5 0.5 0.5 0.5 0.5 0.7252371 
Car 0.5 3 0 1016.55365 157.0281 1039.8156 172.41637 0.5 0.5 0.5 0.5 0.5 0.5 0.5 0.6968039 
