Car 0.5 3 0 478.78113 179.64995 508.43292 204.8989 0.5 0.5 0.5 0.5 0.5 0.5 0.5 0.9831609 
Car 0.5 3 0 796.7658 168.44922 843.4481 191.3284 0.5 0.5 0.5 0.5 0.5 0.5 0.5 0.964651 
Car 0.5 3 0 1066.5182 176.16731 1108.0494 204.75471 0.5 0.5 0.5 0.5 0.5 0.5 0.5 0.9467114 
Car 0.5 3 0 1188.8634 173.63875 1241.5354 212.55748 0.5 0.5 0.5 0.5 0.5 0.5 0.5 0.9454047 
Car 0.5 3 0 55.918957 174.17754 115.86839 208.41937 0.5 0.5 0.5 0.5 0.5 0.5 0.5 0.9251554 
Car 0.5 3 0 872.22064 169.28078 903.3928 192.36433 0.5 0.5 0.5 0.5 0.5 0.5 0.5 0.9005 
Car 0.5 3 0 710.61755 167.78445 735.3239 185.35555 0.5 0.5 0.5 0.5 0.5 0.5 0.5 0.88744617 
Car 0.5 3 0 685.26715 167.24547 720.582 187.2942 0.5 0.5 0.5 0.5 0.5 0.5 0.5 0.8834509 
Car 0.5 3 0 739.04065 168.37636 776.7947 188.02765 0.5 0.5 0.5 0.5 0.5 0.5 0.5 0.8826935 
Car 0.5 3 0 448.96677 179.95671 466.61896 194.87103 0.5 0.5 0.5 0.5 0.5 0.5 0.5 0.8781147 
Car 0.5 3 0 1130.0183 172.9301 1209.1523 216.14171 0.5 0.5 0.5 0.5 0.5 0.5 0.5 0.8669719 
Car 0.5 3 0 779.0557 169.18124 800.77594 185.19078 0.5 0.5 0.5 0.5 0.5 0.5 0.5 0.8522436 
Car 0.5 3 0 720.5591 167.14699 744.98224 186.06873 0.5 0.5 0.5 0.5 0.5 0.5 0.5 0.8191669 
Car 0.5 3 0 417.7888 179.79088 439.583 193.61865 0.5 0.5 0.5 0.5 0.5 0.5 0.5 0.8052708 
Car 0.5 3 0 527.0653 171.38406 563.01447 203.55571 0.5 0.5 0.5 0.5 0.5 0.5 0.5 0.80258614 
Car 0.5 3 0 973.4415 179.38432 998.0708 201.25832 0.5 0.5 0.5 0.5 0.5 0.5 0.5 0.7655583 
Car 0.5 3 0 235.83258 168.29301 265.80713 189.5183 0.5 0.5 0.5 0.5 0.5 0.5 0.5 0.6855636 
Car 0.5 3 0 633.7751 164.7647 668.63916 182.16116 0.5 0.5 0.5 0.5 0.5 0.5 0.5 0.66975254 
Car 0.5 3 0 722.6635 167.36772 767.1606 187.23697 0.5 0.5 0.5 0.5 0.5 0.5 0.5 0.6478161 
Car 0.5 3 0 653.5364 165.6621 682.33154 184.52475 0.5 0.5 0.5 0.5 0.5 0.5 0.5 0.58432597 
