Car 0.5 3 0 612.24963 171.09123 631.9471 180.28995 0.5 0.5 0.5 0.5 0.5 0.5 0.5 0.9172241 
Car 0.5 3 0 1.7813549 175.83644 45.56448 196.88287 0.5 0.5 0.5 0.5 0.5 0.5 0.5 0.89510936 
Pedestrian 0.5 3 0 471.005 181.25008 484.3121 215.7757 0.5 0.5 0.5 0.5 0.5 0.5 0.5 0.8859051 
Car 0.5 3 0 100.56765 176.2416 154.27753 189.44623 0.5 0.5 0.5 0.5 0.5 0.5 0.5 0.83778876 
Pedestrian 0.5 3 0 341.36743 175.60268 358.62076 230.9024 0.5 0.5 0.5 0.5 0.5 0.5 0.5 0.8293247 
Car 0.5 3 0 677.497 171.62895 701.76324 181.77118 0.5 0.5 0.5 0.5 0.5 0.5 0.5 0.8248714 
Car 0.5 3 0 211.69843 175.43576 253.24629 195.2982 0.5 0.5 0.5 0.5 0.5 0.5 0.5 0.768021 
Car 0.5 3 0 635.9313 169.4231 660.83386 181.51518 0.5 0.5 0.5 0.5 0.5 0.5 0.5 0.7355203 
Car 0.5 3 0 79.26203 176.59938 170.08788 196.4247 0.5 0.5 0.5 0.5 0.5 0.5 0.5 0.679869 
Pedestrian 0.5 3 0 509.68387 172.5563 521.30756 213.16533 0.5 0.5 0.5 0.5 0.5 0.5 0.5 0.6337017 
Car 0.5 3 0 489.63663 174.2437 509.35977 181.93555 0.5 0.5 0.5 0.5 0.5 0.5 0.5 0.6314526 
Car 0.5 3 0 667.62384 171.15872 703.17566 185.09158 0.5 0.5 0.5 0.5 0.5 0.5 0.5 0.604046 
Car 0.5 3 0 227.18195 173.7681 264.37875 192.83495 0.5 0.5 0.5 0.5 0.5 0.5 0.5 0.54905486 
Pedestrian 0.5 3 0 417.2806 163.91971 437.5146 219.09921 0.5 0.5 0.5 0.5 0.5 0.5 0.5 0.5445674 
Car 0.5 3 0 484.7265 173.74788 513.368 185.55342 0.5 0.5 0.5 0.5 0.5 0.5 0.5 0.5251648 
Pedestrian 0.5 3 0 387.13065 176.56491 401.84933 224.14427 0.5 0.5 0.5 0.5 0.5 0.5 0.5 0.5061024 
