Car 0.5 3 0 486.2274 183.20723 514.69196 208.01993 0.5 0.5 0.5 0.5 0.5 0.5 0.5 0.99473274 
Car 0.5 3 0 787.81067 172.60855 820.8402 192.43808 0.5 0.5 0.5 0.5 0.5 0.5 0.5 0.98342323 
Car 0.5 3 0 1155.6373 180.32973 1208.8455 210.33128 0.5 0.5 0.5 0.5 0.5 0.5 0.5 0.9500226 
Car 0.5 3 0 1079.7095 180.26021 1161.7213 221.37598 0.5 0.5 0.5 0.5 0.5 0.5 0.5 0.9449905 
Car 0.5 3 0 84.54495 178.5786 135.24889 208.9129 0.5 0.5 0.5 0.5 0.5 0.5 0.5 0.93804455 
Car 0.5 3 0 731.09076 172.29555 767.66516 190.50212 0.5 0.5 0.5 0.5 0.5 0.5 0.5 0.92498493 
Car 0.5 3 0 681.51196 171.64468 716.8546 190.77536 0.5 0.5 0.5 0.5 0.5 0.5 0.5 0.8915293 
Car 0.5 3 0 718.69415 171.99887 743.1084 189.9845 0.5 0.5 0.5 0.5 0.5 0.5 0.5 0.8762346 
Car 0.5 3 0 632.1016 169.36224 666.8414 186.4703 0.5 0.5 0.5 0.5 0.5 0.5 0.5 0.86207944 
Car 0.5 3 0 424.30878 180.91637 453.29718 194.2825 0.5 0.5 0.5 0.5 0.5 0.5 0.5 0.86091197 
Car 0.5 3 0 1038.0356 181.73764 1077.8467 208.7057 0.5 0.5 0.5 0.5 0.5 0.5 0.5 0.8596687 
Car 0.5 3 0 702.4957 172.26704 726.0323 188.24263 0.5 0.5 0.5 0.5 0.5 0.5 0.5 0.82663774 
Car 0.5 3 0 940.15857 182.39127 974.56445 203.22191 0.5 0.5 0.5 0.5 0.5 0.5 0.5 0.79604846 
Car 0.5 3 0 770.4592 173.72818 793.1659 191.33203 0.5 0.5 0.5 0.5 0.5 0.5 0.5 0.7669932 
Car 0.5 3 0 534.05835 175.17548 570.1504 207.75871 0.5 0.5 0.5 0.5 0.5 0.5 0.5 0.7513367 
Car 0.5 3 0 1226.558 188.75688 1241.4261 214.87854 0.5 0.5 0.5 0.5 0.5 0.5 0.5 0.7394136 
Car 0.5 3 0 710.9569 171.83702 733.5738 189.59703 0.5 0.5 0.5 0.5 0.5 0.5 0.5 0.7283176 
Car 0.5 3 0 273.53125 179.06087 286.10953 189.49164 0.5 0.5 0.5 0.5 0.5 0.5 0.5 0.72580266 
Car 0.5 3 0 453.5894 183.92336 469.4515 196.6535 0.5 0.5 0.5 0.5 0.5 0.5 0.5 0.7129022 
Car 0.5 3 0 794.8959 172.31932 879.6704 206.62741 0.5 0.5 0.5 0.5 0.5 0.5 0.5 0.6839763 
Car 0.5 3 0 867.18677 171.78546 921.2694 196.75488 0.5 0.5 0.5 0.5 0.5 0.5 0.5 0.67474127 
Car 0.5 3 0 631.4284 172.09253 651.2571 185.11314 0.5 0.5 0.5 0.5 0.5 0.5 0.5 0.60277534 
