Car 0.5 3 0 561.9715 170.80812 599.66516 184.25404 0.5 0.5 0.5 0.5 0.5 0.5 0.5 0.9696424 
Car 0.5 3 0 447.55722 176.23471 495.8023 208.21138 0.5 0.5 0.5 0.5 0.5 0.5 0.5 0.9045685 
Car 0.5 3 0 85.92103 181.56593 150.9677 219.22269 0.5 0.5 0.5 0.5 0.5 0.5 0.5 0.89277524 
Car 0.5 3 0 330.894 176.35674 392.12344 195.3035 0.5 0.5 0.5 0.5 0.5 0.5 0.5 0.87550724 
Car 0.5 3 0 800.4013 165.64018 823.0413 176.29854 0.5 0.5 0.5 0.5 0.5 0.5 0.5 0.77201015 
Car 0.5 3 0 1075.6443 156.95047 1105.7961 169.17691 0.5 0.5 0.5 0.5 0.5 0.5 0.5 0.76404715 
Car 0.5 3 0 999.21204 159.17589 1027.3654 169.93752 0.5 0.5 0.5 0.5 0.5 0.5 0.5 0.7581786 
Car 0.5 3 0 176.2011 163.32387 271.77905 205.10078 0.5 0.5 0.5 0.5 0.5 0.5 0.5 0.7171592 
Car 0.5 3 0 931.5379 158.6322 956.0834 168.89337 0.5 0.5 0.5 0.5 0.5 0.5 0.5 0.6981163 
Car 0.5 3 0 1048.8573 159.26562 1077.8018 168.65181 0.5 0.5 0.5 0.5 0.5 0.5 0.5 0.674674 
Car 0.5 3 0 131.47656 171.57207 158.59964 195.56618 0.5 0.5 0.5 0.5 0.5 0.5 0.5 0.63700396 
Car 0.5 3 0 625.32135 170.87956 660.7853 181.31796 0.5 0.5 0.5 0.5 0.5 0.5 0.5 0.5934993 
Car 0.5 3 0 369.90338 195.88966 398.10275 217.90639 0.5 0.5 0.5 0.5 0.5 0.5 0.5 0.548987 
Car 0.5 3 0 708.0935 164.19298 756.27234 181.6122 0.5 0.5 0.5 0.5 0.5 0.5 0.5 0.5461273 
Car 0.5 3 0 435.63 173.56732 476.33035 186.31345 0.5 0.5 0.5 0.5 0.5 0.5 0.5 0.52874327 
