Car 0.5 3 0 448.5066 181.53502 502.8943 210.9114 0.5 0.5 0.5 0.5 0.5 0.5 0.5 0.98291636 
Car 0.5 3 0 1136.3705 157.4598 1172.7467 176.29436 0.5 0.5 0.5 0.5 0.5 0.5 0.5 0.9808077 
Car 0.5 3 0 1170.2141 156.0035 1202.3121 177.91676 0.5 0.5 0.5 0.5 0.5 0.5 0.5 0.9796275 
Car 0.5 3 0 529.1434 179.21448 557.28485 198.60399 0.5 0.5 0.5 0.5 0.5 0.5 0.5 0.966496 
Car 0.5 3 0 1202.1241 155.69026 1241.2806 174.45374 0.5 0.5 0.5 0.5 0.5 0.5 0.5 0.96580464 
Car 0.5 3 0 725.1573 170.84447 741.67346 184.59415 0.5 0.5 0.5 0.5 0.5 0.5 0.5 0.96390235 
Car 0.5 3 0 1104.4532 159.44145 1137.2598 177.18839 0.5 0.5 0.5 0.5 0.5 0.5 0.5 0.949087 
Car 0.5 3 0 1043.9678 159.15517 1075.6705 176.84283 0.5 0.5 0.5 0.5 0.5 0.5 0.5 0.92917246 
Car 0.5 3 0 672.29175 165.89474 729.1655 212.08043 0.5 0.5 0.5 0.5 0.5 0.5 0.5 0.92887324 
Car 0.5 3 0 826.2636 160.40884 874.39343 173.35823 0.5 0.5 0.5 0.5 0.5 0.5 0.5 0.8743847 
Car 0.5 3 0 2.4330463 156.41646 429.0455 370.52463 0.5 0.5 0.5 0.5 0.5 0.5 0.5 0.8133062 
Car 0.5 3 0 860.1395 160.26596 888.5364 172.48608 0.5 0.5 0.5 0.5 0.5 0.5 0.5 0.7778842 
Car 0.5 3 0 890.2441 157.29117 925.1287 173.87431 0.5 0.5 0.5 0.5 0.5 0.5 0.5 0.7262545 
Car 0.5 3 0 1034.3995 160.04959 1049.1007 175.86507 0.5 0.5 0.5 0.5 0.5 0.5 0.5 0.71429986 
Car 0.5 3 0 825.6165 161.39401 846.1527 171.5166 0.5 0.5 0.5 0.5 0.5 0.5 0.5 0.71250415 
