Car 0.5 3 0 441.57663 181.14978 474.48874 207.87447 0.5 0.5 0.5 0.5 0.5 0.5 0.5 0.99267274 
Car 0.5 3 0 1030.275 152.069 1154.0299 195.55325 0.5 0.5 0.5 0.5 0.5 0.5 0.5 0.9850941 
Car 0.5 3 0 1204.7002 153.21703 1241.3329 205.44476 0.5 0.5 0.5 0.5 0.5 0.5 0.5 0.9827732 
Car 0.5 3 0 778.5243 159.31093 821.7467 185.1984 0.5 0.5 0.5 0.5 0.5 0.5 0.5 0.9784954 
Car 0.5 3 0 758.3245 159.8502 791.55676 183.80545 0.5 0.5 0.5 0.5 0.5 0.5 0.5 0.9501942 
Car 0.5 3 0 802.46344 159.36685 860.59906 186.39677 0.5 0.5 0.5 0.5 0.5 0.5 0.5 0.9459957 
Car 0.5 3 0 733.13257 160.67352 765.7646 185.07597 0.5 0.5 0.5 0.5 0.5 0.5 0.5 0.9354423 
Car 0.5 3 0 895.53357 159.67253 915.4234 187.7435 0.5 0.5 0.5 0.5 0.5 0.5 0.5 0.93376327 
Car 0.5 3 0 991.8334 156.95763 1034.2343 182.57576 0.5 0.5 0.5 0.5 0.5 0.5 0.5 0.9249377 
Car 0.5 3 0 894.95917 153.59839 983.88055 192.38998 0.5 0.5 0.5 0.5 0.5 0.5 0.5 0.8610419 
Car 0.5 3 0 659.9582 157.61407 720.2618 183.3054 0.5 0.5 0.5 0.5 0.5 0.5 0.5 0.85434085 
Car 0.5 3 0 380.77008 178.19798 400.12595 191.44757 0.5 0.5 0.5 0.5 0.5 0.5 0.5 0.8530442 
Car 0.5 3 0 365.2416 178.81358 383.2907 190.47005 0.5 0.5 0.5 0.5 0.5 0.5 0.5 0.8126762 
Car 0.5 3 0 425.1385 181.65245 446.0193 199.04414 0.5 0.5 0.5 0.5 0.5 0.5 0.5 0.60562724 
Car 0.5 3 0 798.0583 160.249 833.478 185.54059 0.5 0.5 0.5 0.5 0.5 0.5 0.5 0.5850354 
Car 0.5 3 0 773.0613 159.51347 803.09625 183.78123 0.5 0.5 0.5 0.5 0.5 0.5 0.5 0.57214075 
Pedestrian 0.5 3 0 16.373806 195.82077 30.95745 230.26372 0.5 0.5 0.5 0.5 0.5 0.5 0.5 0.54582864 
Car 0.5 3 0 933.16486 156.69873 974.21735 190.22966 0.5 0.5 0.5 0.5 0.5 0.5 0.5 0.5455053 
Car 0.5 3 0 494.12128 171.1608 533.0527 206.07324 0.5 0.5 0.5 0.5 0.5 0.5 0.5 0.5330247 
Car 0.5 3 0 408.46674 180.59032 430.49612 195.43219 0.5 0.5 0.5 0.5 0.5 0.5 0.5 0.50451225 
