Pedestrian 0.5 3 0 895.56744 166.63046 935.5527 250.79776 0.5 0.5 0.5 0.5 0.5 0.5 0.5 0.9971644 
Car 0.5 3 0 202.18509 184.73572 333.60605 230.10587 0.5 0.5 0.5 0.5 0.5 0.5 0.5 0.99687946 
Car 0.5 3 0 432.82907 178.66226 508.3506 214.35873 0.5 0.5 0.5 0.5 0.5 0.5 0.5 0.9897279 
Car 0.5 3 0 570.32404 177.66173 619.316 203.73305 0.5 0.5 0.5 0.5 0.5 0.5 0.5 0.9830458 
Car 0.5 3 0 519.6403 178.36775 554.0658 199.00499 0.5 0.5 0.5 0.5 0.5 0.5 0.5 0.9619864 
Car 0.5 3 0 609.5808 175.46043 639.02094 193.657 0.5 0.5 0.5 0.5 0.5 0.5 0.5 0.9483335 
Car 0.5 3 0 274.48285 170.76756 373.00156 209.00899 0.5 0.5 0.5 0.5 0.5 0.5 0.5 0.91102874 
Car 0.5 3 0 743.3549 173.6109 795.5689 192.77728 0.5 0.5 0.5 0.5 0.5 0.5 0.5 0.84588665 
Car 0.5 3 0 953.3363 169.28108 969.8007 179.87474 0.5 0.5 0.5 0.5 0.5 0.5 0.5 0.79092443 
Car 0.5 3 0 653.20123 175.33922 673.39746 192.84067 0.5 0.5 0.5 0.5 0.5 0.5 0.5 0.7906734 
Car 0.5 3 0 1023.0423 170.59018 1039.3105 181.02698 0.5 0.5 0.5 0.5 0.5 0.5 0.5 0.6501105 
Car 0.5 3 0 638.95734 177.48051 654.8351 190.73405 0.5 0.5 0.5 0.5 0.5 0.5 0.5 0.6470954 
Car 0.5 3 0 1117.3362 169.16664 1139.634 180.80453 0.5 0.5 0.5 0.5 0.5 0.5 0.5 0.6456534 
Car 0.5 3 0 1081.94 171.36401 1103.6733 181.61926 0.5 0.5 0.5 0.5 0.5 0.5 0.5 0.6355404 
Pedestrian 0.5 3 0 820.20544 159.25926 833.1619 189.38185 0.5 0.5 0.5 0.5 0.5 0.5 0.5 0.62887865 
Car 0.5 3 0 1098.2701 170.12346 1120.6597 180.84569 0.5 0.5 0.5 0.5 0.5 0.5 0.5 0.6265934 
Car 0.5 3 0 886.35144 168.4744 904.6076 179.06386 0.5 0.5 0.5 0.5 0.5 0.5 0.5 0.617405 
Car 0.5 3 0 1132.4208 170.6864 1157.0691 181.9119 0.5 0.5 0.5 0.5 0.5 0.5 0.5 0.6012284 
Car 0.5 3 0 922.20264 169.70822 947.5579 179.3162 0.5 0.5 0.5 0.5 0.5 0.5 0.5 0.5859195 
Car 0.5 3 0 1063.6023 170.4318 1100.307 182.376 0.5 0.5 0.5 0.5 0.5 0.5 0.5 0.58109945 
Car 0.5 3 0 680.3998 176.37538 696.8428 188.14038 0.5 0.5 0.5 0.5 0.5 0.5 0.5 0.5064599 
