Car 0.5 3 0 637.99164 172.75772 683.68805 200.52925 0.5 0.5 0.5 0.5 0.5 0.5 0.5 0.9924947 
Car 0.5 3 0 250.86133 187.76318 454.93018 270.47684 0.5 0.5 0.5 0.5 0.5 0.5 0.5 0.9911675 
Car 0.5 3 0 1170.8099 154.40732 1203.7229 174.45645 0.5 0.5 0.5 0.5 0.5 0.5 0.5 0.97781825 
Car 0.5 3 0 1201.5862 153.50928 1241.5973 173.10757 0.5 0.5 0.5 0.5 0.5 0.5 0.5 0.9701755 
Car 0.5 3 0 1136.1807 154.56941 1173.7689 174.31146 0.5 0.5 0.5 0.5 0.5 0.5 0.5 0.9523497 
Car 0.5 3 0 1104.7567 157.79199 1137.8933 175.45168 0.5 0.5 0.5 0.5 0.5 0.5 0.5 0.9489296 
Car 0.5 3 0 1043.7693 157.30095 1072.9496 175.2916 0.5 0.5 0.5 0.5 0.5 0.5 0.5 0.91424257 
Car 0.5 3 0 830.9847 157.43132 885.68317 171.847 0.5 0.5 0.5 0.5 0.5 0.5 0.5 0.89388573 
Car 0.5 3 0 619.31885 172.29704 639.8771 182.50089 0.5 0.5 0.5 0.5 0.5 0.5 0.5 0.8086305 
Car 0.5 3 0 408.44083 161.42467 488.45084 211.31367 0.5 0.5 0.5 0.5 0.5 0.5 0.5 0.7842272 
Car 0.5 3 0 889.667 154.69312 925.99603 172.22083 0.5 0.5 0.5 0.5 0.5 0.5 0.5 0.77494293 
Car 0.5 3 0 682.60284 168.76208 704.62933 188.78766 0.5 0.5 0.5 0.5 0.5 0.5 0.5 0.7269045 
Car 0.5 3 0 946.5866 168.55922 968.67096 178.26036 0.5 0.5 0.5 0.5 0.5 0.5 0.5 0.7042949 
Car 0.5 3 0 860.20264 157.39008 888.53656 171.39839 0.5 0.5 0.5 0.5 0.5 0.5 0.5 0.7032731 
Car 0.5 3 0 1034.9198 158.39 1049.3175 173.78625 0.5 0.5 0.5 0.5 0.5 0.5 0.5 0.66383433 
Car 0.5 3 0 826.63617 158.62741 861.76575 171.38481 0.5 0.5 0.5 0.5 0.5 0.5 0.5 0.6003741 
Car 0.5 3 0 969.4219 159.47878 1000.69495 177.36426 0.5 0.5 0.5 0.5 0.5 0.5 0.5 0.58745426 
Car 0.5 3 0 825.3531 159.471 846.72314 169.42053 0.5 0.5 0.5 0.5 0.5 0.5 0.5 0.5543913 
