Car 0.5 3 0 1176.8385 171.5192 1212.7665 193.71393 0.5 0.5 0.5 0.5 0.5 0.5 0.5 0.9870991 
Car 0.5 3 0 579.44946 184.00752 634.1939 226.53777 0.5 0.5 0.5 0.5 0.5 0.5 0.5 0.9867373 
Car 0.5 3 0 1141.5436 172.37126 1179.3618 192.66429 0.5 0.5 0.5 0.5 0.5 0.5 0.5 0.971834 
Car 0.5 3 0 1208.7308 171.5388 1241.6488 192.0358 0.5 0.5 0.5 0.5 0.5 0.5 0.5 0.94422954 
Car 0.5 3 0 715.97656 182.41888 732.5275 196.02158 0.5 0.5 0.5 0.5 0.5 0.5 0.5 0.86492914 
Car 0.5 3 0 883.79395 171.47583 911.3348 186.15201 0.5 0.5 0.5 0.5 0.5 0.5 0.5 0.855419 
Car 0.5 3 0 3.8170114 161.78857 242.43465 267.9323 0.5 0.5 0.5 0.5 0.5 0.5 0.5 0.7911442 
Car 0.5 3 0 1016.2529 174.02052 1041.0648 192.23225 0.5 0.5 0.5 0.5 0.5 0.5 0.5 0.7367102 
Car 0.5 3 0 270.0631 201.41862 291.33887 216.2732 0.5 0.5 0.5 0.5 0.5 0.5 0.5 0.7364075 
Car 0.5 3 0 833.8754 171.75629 879.2 186.25989 0.5 0.5 0.5 0.5 0.5 0.5 0.5 0.7265729 
Car 0.5 3 0 793.2149 171.29085 818.9151 184.50998 0.5 0.5 0.5 0.5 0.5 0.5 0.5 0.7157901 
Car 0.5 3 0 462.7126 183.65738 484.63785 199.19257 0.5 0.5 0.5 0.5 0.5 0.5 0.5 0.6896744 
Car 0.5 3 0 1020.5232 173.24971 1081.7578 192.6751 0.5 0.5 0.5 0.5 0.5 0.5 0.5 0.659423 
Car 0.5 3 0 968.87225 175.71353 1011.8648 194.4127 0.5 0.5 0.5 0.5 0.5 0.5 0.5 0.5942146 
Car 0.5 3 0 978.4314 172.35057 1080.5444 195.88603 0.5 0.5 0.5 0.5 0.5 0.5 0.5 0.5796797 
Car 0.5 3 0 833.29456 172.73547 859.49963 184.19339 0.5 0.5 0.5 0.5 0.5 0.5 0.5 0.5642516 
Car 0.5 3 0 334.9831 190.80302 368.4238 206.98323 0.5 0.5 0.5 0.5 0.5 0.5 0.5 0.5503894 
Car 0.5 3 0 860.7107 172.49011 880.81354 185.36565 0.5 0.5 0.5 0.5 0.5 0.5 0.5 0.5220529 
Car 0.5 3 0 910.5921 173.16663 941.5909 187.76955 0.5 0.5 0.5 0.5 0.5 0.5 0.5 0.5190431 
