Car 0.5 3 0 492.16196 185.43445 545.6167 230.49525 0.5 0.5 0.5 0.5 0.5 0.5 0.5 0.9882642 
Car 0.5 3 0 1180.5519 152.8351 1237.4305 171.45186 0.5 0.5 0.5 0.5 0.5 0.5 0.5 0.9745028 
Car 0.5 3 0 637.9207 173.60196 695.55145 206.09703 0.5 0.5 0.5 0.5 0.5 0.5 0.5 0.97309124 
Car 0.5 3 0 734.7905 172.28653 754.14136 185.51518 0.5 0.5 0.5 0.5 0.5 0.5 0.5 0.9709254 
Car 0.5 3 0 1149.5233 154.67947 1179.0112 173.01442 0.5 0.5 0.5 0.5 0.5 0.5 0.5 0.9707638 
Car 0.5 3 0 1033.926 158.40335 1064.3357 176.82597 0.5 0.5 0.5 0.5 0.5 0.5 0.5 0.9532173 
Car 0.5 3 0 1118.6102 154.19215 1154.3939 176.17793 0.5 0.5 0.5 0.5 0.5 0.5 0.5 0.9468946 
Car 0.5 3 0 1087.7684 158.3102 1122.1818 176.60062 0.5 0.5 0.5 0.5 0.5 0.5 0.5 0.9369749 
Car 0.5 3 0 801.70886 159.87228 829.3714 173.3016 0.5 0.5 0.5 0.5 0.5 0.5 0.5 0.92504776 
Car 0.5 3 0 891.7699 159.30261 914.15137 173.66518 0.5 0.5 0.5 0.5 0.5 0.5 0.5 0.92442024 
Car 0.5 3 0 1010.19403 159.259 1037.9645 176.00806 0.5 0.5 0.5 0.5 0.5 0.5 0.5 0.90626174 
Car 0.5 3 0 829.9084 160.75829 866.77527 173.18515 0.5 0.5 0.5 0.5 0.5 0.5 0.5 0.88411885 
Car 0.5 3 0 694.8997 171.45695 720.4937 191.29138 0.5 0.5 0.5 0.5 0.5 0.5 0.5 0.8529469 
Car 0.5 3 0 966.73425 160.74892 1010.167 177.89322 0.5 0.5 0.5 0.5 0.5 0.5 0.5 0.8111044 
Car 0.5 3 0 719.37366 171.16165 733.52386 183.85881 0.5 0.5 0.5 0.5 0.5 0.5 0.5 0.7993433 
Car 0.5 3 0 536.8937 174.2347 571.0405 199.90291 0.5 0.5 0.5 0.5 0.5 0.5 0.5 0.7454367 
Car 0.5 3 0 0.024513863 177.9335 90.8995 267.78693 0.5 0.5 0.5 0.5 0.5 0.5 0.5 0.7412701 
Car 0.5 3 0 858.7232 160.08862 890.1683 172.65446 0.5 0.5 0.5 0.5 0.5 0.5 0.5 0.70967954 
Car 0.5 3 0 1228.9255 154.99748 1241.5448 168.6026 0.5 0.5 0.5 0.5 0.5 0.5 0.5 0.6807881 
Car 0.5 3 0 514.1767 179.93155 539.81995 196.54494 0.5 0.5 0.5 0.5 0.5 0.5 0.5 0.6549811 
Car 0.5 3 0 631.236 176.25998 643.7858 188.7475 0.5 0.5 0.5 0.5 0.5 0.5 0.5 0.50014037 
