Car 0.5 3 0 408.956 184.1348 463.94382 215.15176 0.5 0.5 0.5 0.5 0.5 0.5 0.5 0.99298555 
Car 0.5 3 0 576.66724 173.94504 645.4311 213.96144 0.5 0.5 0.5 0.5 0.5 0.5 0.5 0.99185306 
Car 0.5 3 0 690.77673 170.56688 738.5395 206.54686 0.5 0.5 0.5 0.5 0.5 0.5 0.5 0.98225766 
Car 0.5 3 0 1170.2551 155.78206 1202.6144 178.09906 0.5 0.5 0.5 0.5 0.5 0.5 0.5 0.97843987 
Car 0.5 3 0 1201.9174 155.34619 1241.6647 174.45859 0.5 0.5 0.5 0.5 0.5 0.5 0.5 0.9731751 
Car 0.5 3 0 1136.3964 158.28113 1172.09 175.836 0.5 0.5 0.5 0.5 0.5 0.5 0.5 0.96960944 
Car 0.5 3 0 733.74207 170.2042 756.1563 190.52213 0.5 0.5 0.5 0.5 0.5 0.5 0.5 0.96146864 
Car 0.5 3 0 1104.6239 159.49828 1137.2557 177.1035 0.5 0.5 0.5 0.5 0.5 0.5 0.5 0.93818516 
Car 0.5 3 0 1044.1676 159.15112 1075.4288 176.87418 0.5 0.5 0.5 0.5 0.5 0.5 0.5 0.9322767 
Car 0.5 3 0 512.05786 180.20564 537.4913 201.75111 0.5 0.5 0.5 0.5 0.5 0.5 0.5 0.91734177 
Car 0.5 3 0 295.30197 192.93925 314.16092 208.50539 0.5 0.5 0.5 0.5 0.5 0.5 0.5 0.9072776 
Car 0.5 3 0 826.7588 160.3329 876.4136 173.146 0.5 0.5 0.5 0.5 0.5 0.5 0.5 0.8890223 
Car 0.5 3 0 542.49225 180.38606 562.9159 195.1938 0.5 0.5 0.5 0.5 0.5 0.5 0.5 0.8728513 
Car 0.5 3 0 476.6602 174.98871 496.13266 190.85872 0.5 0.5 0.5 0.5 0.5 0.5 0.5 0.7932914 
Pedestrian 0.5 3 0 359.21768 188.37798 373.6313 218.85567 0.5 0.5 0.5 0.5 0.5 0.5 0.5 0.78062683 
Car 0.5 3 0 678.80756 172.88626 694.70526 184.59198 0.5 0.5 0.5 0.5 0.5 0.5 0.5 0.7741566 
Car 0.5 3 0 1033.9924 160.23521 1048.8579 175.97992 0.5 0.5 0.5 0.5 0.5 0.5 0.5 0.7600352 
Car 0.5 3 0 824.17847 161.24388 843.68024 172.06871 0.5 0.5 0.5 0.5 0.5 0.5 0.5 0.72856814 
Car 0.5 3 0 890.16766 156.69043 924.56036 174.00414 0.5 0.5 0.5 0.5 0.5 0.5 0.5 0.70964295 
Car 0.5 3 0 330.82388 180.36638 350.18414 198.2514 0.5 0.5 0.5 0.5 0.5 0.5 0.5 0.6140062 
Car 0.5 3 0 855.0934 160.41971 887.1086 172.36363 0.5 0.5 0.5 0.5 0.5 0.5 0.5 0.55252546 
