Car 0.5 3 0 600.934 186.29965 655.7839 223.98726 0.5 0.5 0.5 0.5 0.5 0.5 0.5 0.99068767 
Car 0.5 3 0 250.47795 204.64891 272.59387 217.39319 0.5 0.5 0.5 0.5 0.5 0.5 0.5 0.95668626 
Car 0.5 3 0 1010.4388 177.88307 1035.5581 193.87924 0.5 0.5 0.5 0.5 0.5 0.5 0.5 0.9148231 
Car 0.5 3 0 1202.4648 175.70845 1241.8893 196.73854 0.5 0.5 0.5 0.5 0.5 0.5 0.5 0.8642798 
Car 0.5 3 0 1102.6777 176.82477 1130.7976 196.77402 0.5 0.5 0.5 0.5 0.5 0.5 0.5 0.8586661 
Car 0.5 3 0 806.7738 176.2528 824.23566 187.92177 0.5 0.5 0.5 0.5 0.5 0.5 0.5 0.84902257 
Car 0.5 3 0 1037.1628 177.75476 1054.3975 195.14436 0.5 0.5 0.5 0.5 0.5 0.5 0.5 0.8452041 
Car 0.5 3 0 872.1797 174.36006 901.37415 190.11348 0.5 0.5 0.5 0.5 0.5 0.5 0.5 0.8298952 
Car 0.5 3 0 806.06274 175.55957 849.2774 188.07954 0.5 0.5 0.5 0.5 0.5 0.5 0.5 0.7963346 
Pedestrian 0.5 3 0 416.15012 196.29463 425.97412 223.0963 0.5 0.5 0.5 0.5 0.5 0.5 0.5 0.73053217 
Car 0.5 3 0 783.04486 174.65547 806.2503 188.69849 0.5 0.5 0.5 0.5 0.5 0.5 0.5 0.7163649 
Car 0.5 3 0 830.1363 175.70334 868.2533 190.54521 0.5 0.5 0.5 0.5 0.5 0.5 0.5 0.7050336 
Car 0.5 3 0 848.7317 175.98343 868.37177 189.70227 0.5 0.5 0.5 0.5 0.5 0.5 0.5 0.6846864 
Car 0.5 3 0 443.6936 186.76303 467.09048 203.26073 0.5 0.5 0.5 0.5 0.5 0.5 0.5 0.65717036 
Car 0.5 3 0 295.11624 191.77074 318.02307 208.2057 0.5 0.5 0.5 0.5 0.5 0.5 0.5 0.6283421 
Car 0.5 3 0 829.8444 176.2307 852.13086 188.16763 0.5 0.5 0.5 0.5 0.5 0.5 0.5 0.62645084 
Car 0.5 3 0 1037.046 177.68976 1087.3353 195.19844 0.5 0.5 0.5 0.5 0.5 0.5 0.5 0.61014855 
Car 0.5 3 0 270.5178 201.39659 291.42685 213.6642 0.5 0.5 0.5 0.5 0.5 0.5 0.5 0.5945468 
Car 0.5 3 0 318.04825 194.46344 350.59326 207.35689 0.5 0.5 0.5 0.5 0.5 0.5 0.5 0.5891652 
