Car 0.5 3 0 366.67914 183.41388 446.32605 220.47946 0.5 0.5 0.5 0.5 0.5 0.5 0.5 0.9921239 
Car 0.5 3 0 82.34881 192.02922 263.8801 252.11041 0.5 0.5 0.5 0.5 0.5 0.5 0.5 0.99038905 
Car 0.5 3 0 675.5912 170.86017 726.86786 208.30202 0.5 0.5 0.5 0.5 0.5 0.5 0.5 0.989336 
Car 0.5 3 0 1170.4894 156.13899 1200.4896 178.57413 0.5 0.5 0.5 0.5 0.5 0.5 0.5 0.9797767 
Car 0.5 3 0 1136.2069 157.69394 1172.0852 176.14859 0.5 0.5 0.5 0.5 0.5 0.5 0.5 0.96907526 
Car 0.5 3 0 1202.0942 155.73758 1241.1425 174.40865 0.5 0.5 0.5 0.5 0.5 0.5 0.5 0.96136624 
Car 0.5 3 0 529.06665 171.16907 562.31036 199.371 0.5 0.5 0.5 0.5 0.5 0.5 0.5 0.95362943 
Car 0.5 3 0 1104.3419 159.2986 1136.9904 177.22202 0.5 0.5 0.5 0.5 0.5 0.5 0.5 0.93585044 
Car 0.5 3 0 1044.0759 159.19554 1075.336 176.91734 0.5 0.5 0.5 0.5 0.5 0.5 0.5 0.9306101 
Car 0.5 3 0 479.64645 171.30609 529.0667 205.14801 0.5 0.5 0.5 0.5 0.5 0.5 0.5 0.9296078 
Car 0.5 3 0 826.14435 160.33588 876.25366 173.13968 0.5 0.5 0.5 0.5 0.5 0.5 0.5 0.898903 
Car 0.5 3 0 295.37613 192.93118 314.03244 208.34003 0.5 0.5 0.5 0.5 0.5 0.5 0.5 0.85451007 
Car 0.5 3 0 890.28 157.02461 926.3351 173.8749 0.5 0.5 0.5 0.5 0.5 0.5 0.5 0.7945138 
Car 0.5 3 0 330.98465 179.3121 350.9928 197.99689 0.5 0.5 0.5 0.5 0.5 0.5 0.5 0.75273955 
Car 0.5 3 0 1034.5149 160.26224 1049.3928 175.82709 0.5 0.5 0.5 0.5 0.5 0.5 0.5 0.7215587 
Car 0.5 3 0 352.0243 183.47047 387.5906 204.72417 0.5 0.5 0.5 0.5 0.5 0.5 0.5 0.70166886 
Car 0.5 3 0 662.39075 153.38039 702.6095 195.28223 0.5 0.5 0.5 0.5 0.5 0.5 0.5 0.7014736 
Car 0.5 3 0 825.7832 161.41013 846.10266 171.28607 0.5 0.5 0.5 0.5 0.5 0.5 0.5 0.69539326 
Car 0.5 3 0 861.21075 160.39491 886.8461 171.76991 0.5 0.5 0.5 0.5 0.5 0.5 0.5 0.6200421 
Car 0.5 3 0 731.8108 166.39273 759.8137 189.86227 0.5 0.5 0.5 0.5 0.5 0.5 0.5 0.5240104 
Car 0.5 3 0 312.68024 191.14726 332.68536 204.20355 0.5 0.5 0.5 0.5 0.5 0.5 0.5 0.51767606 
Car 0.5 3 0 970.7337 161.51909 1000.689 175.22293 0.5 0.5 0.5 0.5 0.5 0.5 0.5 0.5057356 
