Car 0.5 3 0 32.425385 174.99763 84.36719 190.51347 0.5 0.5 0.5 0.5 0.5 0.5 0.5 0.9215979 
Pedestrian 0.5 3 0 380.04825 164.2342 397.9648 224.5332 0.5 0.5 0.5 0.5 0.5 0.5 0.5 0.9164182 
Pedestrian 0.5 3 0 418.9267 157.0187 466.5594 219.3927 0.5 0.5 0.5 0.5 0.5 0.5 0.5 0.87893534 
Car 0.5 3 0 260.04852 172.49326 284.93997 189.16003 0.5 0.5 0.5 0.5 0.5 0.5 0.5 0.70296603 
Pedestrian 0.5 3 0 493.0428 183.18604 506.72363 212.52962 0.5 0.5 0.5 0.5 0.5 0.5 0.5 0.6930736 
Car 0.5 3 0 223.77869 174.05908 271.2616 190.5995 0.5 0.5 0.5 0.5 0.5 0.5 0.5 0.6637114 
Car 0.5 3 0 1.6574883 175.06935 34.293972 198.07169 0.5 0.5 0.5 0.5 0.5 0.5 0.5 0.6381468 
Car 0.5 3 0 633.5131 170.2067 665.4758 180.4313 0.5 0.5 0.5 0.5 0.5 0.5 0.5 0.62395126 
Car 0.5 3 0 153.71687 173.31566 211.3656 189.18742 0.5 0.5 0.5 0.5 0.5 0.5 0.5 0.57025343 
Car 0.5 3 0 690.74585 172.17813 711.1508 181.59186 0.5 0.5 0.5 0.5 0.5 0.5 0.5 0.51971734 
