Car 0.5 3 0 522.9553 178.48518 609.816 224.12715 0.5 0.5 0.5 0.5 0.5 0.5 0.5 0.9959494 
Car 0.5 3 0 1170.8322 156.36421 1200.5884 177.93735 0.5 0.5 0.5 0.5 0.5 0.5 0.5 0.9823558 
Car 0.5 3 0 680.90753 171.92781 711.8406 193.79416 0.5 0.5 0.5 0.5 0.5 0.5 0.5 0.9759209 
Car 0.5 3 0 1136.5076 157.1832 1173.218 175.91284 0.5 0.5 0.5 0.5 0.5 0.5 0.5 0.971395 
Car 0.5 3 0 1201.8578 155.04109 1241.5281 174.22498 0.5 0.5 0.5 0.5 0.5 0.5 0.5 0.9638297 
Car 0.5 3 0 715.7077 171.25198 733.4611 184.99614 0.5 0.5 0.5 0.5 0.5 0.5 0.5 0.9581628 
Car 0.5 3 0 1104.667 159.5507 1136.8962 177.19266 0.5 0.5 0.5 0.5 0.5 0.5 0.5 0.93536794 
Car 0.5 3 0 1043.956 159.14378 1075.6827 176.9071 0.5 0.5 0.5 0.5 0.5 0.5 0.5 0.93522006 
Car 0.5 3 0 826.3144 160.3097 876.2963 173.26805 0.5 0.5 0.5 0.5 0.5 0.5 0.5 0.9089173 
Car 0.5 3 0 209.35252 159.44287 375.4888 237.19907 0.5 0.5 0.5 0.5 0.5 0.5 0.5 0.78337234 
Car 0.5 3 0 890.46967 156.58006 926.5997 173.84998 0.5 0.5 0.5 0.5 0.5 0.5 0.5 0.7765469 
Car 0.5 3 0 859.7113 160.27428 888.4696 172.68082 0.5 0.5 0.5 0.5 0.5 0.5 0.5 0.7482458 
Car 0.5 3 0 825.67096 161.41248 845.9081 171.33246 0.5 0.5 0.5 0.5 0.5 0.5 0.5 0.7481688 
Car 0.5 3 0 1034.5652 159.88461 1049.1663 175.90286 0.5 0.5 0.5 0.5 0.5 0.5 0.5 0.7449954 
Car 0.5 3 0 633.5334 164.86356 662.8626 182.54764 0.5 0.5 0.5 0.5 0.5 0.5 0.5 0.66823757 
Car 0.5 3 0 968.7814 161.69797 999.80475 177.37335 0.5 0.5 0.5 0.5 0.5 0.5 0.5 0.52583116 
Car 0.5 3 0 695.48413 170.91655 715.76843 191.49866 0.5 0.5 0.5 0.5 0.5 0.5 0.5 0.51259035 
