Car 0.5 3 0 461.52136 173.66417 531.8532 202.28818 0.5 0.5 0.5 0.5 0.5 0.5 0.5 0.9843109 
Car 0.5 3 0 265.633 176.09596 367.8119 209.42654 0.5 0.5 0.5 0.5 0.5 0.5 0.5 0.9639571 
Car 0.5 3 0 709.3572 175.79164 737.16565 189.1465 0.5 0.5 0.5 0.5 0.5 0.5 0.5 0.95639503 
Car 0.5 3 0 746.2834 173.11046 778.3786 190.35703 0.5 0.5 0.5 0.5 0.5 0.5 0.5 0.93281144 
Car 0.5 3 0 922.50696 176.04144 937.7744 189.46 0.5 0.5 0.5 0.5 0.5 0.5 0.5 0.88258696 
Car 0.5 3 0 99.705025 170.87143 172.01529 192.29404 0.5 0.5 0.5 0.5 0.5 0.5 0.5 0.8652007 
Car 0.5 3 0 1107.5822 175.39584 1132.3639 185.30371 0.5 0.5 0.5 0.5 0.5 0.5 0.5 0.82945544 
Car 0.5 3 0 600.6052 169.09312 655.54767 196.94215 0.5 0.5 0.5 0.5 0.5 0.5 0.5 0.82489884 
Car 0.5 3 0 0.39340538 166.76367 32.67265 187.66338 0.5 0.5 0.5 0.5 0.5 0.5 0.5 0.7372597 
Car 0.5 3 0 905.67346 175.04099 936.2543 190.52771 0.5 0.5 0.5 0.5 0.5 0.5 0.5 0.7347508 
Car 0.5 3 0 814.22314 175.88713 846.2982 193.61366 0.5 0.5 0.5 0.5 0.5 0.5 0.5 0.7191967 
Car 0.5 3 0 1173.6696 174.27475 1193.3506 183.79991 0.5 0.5 0.5 0.5 0.5 0.5 0.5 0.64516026 
Car 0.5 3 0 778.46387 175.08315 797.76556 187.64139 0.5 0.5 0.5 0.5 0.5 0.5 0.5 0.6152435 
Car 0.5 3 0 1142.7389 173.83894 1174.8859 184.50316 0.5 0.5 0.5 0.5 0.5 0.5 0.5 0.58500975 
Car 0.5 3 0 98.28254 171.20901 201.1653 200.74854 0.5 0.5 0.5 0.5 0.5 0.5 0.5 0.56687826 
Car 0.5 3 0 775.5507 173.34709 804.8474 190.24414 0.5 0.5 0.5 0.5 0.5 0.5 0.5 0.5096424 
