Car 0.5 3 0 388.53088 186.77278 574.0785 283.50897 0.5 0.5 0.5 0.5 0.5 0.5 0.5 0.9887728 
Car 0.5 3 0 1136.2047 157.56548 1172.2301 176.16357 0.5 0.5 0.5 0.5 0.5 0.5 0.5 0.98008245 
Car 0.5 3 0 1170.348 156.04062 1202.2178 177.77061 0.5 0.5 0.5 0.5 0.5 0.5 0.5 0.97726417 
Car 0.5 3 0 0.43938 193.04335 198.18034 261.78043 0.5 0.5 0.5 0.5 0.5 0.5 0.5 0.9714569 
Car 0.5 3 0 648.9731 171.67506 690.36835 199.50223 0.5 0.5 0.5 0.5 0.5 0.5 0.5 0.9679518 
Car 0.5 3 0 1202.023 155.87643 1241.2906 174.39969 0.5 0.5 0.5 0.5 0.5 0.5 0.5 0.9610765 
Car 0.5 3 0 362.2536 183.60194 438.97366 218.65244 0.5 0.5 0.5 0.5 0.5 0.5 0.5 0.9572371 
Car 0.5 3 0 1104.3378 159.5424 1137.1978 177.19777 0.5 0.5 0.5 0.5 0.5 0.5 0.5 0.947019 
Car 0.5 3 0 1044.0369 159.09395 1076.6678 176.86879 0.5 0.5 0.5 0.5 0.5 0.5 0.5 0.9281694 
Car 0.5 3 0 295.46957 192.99625 314.0916 208.3473 0.5 0.5 0.5 0.5 0.5 0.5 0.5 0.900663 
Car 0.5 3 0 826.68585 160.33234 875.7606 173.21841 0.5 0.5 0.5 0.5 0.5 0.5 0.5 0.87437546 
Car 0.5 3 0 525.3438 176.18108 556.0515 196.10457 0.5 0.5 0.5 0.5 0.5 0.5 0.5 0.7868765 
Car 0.5 3 0 860.02136 160.26064 888.464 172.74886 0.5 0.5 0.5 0.5 0.5 0.5 0.5 0.7612714 
Car 0.5 3 0 890.03516 157.22641 925.24835 173.92809 0.5 0.5 0.5 0.5 0.5 0.5 0.5 0.75288785 
Car 0.5 3 0 330.83698 179.25092 351.03177 197.86661 0.5 0.5 0.5 0.5 0.5 0.5 0.5 0.73907596 
Car 0.5 3 0 1034.5377 160.24048 1048.8925 175.84682 0.5 0.5 0.5 0.5 0.5 0.5 0.5 0.7315558 
Car 0.5 3 0 681.7488 173.34851 694.10596 183.7496 0.5 0.5 0.5 0.5 0.5 0.5 0.5 0.71242213 
Car 0.5 3 0 825.7005 161.32927 845.9395 171.35016 0.5 0.5 0.5 0.5 0.5 0.5 0.5 0.70996416 
Car 0.5 3 0 354.31143 182.4634 385.8585 200.29277 0.5 0.5 0.5 0.5 0.5 0.5 0.5 0.6112188 
Car 0.5 3 0 719.34534 163.77745 756.76227 196.94525 0.5 0.5 0.5 0.5 0.5 0.5 0.5 0.578013 
Car 0.5 3 0 313.02365 191.24023 332.51434 204.37663 0.5 0.5 0.5 0.5 0.5 0.5 0.5 0.57105476 
