Car 0.5 3 0 251.13303 184.80432 361.1925 235.99678 0.5 0.5 0.5 0.5 0.5 0.5 0.5 0.9907781 
Car 0.5 3 0 1127.9601 159.74197 1160.0282 177.53441 0.5 0.5 0.5 0.5 0.5 0.5 0.5 0.9739875 
Car 0.5 3 0 1157.725 157.07904 1192.0695 177.70377 0.5 0.5 0.5 0.5 0.5 0.5 0.5 0.97143745 
Car 0.5 3 0 1097.0315 160.96466 1128.5674 178.78053 0.5 0.5 0.5 0.5 0.5 0.5 0.5 0.97060835 
Car 0.5 3 0 473.17172 182.14136 513.35455 210.6643 0.5 0.5 0.5 0.5 0.5 0.5 0.5 0.96642804 
Car 0.5 3 0 1191.046 156.58904 1228.5385 174.65189 0.5 0.5 0.5 0.5 0.5 0.5 0.5 0.9590012 
Car 0.5 3 0 1038.6594 161.05466 1069.65 178.5342 0.5 0.5 0.5 0.5 0.5 0.5 0.5 0.95523095 
Car 0.5 3 0 687.67004 173.91136 729.9009 202.46346 0.5 0.5 0.5 0.5 0.5 0.5 0.5 0.95346427 
Car 0.5 3 0 728.7436 175.09897 743.48584 186.85638 0.5 0.5 0.5 0.5 0.5 0.5 0.5 0.9489249 
Car 0.5 3 0 1015.6428 161.24554 1043.1895 177.02734 0.5 0.5 0.5 0.5 0.5 0.5 0.5 0.9437678 
Car 0.5 3 0 831.6499 162.24236 880.527 174.54271 0.5 0.5 0.5 0.5 0.5 0.5 0.5 0.8605677 
Car 0.5 3 0 890.645 161.0232 924.07025 176.13873 0.5 0.5 0.5 0.5 0.5 0.5 0.5 0.83009285 
Car 0.5 3 0 662.2278 175.99785 691.07465 200.21141 0.5 0.5 0.5 0.5 0.5 0.5 0.5 0.82841283 
Car 0.5 3 0 828.2721 163.44055 856.0727 175.84457 0.5 0.5 0.5 0.5 0.5 0.5 0.5 0.7925435 
Pedestrian 0.5 3 0 219.70007 200.4959 232.42548 241.56767 0.5 0.5 0.5 0.5 0.5 0.5 0.5 0.7473061 
Car 0.5 3 0 809.1872 162.19911 827.7088 175.50066 0.5 0.5 0.5 0.5 0.5 0.5 0.5 0.61889756 
Pedestrian 0.5 3 0 383.61438 193.5199 394.99783 221.11526 0.5 0.5 0.5 0.5 0.5 0.5 0.5 0.6087454 
Car 0.5 3 0 994.8473 161.88448 1019.10693 177.36333 0.5 0.5 0.5 0.5 0.5 0.5 0.5 0.60196036 
Car 0.5 3 0 370.80673 187.46683 396.97174 208.67177 0.5 0.5 0.5 0.5 0.5 0.5 0.5 0.57679963 
Car 0.5 3 0 857.9029 162.13023 888.8879 175.11536 0.5 0.5 0.5 0.5 0.5 0.5 0.5 0.54742163 
