Car 0.5 3 0 448.7168 176.37451 532.50476 217.74632 0.5 0.5 0.5 0.5 0.5 0.5 0.5 0.99796224 
Car 0.5 3 0 44.688484 186.96407 197.22371 237.33324 0.5 0.5 0.5 0.5 0.5 0.5 0.5 0.9967489 
Car 0.5 3 0 398.25366 171.53287 464.62952 207.80554 0.5 0.5 0.5 0.5 0.5 0.5 0.5 0.98727953 
Car 0.5 3 0 576.7757 173.405 627.9716 202.06401 0.5 0.5 0.5 0.5 0.5 0.5 0.5 0.98495525 
Car 0.5 3 0 221.0991 186.73526 361.85754 241.43808 0.5 0.5 0.5 0.5 0.5 0.5 0.5 0.9763667 
Car 0.5 3 0 980.30383 160.29784 1021.25073 173.85004 0.5 0.5 0.5 0.5 0.5 0.5 0.5 0.95608157 
Car 0.5 3 0 703.8598 170.19356 727.29266 188.65083 0.5 0.5 0.5 0.5 0.5 0.5 0.5 0.95570284 
Car 0.5 3 0 820.5177 160.82303 850.9834 173.51222 0.5 0.5 0.5 0.5 0.5 0.5 0.5 0.9171883 
Car 0.5 3 0 535.3417 169.68356 578.9502 195.91608 0.5 0.5 0.5 0.5 0.5 0.5 0.5 0.9039913 
Car 0.5 3 0 1116.3008 160.0878 1146.7527 172.20755 0.5 0.5 0.5 0.5 0.5 0.5 0.5 0.9032195 
Car 0.5 3 0 1035.8751 159.48985 1063.3931 175.03415 0.5 0.5 0.5 0.5 0.5 0.5 0.5 0.9006972 
Car 0.5 3 0 721.2625 166.7936 741.5066 185.61288 0.5 0.5 0.5 0.5 0.5 0.5 0.5 0.8915062 
Car 0.5 3 0 1152.3873 159.65605 1179.535 171.85825 0.5 0.5 0.5 0.5 0.5 0.5 0.5 0.8566023 
Pedestrian 0.5 3 0 783.0842 150.98509 794.33826 187.30406 0.5 0.5 0.5 0.5 0.5 0.5 0.5 0.7868726 
Car 0.5 3 0 1057.0104 159.94226 1082.304 173.78221 0.5 0.5 0.5 0.5 0.5 0.5 0.5 0.7835163 
Car 0.5 3 0 1183.213 156.95296 1227.1239 172.6058 0.5 0.5 0.5 0.5 0.5 0.5 0.5 0.78037083 
Car 0.5 3 0 904.2075 160.03976 922.62805 172.57796 0.5 0.5 0.5 0.5 0.5 0.5 0.5 0.77139074 
Car 0.5 3 0 855.24664 160.8659 901.42834 173.38745 0.5 0.5 0.5 0.5 0.5 0.5 0.5 0.7003419 
Car 0.5 3 0 1180.9622 157.82915 1203.6213 172.91905 0.5 0.5 0.5 0.5 0.5 0.5 0.5 0.6462822 
Car 0.5 3 0 1223.7996 155.82155 1242.0 173.176 0.5 0.5 0.5 0.5 0.5 0.5 0.5 0.6298078 
Car 0.5 3 0 686.83453 172.09563 699.85547 181.05708 0.5 0.5 0.5 0.5 0.5 0.5 0.5 0.62711567 
Car 0.5 3 0 708.9334 167.87729 737.19824 186.5466 0.5 0.5 0.5 0.5 0.5 0.5 0.5 0.54664487 
Car 0.5 3 0 1000.96497 161.20047 1020.78296 173.01393 0.5 0.5 0.5 0.5 0.5 0.5 0.5 0.53114486 
Car 0.5 3 0 1076.5825 163.13306 1089.4254 173.06969 0.5 0.5 0.5 0.5 0.5 0.5 0.5 0.5021063 
