Car 0.5 3 0 399.94693 182.04825 456.64105 216.34297 0.5 0.5 0.5 0.5 0.5 0.5 0.5 0.99448436 
Car 0.5 3 0 445.16852 169.22865 617.80273 276.68527 0.5 0.5 0.5 0.5 0.5 0.5 0.5 0.98864275 
Car 0.5 3 0 1169.8417 156.01619 1201.2897 178.5773 0.5 0.5 0.5 0.5 0.5 0.5 0.5 0.97869647 
Car 0.5 3 0 3.414589 193.52974 186.98784 263.0934 0.5 0.5 0.5 0.5 0.5 0.5 0.5 0.9785704 
Car 0.5 3 0 1136.2145 157.44861 1172.595 176.26614 0.5 0.5 0.5 0.5 0.5 0.5 0.5 0.97588015 
Car 0.5 3 0 1202.0171 155.70187 1241.347 174.43295 0.5 0.5 0.5 0.5 0.5 0.5 0.5 0.96405953 
Car 0.5 3 0 686.4049 171.46964 710.7316 191.40005 0.5 0.5 0.5 0.5 0.5 0.5 0.5 0.962685 
Car 0.5 3 0 1104.3627 159.3934 1137.0659 177.18744 0.5 0.5 0.5 0.5 0.5 0.5 0.5 0.94579226 
Car 0.5 3 0 732.4053 171.31497 754.7432 188.16367 0.5 0.5 0.5 0.5 0.5 0.5 0.5 0.9274882 
Car 0.5 3 0 1044.0835 159.11992 1073.4691 176.65833 0.5 0.5 0.5 0.5 0.5 0.5 0.5 0.9217215 
Car 0.5 3 0 714.61743 170.78574 731.716 184.64273 0.5 0.5 0.5 0.5 0.5 0.5 0.5 0.9138581 
Car 0.5 3 0 295.5677 193.07037 314.3289 207.90686 0.5 0.5 0.5 0.5 0.5 0.5 0.5 0.904121 
Car 0.5 3 0 825.9559 160.41902 875.174 173.33394 0.5 0.5 0.5 0.5 0.5 0.5 0.5 0.8728414 
Car 0.5 3 0 1033.9106 160.46672 1048.5302 175.92484 0.5 0.5 0.5 0.5 0.5 0.5 0.5 0.80696875 
Car 0.5 3 0 859.8296 160.20389 888.4952 172.6938 0.5 0.5 0.5 0.5 0.5 0.5 0.5 0.7748905 
Car 0.5 3 0 890.0256 156.96538 926.2591 173.75635 0.5 0.5 0.5 0.5 0.5 0.5 0.5 0.7699565 
Car 0.5 3 0 331.0904 179.25153 350.94547 198.15752 0.5 0.5 0.5 0.5 0.5 0.5 0.5 0.71832204 
Pedestrian 0.5 3 0 359.06104 187.08577 373.44904 219.53862 0.5 0.5 0.5 0.5 0.5 0.5 0.5 0.67908984 
Car 0.5 3 0 825.72394 161.42355 846.1385 171.45769 0.5 0.5 0.5 0.5 0.5 0.5 0.5 0.6707683 
Car 0.5 3 0 312.87485 191.32677 332.1404 204.19627 0.5 0.5 0.5 0.5 0.5 0.5 0.5 0.61878484 
Car 0.5 3 0 673.4395 174.57544 687.9274 190.1435 0.5 0.5 0.5 0.5 0.5 0.5 0.5 0.5810945 
