Car 0.5 3 0 378.533 188.8992 500.6164 242.789 0.5 0.5 0.5 0.5 0.5 0.5 0.5 0.9955609 
Car 0.5 3 0 589.7841 174.28767 658.0797 211.14276 0.5 0.5 0.5 0.5 0.5 0.5 0.5 0.99246585 
Car 0.5 3 0 643.85364 173.09073 676.1997 201.09297 0.5 0.5 0.5 0.5 0.5 0.5 0.5 0.9823924 
Car 0.5 3 0 1136.1694 153.70801 1164.3241 170.63615 0.5 0.5 0.5 0.5 0.5 0.5 0.5 0.9711509 
Car 0.5 3 0 528.2719 179.54382 553.4334 200.44745 0.5 0.5 0.5 0.5 0.5 0.5 0.5 0.96622735 
Car 0.5 3 0 794.70593 159.78528 827.6007 172.60121 0.5 0.5 0.5 0.5 0.5 0.5 0.5 0.95507 
Car 0.5 3 0 138.18576 175.33981 273.13986 241.08614 0.5 0.5 0.5 0.5 0.5 0.5 0.5 0.9539719 
Car 0.5 3 0 736.95135 170.8881 756.50934 185.37021 0.5 0.5 0.5 0.5 0.5 0.5 0.5 0.94203216 
Car 0.5 3 0 1105.5876 156.90257 1136.6077 174.4299 0.5 0.5 0.5 0.5 0.5 0.5 0.5 0.93443334 
Car 0.5 3 0 1209.7849 153.24078 1241.7526 167.48953 0.5 0.5 0.5 0.5 0.5 0.5 0.5 0.92884445 
Car 0.5 3 0 1026.0889 158.10913 1052.8953 173.64062 0.5 0.5 0.5 0.5 0.5 0.5 0.5 0.9280685 
Car 0.5 3 0 450.20602 178.79335 494.17606 202.71011 0.5 0.5 0.5 0.5 0.5 0.5 0.5 0.927972 
Car 0.5 3 0 1165.426 153.08601 1205.9226 169.1953 0.5 0.5 0.5 0.5 0.5 0.5 0.5 0.9267488 
Car 0.5 3 0 1076.9235 157.39233 1108.0526 175.5764 0.5 0.5 0.5 0.5 0.5 0.5 0.5 0.91818804 
Car 0.5 3 0 0.0 146.48694 215.62148 358.34564 0.5 0.5 0.5 0.5 0.5 0.5 0.5 0.9080949 
Car 0.5 3 0 722.4755 169.08945 740.2781 183.63107 0.5 0.5 0.5 0.5 0.5 0.5 0.5 0.90604407 
Car 0.5 3 0 829.7908 159.35675 878.1258 172.25174 0.5 0.5 0.5 0.5 0.5 0.5 0.5 0.894567 
Car 0.5 3 0 1003.7158 158.8594 1027.3285 172.79054 0.5 0.5 0.5 0.5 0.5 0.5 0.5 0.8839771 
Pedestrian 0.5 3 0 273.35263 189.50816 290.67853 228.30646 0.5 0.5 0.5 0.5 0.5 0.5 0.5 0.8801185 
Car 0.5 3 0 690.1321 172.26318 713.5559 190.38687 0.5 0.5 0.5 0.5 0.5 0.5 0.5 0.85446084 
Car 0.5 3 0 551.1927 171.51372 580.1461 196.50775 0.5 0.5 0.5 0.5 0.5 0.5 0.5 0.79827577 
Car 0.5 3 0 678.6012 173.04327 693.8957 189.47935 0.5 0.5 0.5 0.5 0.5 0.5 0.5 0.7915418 
Car 0.5 3 0 497.7459 177.74126 519.0294 193.29103 0.5 0.5 0.5 0.5 0.5 0.5 0.5 0.76987314 
Car 0.5 3 0 359.94803 181.55002 381.98615 198.932 0.5 0.5 0.5 0.5 0.5 0.5 0.5 0.71338755 
Car 0.5 3 0 702.17194 168.36838 721.85254 187.64282 0.5 0.5 0.5 0.5 0.5 0.5 0.5 0.6931821 
Car 0.5 3 0 902.2057 158.57883 926.1961 171.95076 0.5 0.5 0.5 0.5 0.5 0.5 0.5 0.67649317 
Car 0.5 3 0 959.4221 160.89081 980.62177 174.85715 0.5 0.5 0.5 0.5 0.5 0.5 0.5 0.6740296 
Car 0.5 3 0 829.2468 160.82962 849.1058 171.70033 0.5 0.5 0.5 0.5 0.5 0.5 0.5 0.6590363 
Car 0.5 3 0 333.90967 194.71326 347.87283 208.2279 0.5 0.5 0.5 0.5 0.5 0.5 0.5 0.56622326 
