Car 0.5 3 0 609.9077 185.90677 650.7012 215.96114 0.5 0.5 0.5 0.5 0.5 0.5 0.5 0.98306894 
Car 0.5 3 0 1148.0509 177.68895 1183.2935 199.07668 0.5 0.5 0.5 0.5 0.5 0.5 0.5 0.9721629 
Car 0.5 3 0 1008.94244 179.44168 1043.6554 198.16771 0.5 0.5 0.5 0.5 0.5 0.5 0.5 0.95810515 
Car 0.5 3 0 656.58624 185.41664 670.17145 196.76976 0.5 0.5 0.5 0.5 0.5 0.5 0.5 0.94676876 
Car 0.5 3 0 735.4397 172.96872 769.5073 187.95985 0.5 0.5 0.5 0.5 0.5 0.5 0.5 0.9392435 
Car 0.5 3 0 981.69257 178.26886 1009.1255 195.43565 0.5 0.5 0.5 0.5 0.5 0.5 0.5 0.93704987 
Car 0.5 3 0 1183.6725 178.88594 1231.5785 198.64548 0.5 0.5 0.5 0.5 0.5 0.5 0.5 0.93277925 
Car 0.5 3 0 1040.056 178.06577 1067.3756 195.32881 0.5 0.5 0.5 0.5 0.5 0.5 0.5 0.87062347 
Car 0.5 3 0 773.21423 175.81686 794.8296 186.18379 0.5 0.5 0.5 0.5 0.5 0.5 0.5 0.8332678 
Car 0.5 3 0 1077.812 179.9541 1108.0078 198.9361 0.5 0.5 0.5 0.5 0.5 0.5 0.5 0.82661134 
Car 0.5 3 0 183.96085 202.93013 205.3195 216.9943 0.5 0.5 0.5 0.5 0.5 0.5 0.5 0.82514197 
Car 0.5 3 0 840.73956 175.0094 870.50665 190.25478 0.5 0.5 0.5 0.5 0.5 0.5 0.5 0.8172066 
Car 0.5 3 0 774.88446 175.82343 810.82996 187.44109 0.5 0.5 0.5 0.5 0.5 0.5 0.5 0.8149922 
Car 0.5 3 0 402.98367 187.35492 435.42435 204.87898 0.5 0.5 0.5 0.5 0.5 0.5 0.5 0.80200416 
Pedestrian 0.5 3 0 353.57126 195.82146 364.9669 223.91801 0.5 0.5 0.5 0.5 0.5 0.5 0.5 0.79269046 
Car 0.5 3 0 400.0526 185.55272 418.47888 202.12773 0.5 0.5 0.5 0.5 0.5 0.5 0.5 0.7919262 
Car 0.5 3 0 888.4706 177.41833 927.5344 193.54073 0.5 0.5 0.5 0.5 0.5 0.5 0.5 0.7149627 
Car 0.5 3 0 734.98303 175.00453 752.6535 187.22238 0.5 0.5 0.5 0.5 0.5 0.5 0.5 0.66753304 
Car 0.5 3 0 182.77591 202.4428 219.81953 219.15031 0.5 0.5 0.5 0.5 0.5 0.5 0.5 0.5660554 
