Car 0.5 3 0 0.0 182.21101 99.47721 268.5915 0.5 0.5 0.5 0.5 0.5 0.5 0.5 0.9882763 
Car 0.5 3 0 927.5561 175.20265 1019.75214 231.93295 0.5 0.5 0.5 0.5 0.5 0.5 0.5 0.98711824 
Car 0.5 3 0 820.4492 170.88606 907.54 235.26273 0.5 0.5 0.5 0.5 0.5 0.5 0.5 0.9859812 
Car 0.5 3 0 273.47464 176.91052 322.3315 207.7979 0.5 0.5 0.5 0.5 0.5 0.5 0.5 0.96902746 
Car 0.5 3 0 62.850475 187.76125 139.67894 239.0607 0.5 0.5 0.5 0.5 0.5 0.5 0.5 0.9565522 
Car 0.5 3 0 63.895363 180.17633 188.49352 230.07805 0.5 0.5 0.5 0.5 0.5 0.5 0.5 0.9250751 
Car 0.5 3 0 317.49435 175.33206 345.24393 201.75288 0.5 0.5 0.5 0.5 0.5 0.5 0.5 0.84777004 
Car 0.5 3 0 740.2681 170.66489 758.47107 178.82933 0.5 0.5 0.5 0.5 0.5 0.5 0.5 0.7798664 
Car 0.5 3 0 357.16296 174.6882 399.2345 193.1033 0.5 0.5 0.5 0.5 0.5 0.5 0.5 0.77932984 
Car 0.5 3 0 415.15192 178.62251 430.7146 187.29184 0.5 0.5 0.5 0.5 0.5 0.5 0.5 0.7669111 
Car 0.5 3 0 244.12456 173.21892 298.71185 213.31445 0.5 0.5 0.5 0.5 0.5 0.5 0.5 0.73216295 
Pedestrian 0.5 3 0 585.6406 165.56734 597.0938 197.38237 0.5 0.5 0.5 0.5 0.5 0.5 0.5 0.72683156 
Car 0.5 3 0 463.49637 177.69528 491.96097 189.99156 0.5 0.5 0.5 0.5 0.5 0.5 0.5 0.6755292 
Car 0.5 3 0 27.106916 182.8793 119.1374 250.88255 0.5 0.5 0.5 0.5 0.5 0.5 0.5 0.6627418 
Pedestrian 0.5 3 0 584.0669 164.34892 592.7845 190.134 0.5 0.5 0.5 0.5 0.5 0.5 0.5 0.6168539 
Pedestrian 0.5 3 0 688.77106 168.12454 699.0217 193.99101 0.5 0.5 0.5 0.5 0.5 0.5 0.5 0.60156065 
Car 0.5 3 0 795.47034 166.11145 819.01544 177.55847 0.5 0.5 0.5 0.5 0.5 0.5 0.5 0.58283556 
Car 0.5 3 0 112.77455 165.56961 296.5039 217.39706 0.5 0.5 0.5 0.5 0.5 0.5 0.5 0.5491311 
Car 0.5 3 0 201.04155 176.63913 279.30353 216.62976 0.5 0.5 0.5 0.5 0.5 0.5 0.5 0.53504723 
