Car 0.5 3 0 556.76965 173.6098 595.57587 186.88922 0.5 0.5 0.5 0.5 0.5 0.5 0.5 0.97890913 
Car 0.5 3 0 21.981848 185.44252 91.646736 202.33073 0.5 0.5 0.5 0.5 0.5 0.5 0.5 0.8780336 
Car 0.5 3 0 352.65927 177.21968 404.22562 195.58858 0.5 0.5 0.5 0.5 0.5 0.5 0.5 0.86227226 
Car 0.5 3 0 709.74255 169.33487 730.67926 181.75961 0.5 0.5 0.5 0.5 0.5 0.5 0.5 0.86212975 
Car 0.5 3 0 634.65454 173.08417 667.86835 183.15657 0.5 0.5 0.5 0.5 0.5 0.5 0.5 0.8118524 
Car 0.5 3 0 812.13245 166.86171 838.79486 178.37878 0.5 0.5 0.5 0.5 0.5 0.5 0.5 0.73241144 
Car 0.5 3 0 9.277646 185.65804 98.925385 216.41002 0.5 0.5 0.5 0.5 0.5 0.5 0.5 0.6975376 
Car 0.5 3 0 473.37933 176.10564 501.0456 191.84767 0.5 0.5 0.5 0.5 0.5 0.5 0.5 0.6699426 
Car 0.5 3 0 422.1553 175.74799 460.8448 199.3443 0.5 0.5 0.5 0.5 0.5 0.5 0.5 0.65587735 
Car 0.5 3 0 751.9161 166.83238 778.2664 181.00655 0.5 0.5 0.5 0.5 0.5 0.5 0.5 0.6144115 
