Car 0.5 3 0 381.0011 178.01376 425.81534 200.87506 0.5 0.5 0.5 0.5 0.5 0.5 0.5 0.9568219 
Car 0.5 3 0 393.19437 176.10814 437.79758 198.38048 0.5 0.5 0.5 0.5 0.5 0.5 0.5 0.94420975 
Pedestrian 0.5 3 0 666.7594 176.28503 688.8347 230.29591 0.5 0.5 0.5 0.5 0.5 0.5 0.5 0.9387112 
Pedestrian 0.5 3 0 775.41187 166.14418 791.2835 211.18144 0.5 0.5 0.5 0.5 0.5 0.5 0.5 0.92417246 
Pedestrian 0.5 3 0 284.5179 194.49968 302.46344 245.40277 0.5 0.5 0.5 0.5 0.5 0.5 0.5 0.84933704 
Pedestrian 0.5 3 0 653.05817 176.53441 665.3825 213.5052 0.5 0.5 0.5 0.5 0.5 0.5 0.5 0.8245216 
Car 0.5 3 0 379.32944 183.3062 406.59247 205.14024 0.5 0.5 0.5 0.5 0.5 0.5 0.5 0.81195056 
Car 0.5 3 0 439.8822 182.1332 454.44803 194.4697 0.5 0.5 0.5 0.5 0.5 0.5 0.5 0.8092568 
Car 0.5 3 0 417.58603 178.94661 439.71622 196.76443 0.5 0.5 0.5 0.5 0.5 0.5 0.5 0.7439303 
Car 0.5 3 0 574.9952 175.80986 589.3728 188.35226 0.5 0.5 0.5 0.5 0.5 0.5 0.5 0.6687856 
Car 0.5 3 0 493.4135 178.64653 511.575 189.3414 0.5 0.5 0.5 0.5 0.5 0.5 0.5 0.6687317 
Car 0.5 3 0 481.11932 176.6927 492.80194 188.84775 0.5 0.5 0.5 0.5 0.5 0.5 0.5 0.6282983 
Car 0.5 3 0 663.21106 175.30533 689.1559 195.09355 0.5 0.5 0.5 0.5 0.5 0.5 0.5 0.5891769 
Car 0.5 3 0 429.01578 180.74548 454.5779 194.99078 0.5 0.5 0.5 0.5 0.5 0.5 0.5 0.57134056 
Car 0.5 3 0 669.61694 170.22209 700.3094 185.57193 0.5 0.5 0.5 0.5 0.5 0.5 0.5 0.5390657 
