Car 0.5 3 0 327.20615 176.08824 377.2307 198.06786 0.5 0.5 0.5 0.5 0.5 0.5 0.5 0.94261974 
Car 0.5 3 0 579.8677 172.63202 602.0319 182.39215 0.5 0.5 0.5 0.5 0.5 0.5 0.5 0.93690425 
Pedestrian 0.5 3 0 538.91797 174.74168 556.7216 210.9837 0.5 0.5 0.5 0.5 0.5 0.5 0.5 0.8790337 
Car 0.5 3 0 64.52579 174.48529 115.40227 193.60057 0.5 0.5 0.5 0.5 0.5 0.5 0.5 0.829765 
Car 0.5 3 0 668.64484 172.40479 689.92456 183.02786 0.5 0.5 0.5 0.5 0.5 0.5 0.5 0.8190867 
Pedestrian 0.5 3 0 478.66318 176.33336 493.58173 218.15599 0.5 0.5 0.5 0.5 0.5 0.5 0.5 0.8047919 
Pedestrian 0.5 3 0 377.71188 187.86714 394.02762 228.71489 0.5 0.5 0.5 0.5 0.5 0.5 0.5 0.78042114 
Car 0.5 3 0 1.1941259 181.32167 34.410675 194.59967 0.5 0.5 0.5 0.5 0.5 0.5 0.5 0.72461855 
Car 0.5 3 0 555.51154 175.74313 575.0104 184.44511 0.5 0.5 0.5 0.5 0.5 0.5 0.5 0.7176347 
Car 0.5 3 0 192.40265 177.65561 229.37363 199.03035 0.5 0.5 0.5 0.5 0.5 0.5 0.5 0.692079 
Car 0.5 3 0 628.8182 170.21548 656.14905 182.75536 0.5 0.5 0.5 0.5 0.5 0.5 0.5 0.6674904 
Car 0.5 3 0 129.84402 181.01656 151.766 192.26624 0.5 0.5 0.5 0.5 0.5 0.5 0.5 0.6578853 
Car 0.5 3 0 440.0145 175.8913 463.39978 190.85603 0.5 0.5 0.5 0.5 0.5 0.5 0.5 0.5955132 
