Car 0.5 3 0 1.6933581 197.80151 139.31944 263.2924 0.5 0.5 0.5 0.5 0.5 0.5 0.5 0.98908573 
Car 0.5 3 0 1170.1605 156.04243 1201.4147 178.22322 0.5 0.5 0.5 0.5 0.5 0.5 0.5 0.97773963 
Car 0.5 3 0 1136.1008 157.43225 1172.2394 176.24982 0.5 0.5 0.5 0.5 0.5 0.5 0.5 0.976434 
Car 0.5 3 0 1201.926 155.82242 1241.2972 174.3758 0.5 0.5 0.5 0.5 0.5 0.5 0.5 0.96140385 
Car 0.5 3 0 284.5231 169.45396 395.45502 229.64847 0.5 0.5 0.5 0.5 0.5 0.5 0.5 0.95289326 
Car 0.5 3 0 1104.1423 159.45767 1137.266 177.13109 0.5 0.5 0.5 0.5 0.5 0.5 0.5 0.9377621 
Car 0.5 3 0 1043.8821 159.16154 1075.1266 176.89 0.5 0.5 0.5 0.5 0.5 0.5 0.5 0.93013394 
Car 0.5 3 0 728.75574 168.78435 755.92773 190.29095 0.5 0.5 0.5 0.5 0.5 0.5 0.5 0.9243885 
Car 0.5 3 0 826.44366 160.36725 875.4115 173.06163 0.5 0.5 0.5 0.5 0.5 0.5 0.5 0.8906613 
Car 0.5 3 0 889.04443 158.49939 923.23303 173.88614 0.5 0.5 0.5 0.5 0.5 0.5 0.5 0.8150304 
Car 0.5 3 0 824.242 161.22751 843.70135 171.86838 0.5 0.5 0.5 0.5 0.5 0.5 0.5 0.71593255 
Car 0.5 3 0 1034.5945 160.04677 1048.9751 175.99602 0.5 0.5 0.5 0.5 0.5 0.5 0.5 0.70933205 
Car 0.5 3 0 458.11835 167.11217 518.14246 208.72664 0.5 0.5 0.5 0.5 0.5 0.5 0.5 0.69310486 
Car 0.5 3 0 860.8848 160.38321 887.467 172.87003 0.5 0.5 0.5 0.5 0.5 0.5 0.5 0.626096 
Car 0.5 3 0 657.0596 170.91777 672.46423 183.82932 0.5 0.5 0.5 0.5 0.5 0.5 0.5 0.505 
Car 0.5 3 0 969.2302 161.62341 999.63324 177.01874 0.5 0.5 0.5 0.5 0.5 0.5 0.5 0.50405234 
