Pedestrian 0.5 3 0 806.46466 160.22926 825.5819 207.57208 0.5 0.5 0.5 0.5 0.5 0.5 0.5 0.9705935 
Car 0.5 3 0 351.65988 178.16576 397.29733 202.90652 0.5 0.5 0.5 0.5 0.5 0.5 0.5 0.9509403 
Car 0.5 3 0 382.548 171.75388 424.01495 195.05235 0.5 0.5 0.5 0.5 0.5 0.5 0.5 0.915133 
Car 0.5 3 0 354.9141 172.35143 414.9097 198.02257 0.5 0.5 0.5 0.5 0.5 0.5 0.5 0.856238 
Car 0.5 3 0 427.9869 177.64621 453.4457 189.53343 0.5 0.5 0.5 0.5 0.5 0.5 0.5 0.7983631 
Car 0.5 3 0 675.7678 169.81367 698.81396 193.23112 0.5 0.5 0.5 0.5 0.5 0.5 0.5 0.7748961 
Car 0.5 3 0 404.0995 174.73573 427.75647 193.95586 0.5 0.5 0.5 0.5 0.5 0.5 0.5 0.7475493 
Car 0.5 3 0 723.10657 169.70471 744.2696 182.67328 0.5 0.5 0.5 0.5 0.5 0.5 0.5 0.72501737 
Pedestrian 0.5 3 0 640.5809 169.14241 653.4172 200.31961 0.5 0.5 0.5 0.5 0.5 0.5 0.5 0.6781243 
Pedestrian 0.5 3 0 693.7069 171.93655 719.8947 245.49849 0.5 0.5 0.5 0.5 0.5 0.5 0.5 0.5652018 
Car 0.5 3 0 711.49445 169.73285 725.8543 182.18452 0.5 0.5 0.5 0.5 0.5 0.5 0.5 0.5187456 
