Car 0.5 3 0 325.80768 183.07336 407.51227 224.16594 0.5 0.5 0.5 0.5 0.5 0.5 0.5 0.99635834 
Car 0.5 3 0 628.16425 166.02379 706.2305 226.06926 0.5 0.5 0.5 0.5 0.5 0.5 0.5 0.9828096 
Car 0.5 3 0 1170.1536 156.00163 1202.1841 177.84018 0.5 0.5 0.5 0.5 0.5 0.5 0.5 0.97882617 
Car 0.5 3 0 1136.0217 157.61711 1172.2134 176.08955 0.5 0.5 0.5 0.5 0.5 0.5 0.5 0.9776585 
Car 0.5 3 0 472.37238 179.27094 519.46075 208.00749 0.5 0.5 0.5 0.5 0.5 0.5 0.5 0.9724153 
Car 0.5 3 0 1202.0771 155.63904 1241.4381 174.45662 0.5 0.5 0.5 0.5 0.5 0.5 0.5 0.9699378 
Car 0.5 3 0 728.39233 171.5195 747.5658 186.61139 0.5 0.5 0.5 0.5 0.5 0.5 0.5 0.9637979 
Car 0.5 3 0 536.224 179.31985 561.3791 197.09016 0.5 0.5 0.5 0.5 0.5 0.5 0.5 0.95521635 
Car 0.5 3 0 1104.311 159.33272 1137.3597 177.32678 0.5 0.5 0.5 0.5 0.5 0.5 0.5 0.94550955 
Car 0.5 3 0 1043.8701 159.09648 1076.2433 176.89528 0.5 0.5 0.5 0.5 0.5 0.5 0.5 0.94439185 
Car 0.5 3 0 826.64545 160.31602 876.45935 173.29695 0.5 0.5 0.5 0.5 0.5 0.5 0.5 0.8878308 
Car 0.5 3 0 295.64124 193.0098 313.5519 208.28386 0.5 0.5 0.5 0.5 0.5 0.5 0.5 0.8191026 
Car 0.5 3 0 888.69464 158.43619 923.41797 173.91635 0.5 0.5 0.5 0.5 0.5 0.5 0.5 0.79917467 
Car 0.5 3 0 696.39276 171.589 716.90546 185.53284 0.5 0.5 0.5 0.5 0.5 0.5 0.5 0.7643604 
Car 0.5 3 0 825.64935 161.30228 845.7196 171.40451 0.5 0.5 0.5 0.5 0.5 0.5 0.5 0.752519 
Car 0.5 3 0 1034.7832 160.07892 1049.2913 175.98479 0.5 0.5 0.5 0.5 0.5 0.5 0.5 0.69912297 
Car 0.5 3 0 329.9956 180.1094 351.76593 198.52206 0.5 0.5 0.5 0.5 0.5 0.5 0.5 0.67965585 
Car 0.5 3 0 672.6164 165.86903 707.39954 220.16031 0.5 0.5 0.5 0.5 0.5 0.5 0.5 0.57471585 
Car 0.5 3 0 861.61835 160.4659 886.7111 172.4012 0.5 0.5 0.5 0.5 0.5 0.5 0.5 0.54160917 
Car 0.5 3 0 971.97845 158.86697 1049.0986 180.65323 0.5 0.5 0.5 0.5 0.5 0.5 0.5 0.50448376 
