Car 0.5 3 0 1135.8783 153.46526 1240.422 342.4789 0.5 0.5 0.5 0.5 0.5 0.5 0.5 0.9869626 
Pedestrian 0.5 3 0 408.10022 166.1801 430.37283 220.31213 0.5 0.5 0.5 0.5 0.5 0.5 0.5 0.91146034 
Pedestrian 0.5 3 0 517.0075 178.11668 528.1073 211.1568 0.5 0.5 0.5 0.5 0.5 0.5 0.5 0.896165 
Pedestrian 0.5 3 0 546.8562 178.18115 557.9118 209.24895 0.5 0.5 0.5 0.5 0.5 0.5 0.5 0.8671617 
Car 0.5 3 0 1.0355659 180.1534 58.16169 200.91414 0.5 0.5 0.5 0.5 0.5 0.5 0.5 0.833767 
Car 0.5 3 0 180.68126 169.95715 227.0443 189.32419 0.5 0.5 0.5 0.5 0.5 0.5 0.5 0.79077214 
Car 0.5 3 0 644.3308 171.8075 674.492 183.98662 0.5 0.5 0.5 0.5 0.5 0.5 0.5 0.7770605 
Car 0.5 3 0 256.5201 177.1604 293.81018 193.73936 0.5 0.5 0.5 0.5 0.5 0.5 0.5 0.70169085 
Car 0.5 3 0 77.571976 178.27318 119.63786 194.64221 0.5 0.5 0.5 0.5 0.5 0.5 0.5 0.6648455 
Car 0.5 3 0 702.0383 174.14417 722.24005 183.14659 0.5 0.5 0.5 0.5 0.5 0.5 0.5 0.6106084 
Pedestrian 0.5 3 0 447.9723 170.97655 461.3657 217.69215 0.5 0.5 0.5 0.5 0.5 0.5 0.5 0.58019114 
Pedestrian 0.5 3 0 490.47556 173.47182 506.8769 212.87044 0.5 0.5 0.5 0.5 0.5 0.5 0.5 0.53031045 
