Car 0.5 3 0 294.72662 179.49004 346.46594 211.01025 0.5 0.5 0.5 0.5 0.5 0.5 0.5 0.97006005 
Car 0.5 3 0 232.25534 181.78096 317.93753 222.00491 0.5 0.5 0.5 0.5 0.5 0.5 0.5 0.9693754 
Car 0.5 3 0 720.1429 172.05382 757.5849 205.50906 0.5 0.5 0.5 0.5 0.5 0.5 0.5 0.9601698 
Pedestrian 0.5 3 0 967.6014 153.5147 1001.98474 233.93471 0.5 0.5 0.5 0.5 0.5 0.5 0.5 0.9594069 
Cyclist 0.5 3 0 968.9307 193.71513 1002.4135 238.96126 0.5 0.5 0.5 0.5 0.5 0.5 0.5 0.9417837 
Car 0.5 3 0 313.48837 176.6556 377.7148 206.43558 0.5 0.5 0.5 0.5 0.5 0.5 0.5 0.8560578 
Pedestrian 0.5 3 0 685.4331 176.74922 698.9327 218.45659 0.5 0.5 0.5 0.5 0.5 0.5 0.5 0.7920276 
Car 0.5 3 0 634.2533 172.58292 651.57336 185.27634 0.5 0.5 0.5 0.5 0.5 0.5 0.5 0.7763578 
Car 0.5 3 0 380.08252 178.48277 402.88696 199.80898 0.5 0.5 0.5 0.5 0.5 0.5 0.5 0.7651894 
Car 0.5 3 0 343.53873 174.88625 397.71716 204.93771 0.5 0.5 0.5 0.5 0.5 0.5 0.5 0.73217076 
Car 0.5 3 0 733.5097 165.47284 769.8074 199.49901 0.5 0.5 0.5 0.5 0.5 0.5 0.5 0.6749234 
Car 0.5 3 0 406.6877 176.44049 443.57053 190.53375 0.5 0.5 0.5 0.5 0.5 0.5 0.5 0.6659014 
Car 0.5 3 0 80.69814 188.0708 97.07389 220.13281 0.5 0.5 0.5 0.5 0.5 0.5 0.5 0.6593005 
Car 0.5 3 0 517.28217 177.41135 535.45416 190.42252 0.5 0.5 0.5 0.5 0.5 0.5 0.5 0.63547343 
Car 0.5 3 0 466.00424 178.1774 482.07898 189.65031 0.5 0.5 0.5 0.5 0.5 0.5 0.5 0.6261832 
Pedestrian 0.5 3 0 707.0696 178.058 724.37396 231.86717 0.5 0.5 0.5 0.5 0.5 0.5 0.5 0.5829941 
Car 0.5 3 0 427.1957 180.91704 443.22882 189.72507 0.5 0.5 0.5 0.5 0.5 0.5 0.5 0.50095767 
