Car 0.5 3 0 455.9939 180.84245 488.5395 206.72287 0.5 0.5 0.5 0.5 0.5 0.5 0.5 0.9910115 
Car 0.5 3 0 855.37537 168.79869 903.4634 196.48396 0.5 0.5 0.5 0.5 0.5 0.5 0.5 0.9738227 
Car 0.5 3 0 838.028 168.8615 872.1975 193.57004 0.5 0.5 0.5 0.5 0.5 0.5 0.5 0.97166675 
Car 0.5 3 0 937.8546 166.9671 1023.36316 201.67148 0.5 0.5 0.5 0.5 0.5 0.5 0.5 0.9700056 
Car 0.5 3 0 921.4723 165.98212 959.24646 191.95958 0.5 0.5 0.5 0.5 0.5 0.5 0.5 0.95198625 
Car 0.5 3 0 773.9757 168.30688 809.55176 190.08795 0.5 0.5 0.5 0.5 0.5 0.5 0.5 0.9500997 
Car 0.5 3 0 1060.6843 167.45958 1109.8098 208.14957 0.5 0.5 0.5 0.5 0.5 0.5 0.5 0.9493375 
Car 0.5 3 0 704.43933 167.54724 739.46356 188.95361 0.5 0.5 0.5 0.5 0.5 0.5 0.5 0.9159031 
Car 0.5 3 0 810.53125 170.57982 843.19696 190.63121 0.5 0.5 0.5 0.5 0.5 0.5 0.5 0.89192146 
Car 0.5 3 0 434.00888 178.58986 454.99844 196.88057 0.5 0.5 0.5 0.5 0.5 0.5 0.5 0.88014406 
Car 0.5 3 0 407.02344 179.96724 421.06104 191.67908 0.5 0.5 0.5 0.5 0.5 0.5 0.5 0.8692171 
Car 0.5 3 0 385.51535 179.04063 402.26117 189.95363 0.5 0.5 0.5 0.5 0.5 0.5 0.5 0.85983914 
Car 0.5 3 0 729.24365 166.93489 762.2724 188.92178 0.5 0.5 0.5 0.5 0.5 0.5 0.5 0.82413894 
Car 0.5 3 0 644.11005 164.1374 674.51514 182.54802 0.5 0.5 0.5 0.5 0.5 0.5 0.5 0.7595272 
Car 0.5 3 0 742.87555 167.72896 773.18 189.68889 0.5 0.5 0.5 0.5 0.5 0.5 0.5 0.7119819 
Car 0.5 3 0 669.2757 166.13522 700.27246 187.23857 0.5 0.5 0.5 0.5 0.5 0.5 0.5 0.7106653 
Car 0.5 3 0 420.3842 179.96295 436.17462 194.45767 0.5 0.5 0.5 0.5 0.5 0.5 0.5 0.70804787 
Pedestrian 0.5 3 0 40.285313 189.03326 53.337288 222.30367 0.5 0.5 0.5 0.5 0.5 0.5 0.5 0.7028331 
Car 0.5 3 0 0.2603936 172.18459 36.911903 212.2362 0.5 0.5 0.5 0.5 0.5 0.5 0.5 0.5831945 
Car 0.5 3 0 643.3943 169.32318 663.0152 182.13797 0.5 0.5 0.5 0.5 0.5 0.5 0.5 0.5623914 
Car 0.5 3 0 1131.129 186.37971 1183.095 214.91772 0.5 0.5 0.5 0.5 0.5 0.5 0.5 0.542489 
