Car 0.5 3 0 133.1289 182.262 285.9765 246.25456 0.5 0.5 0.5 0.5 0.5 0.5 0.5 0.99277 
Car 0.5 3 0 444.65594 181.30632 492.8186 210.83029 0.5 0.5 0.5 0.5 0.5 0.5 0.5 0.9926197 
Car 0.5 3 0 708.4601 170.39246 742.0242 196.25548 0.5 0.5 0.5 0.5 0.5 0.5 0.5 0.98106706 
Car 0.5 3 0 1164.7809 154.58476 1194.8103 173.37694 0.5 0.5 0.5 0.5 0.5 0.5 0.5 0.97190475 
Car 0.5 3 0 1041.4414 157.83066 1069.9651 176.97487 0.5 0.5 0.5 0.5 0.5 0.5 0.5 0.96583873 
Car 0.5 3 0 551.30084 179.80533 602.2283 218.3977 0.5 0.5 0.5 0.5 0.5 0.5 0.5 0.9643783 
Car 0.5 3 0 1195.9 152.65242 1240.5554 171.59723 0.5 0.5 0.5 0.5 0.5 0.5 0.5 0.9619797 
Car 0.5 3 0 1100.7701 158.93416 1131.7963 176.51001 0.5 0.5 0.5 0.5 0.5 0.5 0.5 0.954825 
Car 0.5 3 0 1015.9712 159.07065 1044.8317 175.91785 0.5 0.5 0.5 0.5 0.5 0.5 0.5 0.9409695 
Car 0.5 3 0 828.9429 159.15163 883.7897 173.05031 0.5 0.5 0.5 0.5 0.5 0.5 0.5 0.9340045 
Car 0.5 3 0 890.6193 157.37752 922.91516 172.97606 0.5 0.5 0.5 0.5 0.5 0.5 0.5 0.9103024 
Car 0.5 3 0 1130.8539 157.59764 1165.1892 175.37541 0.5 0.5 0.5 0.5 0.5 0.5 0.5 0.90670806 
Car 0.5 3 0 794.3833 158.11049 828.2213 173.25136 0.5 0.5 0.5 0.5 0.5 0.5 0.5 0.77160174 
Car 0.5 3 0 305.38025 193.87155 324.5791 207.62218 0.5 0.5 0.5 0.5 0.5 0.5 0.5 0.6889269 
Car 0.5 3 0 697.9393 168.80473 712.9273 185.15025 0.5 0.5 0.5 0.5 0.5 0.5 0.5 0.67161524 
Car 0.5 3 0 339.86417 180.16902 361.83563 199.68729 0.5 0.5 0.5 0.5 0.5 0.5 0.5 0.6534727 
Car 0.5 3 0 827.6683 160.89223 845.925 172.0438 0.5 0.5 0.5 0.5 0.5 0.5 0.5 0.5995919 
Car 0.5 3 0 493.43777 166.58739 543.3706 204.35832 0.5 0.5 0.5 0.5 0.5 0.5 0.5 0.59173626 
Car 0.5 3 0 857.9559 159.09721 890.84216 171.93709 0.5 0.5 0.5 0.5 0.5 0.5 0.5 0.58568394 
Pedestrian 0.5 3 0 372.08496 190.17918 388.20197 217.60048 0.5 0.5 0.5 0.5 0.5 0.5 0.5 0.54198015 
Car 0.5 3 0 316.22363 191.22032 340.74863 204.87657 0.5 0.5 0.5 0.5 0.5 0.5 0.5 0.5188802 
Car 0.5 3 0 928.0914 157.60806 949.5077 173.08975 0.5 0.5 0.5 0.5 0.5 0.5 0.5 0.5127062 
