Car 0.5 3 0 1172.0236 166.88042 1204.3195 189.02174 0.5 0.5 0.5 0.5 0.5 0.5 0.5 0.981311 
Car 0.5 3 0 728.3175 180.59143 748.5013 196.13196 0.5 0.5 0.5 0.5 0.5 0.5 0.5 0.96672845 
Car 0.5 3 0 1202.3079 168.68373 1241.81 187.4591 0.5 0.5 0.5 0.5 0.5 0.5 0.5 0.9629183 
Car 0.5 3 0 678.3576 183.02791 693.2801 196.61566 0.5 0.5 0.5 0.5 0.5 0.5 0.5 0.94228244 
Car 0.5 3 0 1135.8285 170.41333 1171.2855 186.71518 0.5 0.5 0.5 0.5 0.5 0.5 0.5 0.93553686 
Car 0.5 3 0 710.0331 180.30876 727.9637 193.83307 0.5 0.5 0.5 0.5 0.5 0.5 0.5 0.9090999 
Car 0.5 3 0 1105.0284 169.92918 1137.3131 187.96315 0.5 0.5 0.5 0.5 0.5 0.5 0.5 0.8860167 
Car 0.5 3 0 888.6948 168.84735 924.08215 185.8139 0.5 0.5 0.5 0.5 0.5 0.5 0.5 0.8622051 
Car 0.5 3 0 832.0478 170.20181 883.2922 183.70476 0.5 0.5 0.5 0.5 0.5 0.5 0.5 0.7830719 
Car 0.5 3 0 290.77414 170.68507 413.23547 238.4441 0.5 0.5 0.5 0.5 0.5 0.5 0.5 0.74208415 
Car 0.5 3 0 1049.4962 170.6523 1070.4956 184.86894 0.5 0.5 0.5 0.5 0.5 0.5 0.5 0.7385005 
Car 0.5 3 0 0.5166145 177.05579 88.771034 277.04214 0.5 0.5 0.5 0.5 0.5 0.5 0.5 0.72994596 
Car 0.5 3 0 833.8741 171.3105 858.0754 183.40414 0.5 0.5 0.5 0.5 0.5 0.5 0.5 0.725096 
Car 0.5 3 0 857.6154 170.56824 886.4923 183.44853 0.5 0.5 0.5 0.5 0.5 0.5 0.5 0.6852712 
Car 0.5 3 0 824.44934 171.59674 841.8345 182.44179 0.5 0.5 0.5 0.5 0.5 0.5 0.5 0.674036 
Car 0.5 3 0 943.40967 180.65692 967.93317 189.84279 0.5 0.5 0.5 0.5 0.5 0.5 0.5 0.52161604 
