Car 0.5 3 0 274.0221 189.17563 420.89203 248.37941 0.5 0.5 0.5 0.5 0.5 0.5 0.5 0.99527884 
Car 0.5 3 0 504.78577 173.62173 585.9838 215.87207 0.5 0.5 0.5 0.5 0.5 0.5 0.5 0.9943052 
Car 0.5 3 0 0.0 186.0672 54.414223 255.66733 0.5 0.5 0.5 0.5 0.5 0.5 0.5 0.99198747 
Car 0.5 3 0 733.26685 165.1902 753.6373 183.46616 0.5 0.5 0.5 0.5 0.5 0.5 0.5 0.97228575 
Car 0.5 3 0 597.41504 171.27039 647.2721 202.06618 0.5 0.5 0.5 0.5 0.5 0.5 0.5 0.9686534 
Car 0.5 3 0 1212.4048 148.16994 1241.5903 164.96407 0.5 0.5 0.5 0.5 0.5 0.5 0.5 0.9677404 
Pedestrian 0.5 3 0 131.74377 197.90665 145.98438 237.70912 0.5 0.5 0.5 0.5 0.5 0.5 0.5 0.93668866 
Car 0.5 3 0 1131.4603 152.87753 1162.0049 165.45682 0.5 0.5 0.5 0.5 0.5 0.5 0.5 0.9310028 
Car 0.5 3 0 1054.4321 152.21596 1081.5493 170.89186 0.5 0.5 0.5 0.5 0.5 0.5 0.5 0.9244547 
Car 0.5 3 0 1080.003 151.4925 1105.7742 169.43571 0.5 0.5 0.5 0.5 0.5 0.5 0.5 0.9182809 
Car 0.5 3 0 791.87646 156.32169 825.78107 169.94781 0.5 0.5 0.5 0.5 0.5 0.5 0.5 0.8960148 
Car 0.5 3 0 986.7242 154.76381 1010.52386 168.95807 0.5 0.5 0.5 0.5 0.5 0.5 0.5 0.888249 
Car 0.5 3 0 1170.476 150.77005 1202.133 163.90935 0.5 0.5 0.5 0.5 0.5 0.5 0.5 0.87473625 
Car 0.5 3 0 699.9129 164.57234 719.45386 184.40686 0.5 0.5 0.5 0.5 0.5 0.5 0.5 0.85831493 
Car 0.5 3 0 682.7298 168.789 708.5215 188.2002 0.5 0.5 0.5 0.5 0.5 0.5 0.5 0.8180406 
Car 0.5 3 0 359.8758 170.3478 445.01544 208.96222 0.5 0.5 0.5 0.5 0.5 0.5 0.5 0.8157998 
Car 0.5 3 0 1198.4838 147.66162 1220.8342 163.38623 0.5 0.5 0.5 0.5 0.5 0.5 0.5 0.8151224 
Car 0.5 3 0 824.7232 156.80598 866.70044 169.83359 0.5 0.5 0.5 0.5 0.5 0.5 0.5 0.78342104 
Car 0.5 3 0 1008.3698 155.94902 1028.7731 170.1738 0.5 0.5 0.5 0.5 0.5 0.5 0.5 0.7184473 
Car 0.5 3 0 846.7956 156.60442 881.9162 169.7283 0.5 0.5 0.5 0.5 0.5 0.5 0.5 0.68706256 
Car 0.5 3 0 1029.2418 153.8709 1057.0059 170.87776 0.5 0.5 0.5 0.5 0.5 0.5 0.5 0.619715 
Car 0.5 3 0 823.5955 158.7806 836.47864 170.18796 0.5 0.5 0.5 0.5 0.5 0.5 0.5 0.59808546 
Car 0.5 3 0 969.98 155.43695 987.54846 168.34697 0.5 0.5 0.5 0.5 0.5 0.5 0.5 0.54664123 
