Car 0.5 3 0 1085.6927 182.54625 1238.403 355.07385 0.5 0.5 0.5 0.5 0.5 0.5 0.5 0.9965172 
Pedestrian 0.5 3 0 1048.5057 150.72345 1130.7684 306.00876 0.5 0.5 0.5 0.5 0.5 0.5 0.5 0.99514824 
Car 0.5 3 0 1.6866477 174.77325 79.69101 225.1128 0.5 0.5 0.5 0.5 0.5 0.5 0.5 0.97306865 
Pedestrian 0.5 3 0 1121.9513 166.47095 1174.3558 230.70343 0.5 0.5 0.5 0.5 0.5 0.5 0.5 0.9471386 
Car 0.5 3 0 661.3666 167.59647 691.0387 177.74327 0.5 0.5 0.5 0.5 0.5 0.5 0.5 0.8968151 
Car 0.5 3 0 179.58742 176.93402 218.42116 190.04492 0.5 0.5 0.5 0.5 0.5 0.5 0.5 0.8958553 
Car 0.5 3 0 72.426735 172.299 150.69012 213.11691 0.5 0.5 0.5 0.5 0.5 0.5 0.5 0.8079295 
Car 0.5 3 0 295.27725 177.70416 336.70752 190.87538 0.5 0.5 0.5 0.5 0.5 0.5 0.5 0.72574073 
Pedestrian 0.5 3 0 542.3394 173.05394 552.9054 202.79742 0.5 0.5 0.5 0.5 0.5 0.5 0.5 0.68970746 
Car 0.5 3 0 259.91812 171.29758 290.8237 185.61461 0.5 0.5 0.5 0.5 0.5 0.5 0.5 0.68110573 
Car 0.5 3 0 498.20358 174.2508 529.388 205.94508 0.5 0.5 0.5 0.5 0.5 0.5 0.5 0.6511514 
Pedestrian 0.5 3 0 20.035336 190.80109 38.096016 226.81241 0.5 0.5 0.5 0.5 0.5 0.5 0.5 0.62352294 
Pedestrian 0.5 3 0 572.00256 170.58742 581.7283 201.41318 0.5 0.5 0.5 0.5 0.5 0.5 0.5 0.59882706 
Car 0.5 3 0 351.65567 173.0744 368.0406 183.07805 0.5 0.5 0.5 0.5 0.5 0.5 0.5 0.577666 
Car 0.5 3 0 144.32669 179.63107 166.10985 195.84377 0.5 0.5 0.5 0.5 0.5 0.5 0.5 0.5647804 
Car 0.5 3 0 728.3744 168.94388 756.295 180.569 0.5 0.5 0.5 0.5 0.5 0.5 0.5 0.56033677 
Car 0.5 3 0 737.576 169.6313 754.6064 178.20432 0.5 0.5 0.5 0.5 0.5 0.5 0.5 0.5045836 
