Car 0.5 3 0 218.80183 187.69344 369.69025 244.58865 0.5 0.5 0.5 0.5 0.5 0.5 0.5 0.99790895 
Car 0.5 3 0 460.49258 175.53387 542.0639 217.65149 0.5 0.5 0.5 0.5 0.5 0.5 0.5 0.99628097 
Car 0.5 3 0 326.9757 172.5471 417.57086 213.23067 0.5 0.5 0.5 0.5 0.5 0.5 0.5 0.9936127 
Car 0.5 3 0 0.0 199.2188 21.176565 240.23534 0.5 0.5 0.5 0.5 0.5 0.5 0.5 0.9835292 
Car 0.5 3 0 574.3326 171.67822 631.50824 200.405 0.5 0.5 0.5 0.5 0.5 0.5 0.5 0.9817499 
Car 0.5 3 0 695.1102 168.88318 719.9805 187.24944 0.5 0.5 0.5 0.5 0.5 0.5 0.5 0.9587606 
Car 0.5 3 0 1074.9888 156.8973 1098.9944 171.06917 0.5 0.5 0.5 0.5 0.5 0.5 0.5 0.92430055 
Car 0.5 3 0 510.02222 168.40442 550.2146 194.81593 0.5 0.5 0.5 0.5 0.5 0.5 0.5 0.9197791 
Car 0.5 3 0 711.80096 166.01456 733.8414 184.90312 0.5 0.5 0.5 0.5 0.5 0.5 0.5 0.91258955 
Car 0.5 3 0 815.93256 158.76204 842.41266 170.6788 0.5 0.5 0.5 0.5 0.5 0.5 0.5 0.8965621 
Car 0.5 3 0 1053.0731 156.56046 1077.9127 172.15675 0.5 0.5 0.5 0.5 0.5 0.5 0.5 0.8922167 
Car 0.5 3 0 990.081 158.84984 1009.96063 170.5893 0.5 0.5 0.5 0.5 0.5 0.5 0.5 0.8888077 
Car 0.5 3 0 1096.2426 155.70557 1120.7057 170.58374 0.5 0.5 0.5 0.5 0.5 0.5 0.5 0.884738 
Car 0.5 3 0 846.71594 158.1808 894.0586 171.94754 0.5 0.5 0.5 0.5 0.5 0.5 0.5 0.86941385 
Car 0.5 3 0 1150.9154 156.01534 1177.4136 168.76172 0.5 0.5 0.5 0.5 0.5 0.5 0.5 0.8493182 
Car 0.5 3 0 1117.5264 157.70074 1143.397 170.42741 0.5 0.5 0.5 0.5 0.5 0.5 0.5 0.83943844 
Car 0.5 3 0 844.4955 159.78593 865.10004 170.52377 0.5 0.5 0.5 0.5 0.5 0.5 0.5 0.8146559 
Car 0.5 3 0 896.087 158.19867 914.4685 171.09793 0.5 0.5 0.5 0.5 0.5 0.5 0.5 0.8019711 
Car 0.5 3 0 973.6019 158.48114 994.5973 170.0171 0.5 0.5 0.5 0.5 0.5 0.5 0.5 0.7985451 
Car 0.5 3 0 1033.5078 156.7698 1056.881 172.84691 0.5 0.5 0.5 0.5 0.5 0.5 0.5 0.77738196 
Car 0.5 3 0 873.74347 158.79552 895.86145 171.23502 0.5 0.5 0.5 0.5 0.5 0.5 0.5 0.76442903 
Car 0.5 3 0 738.6528 168.1491 765.24664 184.09166 0.5 0.5 0.5 0.5 0.5 0.5 0.5 0.7394365 
Car 0.5 3 0 976.7133 157.41687 1008.5667 171.21092 0.5 0.5 0.5 0.5 0.5 0.5 0.5 0.72011673 
Car 0.5 3 0 416.40338 175.1174 435.93475 191.12932 0.5 0.5 0.5 0.5 0.5 0.5 0.5 0.7047641 
Car 0.5 3 0 548.7603 172.8938 572.64905 192.5605 0.5 0.5 0.5 0.5 0.5 0.5 0.5 0.6703196 
Car 0.5 3 0 1099.5052 156.24988 1141.641 170.52077 0.5 0.5 0.5 0.5 0.5 0.5 0.5 0.50854224 
