Car 0.5 3 0 14.760303 178.06273 111.53209 210.35883 0.5 0.5 0.5 0.5 0.5 0.5 0.5 0.98346436 
Car 0.5 3 0 565.09784 177.74448 632.76404 196.77843 0.5 0.5 0.5 0.5 0.5 0.5 0.5 0.9832797 
Car 0.5 3 0 416.17316 178.86792 498.82834 205.84036 0.5 0.5 0.5 0.5 0.5 0.5 0.5 0.93227917 
Car 0.5 3 0 697.5064 173.33464 734.95636 189.9404 0.5 0.5 0.5 0.5 0.5 0.5 0.5 0.9054873 
Car 0.5 3 0 284.84882 180.1828 369.6917 198.82497 0.5 0.5 0.5 0.5 0.5 0.5 0.5 0.8734572 
Car 0.5 3 0 414.79984 178.36133 459.78668 201.93698 0.5 0.5 0.5 0.5 0.5 0.5 0.5 0.87294656 
Car 0.5 3 0 164.85812 178.93315 217.45828 200.06271 0.5 0.5 0.5 0.5 0.5 0.5 0.5 0.7603313 
Pedestrian 0.5 3 0 817.9853 171.18935 834.44745 208.36508 0.5 0.5 0.5 0.5 0.5 0.5 0.5 0.7388033 
Car 0.5 3 0 782.6367 176.09926 811.44574 193.11452 0.5 0.5 0.5 0.5 0.5 0.5 0.5 0.71113855 
Car 0.5 3 0 832.0563 173.86891 848.7115 187.63553 0.5 0.5 0.5 0.5 0.5 0.5 0.5 0.6817374 
Car 0.5 3 0 117.98313 180.42996 149.18169 196.37132 0.5 0.5 0.5 0.5 0.5 0.5 0.5 0.6495874 
Car 0.5 3 0 100.29223 177.54414 129.28995 197.96008 0.5 0.5 0.5 0.5 0.5 0.5 0.5 0.6428284 
Car 0.5 3 0 848.7244 172.64061 871.49115 187.15129 0.5 0.5 0.5 0.5 0.5 0.5 0.5 0.63889575 
Car 0.5 3 0 818.14343 172.90396 848.98615 189.94418 0.5 0.5 0.5 0.5 0.5 0.5 0.5 0.56715834 
