Car 0.5 3 0 324.16165 178.58177 370.9425 198.67763 0.5 0.5 0.5 0.5 0.5 0.5 0.5 0.9427154 
Car 0.5 3 0 570.28845 171.82768 593.9381 182.74998 0.5 0.5 0.5 0.5 0.5 0.5 0.5 0.8830915 
Pedestrian 0.5 3 0 467.64935 178.65498 484.63263 221.07274 0.5 0.5 0.5 0.5 0.5 0.5 0.5 0.8751328 
Car 0.5 3 0 628.68555 169.84746 662.1636 183.7834 0.5 0.5 0.5 0.5 0.5 0.5 0.5 0.8461813 
Car 0.5 3 0 47.2303 174.24855 94.83147 193.64204 0.5 0.5 0.5 0.5 0.5 0.5 0.5 0.82013804 
Pedestrian 0.5 3 0 361.1532 184.4564 377.2993 233.42038 0.5 0.5 0.5 0.5 0.5 0.5 0.5 0.7739145 
Pedestrian 0.5 3 0 418.0283 174.20694 438.61838 226.54898 0.5 0.5 0.5 0.5 0.5 0.5 0.5 0.7695707 
Car 0.5 3 0 667.68024 171.65002 687.5711 182.1423 0.5 0.5 0.5 0.5 0.5 0.5 0.5 0.7495412 
Car 0.5 3 0 138.15204 180.07014 176.40445 211.81694 0.5 0.5 0.5 0.5 0.5 0.5 0.5 0.7332101 
Car 0.5 3 0 112.77953 181.82756 138.62915 194.69493 0.5 0.5 0.5 0.5 0.5 0.5 0.5 0.7248016 
Pedestrian 0.5 3 0 532.3354 179.97603 547.93805 211.7069 0.5 0.5 0.5 0.5 0.5 0.5 0.5 0.55175805 
