Car 0.5 3 0 505.782 181.12122 534.33234 206.41513 0.5 0.5 0.5 0.5 0.5 0.5 0.5 0.98580545 
Car 0.5 3 0 1084.8519 180.41994 1128.4749 208.81999 0.5 0.5 0.5 0.5 0.5 0.5 0.5 0.9638872 
Car 0.5 3 0 145.03581 174.48659 187.80644 204.1372 0.5 0.5 0.5 0.5 0.5 0.5 0.5 0.9419103 
Car 0.5 3 0 713.9123 172.03383 737.2377 189.67908 0.5 0.5 0.5 0.5 0.5 0.5 0.5 0.911528 
Car 0.5 3 0 1148.5806 184.81657 1214.8915 215.69464 0.5 0.5 0.5 0.5 0.5 0.5 0.5 0.874241 
Car 0.5 3 0 688.0186 171.40398 711.11694 186.53558 0.5 0.5 0.5 0.5 0.5 0.5 0.5 0.8721053 
Car 0.5 3 0 842.0107 172.58919 875.5479 195.60237 0.5 0.5 0.5 0.5 0.5 0.5 0.5 0.83675736 
Car 0.5 3 0 1030.3607 181.07094 1080.5283 210.37613 0.5 0.5 0.5 0.5 0.5 0.5 0.5 0.8064581 
Car 0.5 3 0 727.2329 173.94 775.79 197.46915 0.5 0.5 0.5 0.5 0.5 0.5 0.5 0.79996634 
Car 0.5 3 0 776.6484 172.93367 815.89954 192.21169 0.5 0.5 0.5 0.5 0.5 0.5 0.5 0.79394495 
Car 0.5 3 0 555.49554 172.73163 589.964 206.08517 0.5 0.5 0.5 0.5 0.5 0.5 0.5 0.78820586 
Car 0.5 3 0 699.55865 172.08028 723.0248 187.75171 0.5 0.5 0.5 0.5 0.5 0.5 0.5 0.78346616 
Car 0.5 3 0 995.0502 181.50574 1076.1049 213.03194 0.5 0.5 0.5 0.5 0.5 0.5 0.5 0.778854 
Car 0.5 3 0 468.53976 180.77776 484.30182 191.55164 0.5 0.5 0.5 0.5 0.5 0.5 0.5 0.7750215 
Car 0.5 3 0 246.15202 170.56949 269.10175 195.22736 0.5 0.5 0.5 0.5 0.5 0.5 0.5 0.73482984 
Car 0.5 3 0 636.58417 167.78004 673.0594 185.56732 0.5 0.5 0.5 0.5 0.5 0.5 0.5 0.68906564 
Car 0.5 3 0 635.322 169.20084 657.3918 183.83003 0.5 0.5 0.5 0.5 0.5 0.5 0.5 0.6163183 
Car 0.5 3 0 266.30402 169.93297 287.18625 188.42827 0.5 0.5 0.5 0.5 0.5 0.5 0.5 0.59976405 
Car 0.5 3 0 283.08786 173.77675 307.0942 188.2915 0.5 0.5 0.5 0.5 0.5 0.5 0.5 0.5852689 
Car 0.5 3 0 1120.662 182.85136 1145.3467 204.1354 0.5 0.5 0.5 0.5 0.5 0.5 0.5 0.54831403 
Car 0.5 3 0 774.4991 172.69145 797.60657 190.43689 0.5 0.5 0.5 0.5 0.5 0.5 0.5 0.5424329 
Car 0.5 3 0 990.13416 182.9991 1022.41064 206.97731 0.5 0.5 0.5 0.5 0.5 0.5 0.5 0.5177891 
