Car 0.5 3 0 598.4634 179.31126 647.95795 199.3694 0.5 0.5 0.5 0.5 0.5 0.5 0.5 0.9845195 
Car 0.5 3 0 735.5447 180.21329 762.8414 193.41966 0.5 0.5 0.5 0.5 0.5 0.5 0.5 0.97565097 
Car 0.5 3 0 466.68314 178.9653 528.04034 205.45407 0.5 0.5 0.5 0.5 0.5 0.5 0.5 0.9701295 
Pedestrian 0.5 3 0 842.8555 173.92154 864.87164 220.17 0.5 0.5 0.5 0.5 0.5 0.5 0.5 0.948741 
Car 0.5 3 0 774.4631 178.03615 795.6059 192.58698 0.5 0.5 0.5 0.5 0.5 0.5 0.5 0.9340182 
Car 0.5 3 0 270.34647 177.58406 363.83685 212.02802 0.5 0.5 0.5 0.5 0.5 0.5 0.5 0.9005827 
Car 0.5 3 0 799.55005 178.01205 820.5277 194.4606 0.5 0.5 0.5 0.5 0.5 0.5 0.5 0.8762433 
Car 0.5 3 0 655.88513 174.29791 692.87964 194.70795 0.5 0.5 0.5 0.5 0.5 0.5 0.5 0.8753575 
Car 0.5 3 0 3.4440024 177.20079 44.44479 195.6414 0.5 0.5 0.5 0.5 0.5 0.5 0.5 0.8452353 
Car 0.5 3 0 927.9551 179.49269 946.3505 191.11067 0.5 0.5 0.5 0.5 0.5 0.5 0.5 0.77235126 
Car 0.5 3 0 1037.8567 174.51102 1077.2717 185.21667 0.5 0.5 0.5 0.5 0.5 0.5 0.5 0.7173729 
Car 0.5 3 0 59.118176 175.2011 97.10861 194.95447 0.5 0.5 0.5 0.5 0.5 0.5 0.5 0.6621918 
Car 0.5 3 0 1038.816 174.76845 1055.33 183.9199 0.5 0.5 0.5 0.5 0.5 0.5 0.5 0.639812 
Car 0.5 3 0 1023.4182 172.91432 1039.3451 183.92542 0.5 0.5 0.5 0.5 0.5 0.5 0.5 0.61522484 
Car 0.5 3 0 851.21454 174.571 878.1559 192.39961 0.5 0.5 0.5 0.5 0.5 0.5 0.5 0.5393073 
Car 0.5 3 0 763.5618 178.16658 778.01587 193.21257 0.5 0.5 0.5 0.5 0.5 0.5 0.5 0.5367857 
