Car 0.5 3 0 526.0244 177.08476 545.8428 189.51364 0.5 0.5 0.5 0.5 0.5 0.5 0.5 0.92045206 
Car 0.5 3 0 637.12976 174.05902 667.86786 191.31091 0.5 0.5 0.5 0.5 0.5 0.5 0.5 0.8816338 
Car 0.5 3 0 604.75134 175.68764 633.4494 186.47958 0.5 0.5 0.5 0.5 0.5 0.5 0.5 0.8786016 
Car 0.5 3 0 549.6403 177.97987 575.8037 187.12398 0.5 0.5 0.5 0.5 0.5 0.5 0.5 0.8538663 
Pedestrian 0.5 3 0 466.53662 184.41864 479.93567 234.21317 0.5 0.5 0.5 0.5 0.5 0.5 0.5 0.71387666 
Pedestrian 0.5 3 0 499.4447 179.69316 515.9418 225.7174 0.5 0.5 0.5 0.5 0.5 0.5 0.5 0.69536316 
Car 0.5 3 0 415.26993 180.93898 445.8031 194.45015 0.5 0.5 0.5 0.5 0.5 0.5 0.5 0.63830096 
Car 0.5 3 0 310.37415 182.10132 346.15692 200.49007 0.5 0.5 0.5 0.5 0.5 0.5 0.5 0.6281452 
Pedestrian 0.5 3 0 327.85605 186.68599 348.11136 253.4086 0.5 0.5 0.5 0.5 0.5 0.5 0.5 0.60628253 
Car 0.5 3 0 382.77005 192.04976 406.2441 211.56306 0.5 0.5 0.5 0.5 0.5 0.5 0.5 0.57923955 
