Car 0.5 3 0 722.4184 169.89647 753.6121 196.27092 0.5 0.5 0.5 0.5 0.5 0.5 0.5 0.9937245 
Car 0.5 3 0 342.61914 184.48969 413.55948 223.42432 0.5 0.5 0.5 0.5 0.5 0.5 0.5 0.9913155 
Car 0.5 3 0 636.6168 172.04288 683.5353 203.25348 0.5 0.5 0.5 0.5 0.5 0.5 0.5 0.9904704 
Car 0.5 3 0 1170.1765 155.87671 1203.0262 177.827 0.5 0.5 0.5 0.5 0.5 0.5 0.5 0.9777179 
Car 0.5 3 0 1136.4746 158.2878 1171.6625 176.01154 0.5 0.5 0.5 0.5 0.5 0.5 0.5 0.97409964 
Car 0.5 3 0 694.1422 172.24298 713.3577 188.65764 0.5 0.5 0.5 0.5 0.5 0.5 0.5 0.97191364 
Car 0.5 3 0 486.765 180.4142 524.4176 206.38881 0.5 0.5 0.5 0.5 0.5 0.5 0.5 0.9658609 
Car 0.5 3 0 1202.0442 155.8771 1241.258 174.35065 0.5 0.5 0.5 0.5 0.5 0.5 0.5 0.9655217 
Car 0.5 3 0 1104.3464 159.5351 1136.9822 177.12315 0.5 0.5 0.5 0.5 0.5 0.5 0.5 0.9392789 
Car 0.5 3 0 538.33923 179.16534 562.5185 196.44452 0.5 0.5 0.5 0.5 0.5 0.5 0.5 0.9338904 
Car 0.5 3 0 1044.301 159.21675 1076.1663 176.8294 0.5 0.5 0.5 0.5 0.5 0.5 0.5 0.9329604 
Car 0.5 3 0 295.47693 192.96889 314.13593 208.45987 0.5 0.5 0.5 0.5 0.5 0.5 0.5 0.8895406 
Car 0.5 3 0 826.9468 160.32585 876.1778 173.10217 0.5 0.5 0.5 0.5 0.5 0.5 0.5 0.8807608 
Car 0.5 3 0 1034.3436 160.05582 1049.308 175.97435 0.5 0.5 0.5 0.5 0.5 0.5 0.5 0.75159633 
Car 0.5 3 0 330.99237 179.55678 350.93896 197.98965 0.5 0.5 0.5 0.5 0.5 0.5 0.5 0.7509643 
Car 0.5 3 0 890.29047 156.92764 925.4859 173.94154 0.5 0.5 0.5 0.5 0.5 0.5 0.5 0.75017744 
Car 0.5 3 0 825.58887 161.38397 845.8733 171.38927 0.5 0.5 0.5 0.5 0.5 0.5 0.5 0.7361539 
Car 0.5 3 0 861.092 160.41676 888.08777 172.81142 0.5 0.5 0.5 0.5 0.5 0.5 0.5 0.6572386 
Car 0.5 3 0 680.3961 172.98276 695.93964 185.5554 0.5 0.5 0.5 0.5 0.5 0.5 0.5 0.58757603 
Car 0.5 3 0 475.96057 174.99382 494.50687 190.58733 0.5 0.5 0.5 0.5 0.5 0.5 0.5 0.5679556 
Car 0.5 3 0 968.87054 161.5692 999.7783 177.47528 0.5 0.5 0.5 0.5 0.5 0.5 0.5 0.5092832 
