Car 0.5 3 0 608.34174 175.20633 690.3918 227.04471 0.5 0.5 0.5 0.5 0.5 0.5 0.5 0.9966562 
Car 0.5 3 0 433.84637 182.05663 486.83786 212.14265 0.5 0.5 0.5 0.5 0.5 0.5 0.5 0.99619067 
Car 0.5 3 0 250.32344 186.34949 372.2722 233.52763 0.5 0.5 0.5 0.5 0.5 0.5 0.5 0.98058033 
Car 0.5 3 0 685.17706 172.41469 705.9563 193.37503 0.5 0.5 0.5 0.5 0.5 0.5 0.5 0.9788703 
Car 0.5 3 0 1170.1506 155.8788 1202.4622 178.12677 0.5 0.5 0.5 0.5 0.5 0.5 0.5 0.97524005 
Car 0.5 3 0 1136.1594 157.71184 1172.1781 175.98772 0.5 0.5 0.5 0.5 0.5 0.5 0.5 0.97468567 
Car 0.5 3 0 1202.095 155.70058 1241.1593 174.41376 0.5 0.5 0.5 0.5 0.5 0.5 0.5 0.96470404 
Car 0.5 3 0 1104.8209 159.44247 1137.2194 177.31108 0.5 0.5 0.5 0.5 0.5 0.5 0.5 0.93380445 
Car 0.5 3 0 1043.9375 159.22603 1075.1592 176.84447 0.5 0.5 0.5 0.5 0.5 0.5 0.5 0.92376626 
Car 0.5 3 0 508.26306 172.92265 543.3797 202.04088 0.5 0.5 0.5 0.5 0.5 0.5 0.5 0.9135435 
Car 0.5 3 0 541.01196 171.51213 566.3349 195.8819 0.5 0.5 0.5 0.5 0.5 0.5 0.5 0.90132546 
Car 0.5 3 0 826.0126 160.3618 875.9332 173.25693 0.5 0.5 0.5 0.5 0.5 0.5 0.5 0.90038484 
Car 0.5 3 0 1034.2769 160.324 1048.8213 175.86682 0.5 0.5 0.5 0.5 0.5 0.5 0.5 0.7523771 
Car 0.5 3 0 890.24255 157.07425 926.196 173.8407 0.5 0.5 0.5 0.5 0.5 0.5 0.5 0.74546546 
Car 0.5 3 0 859.5981 160.27335 888.522 172.75826 0.5 0.5 0.5 0.5 0.5 0.5 0.5 0.7288208 
Car 0.5 3 0 476.56998 175.42332 497.4083 193.928 0.5 0.5 0.5 0.5 0.5 0.5 0.5 0.72413796 
Car 0.5 3 0 825.49036 161.47502 846.2417 171.454 0.5 0.5 0.5 0.5 0.5 0.5 0.5 0.68556756 
