Car 0.5 3 0 263.27856 189.63971 412.10727 250.64397 0.5 0.5 0.5 0.5 0.5 0.5 0.5 0.99569476 
Car 0.5 3 0 503.74127 175.3149 579.62897 217.11307 0.5 0.5 0.5 0.5 0.5 0.5 0.5 0.9905087 
Car 0.5 3 0 595.0097 171.91354 643.3437 202.21657 0.5 0.5 0.5 0.5 0.5 0.5 0.5 0.96460277 
Car 0.5 3 0 734.427 166.97256 753.8044 184.09438 0.5 0.5 0.5 0.5 0.5 0.5 0.5 0.96424305 
Car 0.5 3 0 5.017935 182.26265 112.87425 256.62253 0.5 0.5 0.5 0.5 0.5 0.5 0.5 0.963376 
Car 0.5 3 0 1208.089 149.171 1241.3981 165.83801 0.5 0.5 0.5 0.5 0.5 0.5 0.5 0.94820154 
Car 0.5 3 0 681.4644 170.40547 706.43396 189.1699 0.5 0.5 0.5 0.5 0.5 0.5 0.5 0.93002236 
Car 0.5 3 0 374.6908 170.79297 456.99756 211.13919 0.5 0.5 0.5 0.5 0.5 0.5 0.5 0.9285226 
Car 0.5 3 0 697.96423 166.02855 721.1307 185.62534 0.5 0.5 0.5 0.5 0.5 0.5 0.5 0.9202795 
Car 0.5 3 0 1128.2048 153.81653 1158.4325 167.26239 0.5 0.5 0.5 0.5 0.5 0.5 0.5 0.8943098 
Car 0.5 3 0 985.6215 156.12267 1009.6623 170.5546 0.5 0.5 0.5 0.5 0.5 0.5 0.5 0.88452464 
Car 0.5 3 0 1054.2312 153.88876 1080.5663 171.50974 0.5 0.5 0.5 0.5 0.5 0.5 0.5 0.8748573 
Car 0.5 3 0 842.00195 157.63037 879.0299 170.84636 0.5 0.5 0.5 0.5 0.5 0.5 0.5 0.8536117 
Car 0.5 3 0 1166.5657 152.13243 1198.655 165.12305 0.5 0.5 0.5 0.5 0.5 0.5 0.5 0.8475108 
Car 0.5 3 0 793.9651 158.13487 824.80725 170.76566 0.5 0.5 0.5 0.5 0.5 0.5 0.5 0.8377587 
Car 0.5 3 0 1110.201 152.25336 1131.2659 165.673 0.5 0.5 0.5 0.5 0.5 0.5 0.5 0.82703257 
Pedestrian 0.5 3 0 145.4436 197.7901 159.25215 236.37526 0.5 0.5 0.5 0.5 0.5 0.5 0.5 0.7828958 
Car 0.5 3 0 1077.9813 152.86823 1097.0298 169.70163 0.5 0.5 0.5 0.5 0.5 0.5 0.5 0.7754482 
Pedestrian 0.5 3 0 762.033 159.49344 776.53265 197.08293 0.5 0.5 0.5 0.5 0.5 0.5 0.5 0.5926642 
Car 0.5 3 0 652.88556 171.88031 666.5248 180.88858 0.5 0.5 0.5 0.5 0.5 0.5 0.5 0.5597274 
Car 0.5 3 0 1194.9492 149.88701 1215.6455 164.64137 0.5 0.5 0.5 0.5 0.5 0.5 0.5 0.5020329 
