Car 0.5 3 0 589.6964 175.05644 681.9509 229.78699 0.5 0.5 0.5 0.5 0.5 0.5 0.5 0.99613476 
Car 0.5 3 0 1170.8167 156.52112 1200.3976 177.96057 0.5 0.5 0.5 0.5 0.5 0.5 0.5 0.98116916 
Car 0.5 3 0 1136.3165 158.17786 1172.0177 175.97427 0.5 0.5 0.5 0.5 0.5 0.5 0.5 0.9697748 
Car 0.5 3 0 1201.6294 154.9994 1241.5372 174.26622 0.5 0.5 0.5 0.5 0.5 0.5 0.5 0.9659033 
Car 0.5 3 0 685.5424 172.074 714.0289 190.3831 0.5 0.5 0.5 0.5 0.5 0.5 0.5 0.95329726 
Car 0.5 3 0 1104.8203 159.27222 1136.9904 177.08589 0.5 0.5 0.5 0.5 0.5 0.5 0.5 0.94064975 
Car 0.5 3 0 1044.178 159.10602 1075.4186 176.90186 0.5 0.5 0.5 0.5 0.5 0.5 0.5 0.93735653 
Car 0.5 3 0 518.1364 180.92122 541.272 200.02957 0.5 0.5 0.5 0.5 0.5 0.5 0.5 0.9338485 
Car 0.5 3 0 826.24066 160.37132 875.1979 173.20955 0.5 0.5 0.5 0.5 0.5 0.5 0.5 0.88926697 
Car 0.5 3 0 295.76932 193.0812 313.96143 209.02197 0.5 0.5 0.5 0.5 0.5 0.5 0.5 0.8566081 
Car 0.5 3 0 890.52155 156.5927 925.5415 173.909 0.5 0.5 0.5 0.5 0.5 0.5 0.5 0.76112676 
Car 0.5 3 0 1034.5074 160.07072 1049.3044 175.99011 0.5 0.5 0.5 0.5 0.5 0.5 0.5 0.7520081 
Car 0.5 3 0 859.6403 160.21921 888.30237 172.69064 0.5 0.5 0.5 0.5 0.5 0.5 0.5 0.7297723 
Car 0.5 3 0 825.586 161.45532 846.05334 171.36685 0.5 0.5 0.5 0.5 0.5 0.5 0.5 0.68366253 
Car 0.5 3 0 968.8427 161.60112 999.6852 177.6411 0.5 0.5 0.5 0.5 0.5 0.5 0.5 0.59614176 
