Car 0.5 3 0 233.69235 189.46426 387.1875 251.97086 0.5 0.5 0.5 0.5 0.5 0.5 0.5 0.9981395 
Car 0.5 3 0 477.57397 177.46756 560.79486 218.75354 0.5 0.5 0.5 0.5 0.5 0.5 0.5 0.99510574 
Car 0.5 3 0 130.51924 179.31831 275.17123 238.51732 0.5 0.5 0.5 0.5 0.5 0.5 0.5 0.99091434 
Car 0.5 3 0 585.2073 174.5612 636.581 203.90228 0.5 0.5 0.5 0.5 0.5 0.5 0.5 0.9883365 
Car 0.5 3 0 1096.3027 154.75749 1121.8308 169.93889 0.5 0.5 0.5 0.5 0.5 0.5 0.5 0.94628996 
Car 0.5 3 0 1072.0748 155.25473 1097.8182 170.87788 0.5 0.5 0.5 0.5 0.5 0.5 0.5 0.94593793 
Car 0.5 3 0 737.4415 167.4513 759.95087 184.84355 0.5 0.5 0.5 0.5 0.5 0.5 0.5 0.94432205 
Car 0.5 3 0 685.55664 170.16273 709.3317 190.07147 0.5 0.5 0.5 0.5 0.5 0.5 0.5 0.9360144 
Car 0.5 3 0 700.58417 167.11845 722.4176 186.33386 0.5 0.5 0.5 0.5 0.5 0.5 0.5 0.8992208 
Car 0.5 3 0 438.4275 169.94565 497.4924 206.13467 0.5 0.5 0.5 0.5 0.5 0.5 0.5 0.8723134 
Car 0.5 3 0 1193.2485 152.05724 1229.4391 168.12254 0.5 0.5 0.5 0.5 0.5 0.5 0.5 0.84977806 
Car 0.5 3 0 884.36566 158.26091 905.63165 170.70741 0.5 0.5 0.5 0.5 0.5 0.5 0.5 0.84605753 
Car 0.5 3 0 1157.1423 154.69858 1186.1292 167.12906 0.5 0.5 0.5 0.5 0.5 0.5 0.5 0.84457546 
Car 0.5 3 0 798.00604 159.85115 816.6518 170.89685 0.5 0.5 0.5 0.5 0.5 0.5 0.5 0.8135874 
Car 0.5 3 0 984.5667 158.52815 1008.55725 170.70518 0.5 0.5 0.5 0.5 0.5 0.5 0.5 0.8103972 
Car 0.5 3 0 665.10364 173.54103 679.0831 181.5352 0.5 0.5 0.5 0.5 0.5 0.5 0.5 0.78743017 
Car 0.5 3 0 1028.2686 156.77286 1049.4254 170.1044 0.5 0.5 0.5 0.5 0.5 0.5 0.5 0.74412256 
Car 0.5 3 0 798.1299 159.15822 832.79834 171.31763 0.5 0.5 0.5 0.5 0.5 0.5 0.5 0.7415162 
Car 0.5 3 0 1118.4207 156.20023 1148.628 169.07565 0.5 0.5 0.5 0.5 0.5 0.5 0.5 0.7395158 
Car 0.5 3 0 389.92963 178.5568 410.69928 195.3939 0.5 0.5 0.5 0.5 0.5 0.5 0.5 0.7258669 
Pedestrian 0.5 3 0 767.11615 149.54521 778.62054 189.92435 0.5 0.5 0.5 0.5 0.5 0.5 0.5 0.7188735 
Car 0.5 3 0 841.984 159.05225 872.1219 171.36119 0.5 0.5 0.5 0.5 0.5 0.5 0.5 0.6161784 
Car 0.5 3 0 539.393 174.99579 567.5857 193.2747 0.5 0.5 0.5 0.5 0.5 0.5 0.5 0.5242465 
