Car 0.5 3 0 561.37177 172.55011 598.1261 184.99536 0.5 0.5 0.5 0.5 0.5 0.5 0.5 0.94998693 
Car 0.5 3 0 425.86606 174.71724 462.6344 187.4136 0.5 0.5 0.5 0.5 0.5 0.5 0.5 0.85500395 
Car 0.5 3 0 61.693535 183.41019 120.26017 216.44746 0.5 0.5 0.5 0.5 0.5 0.5 0.5 0.8500952 
Car 0.5 3 0 340.3908 175.99774 397.3522 193.44064 0.5 0.5 0.5 0.5 0.5 0.5 0.5 0.8437393 
Car 0.5 3 0 626.66986 171.57709 659.9398 182.98898 0.5 0.5 0.5 0.5 0.5 0.5 0.5 0.82791364 
Car 0.5 3 0 706.6531 167.17365 735.96387 183.02106 0.5 0.5 0.5 0.5 0.5 0.5 0.5 0.79127717 
Car 0.5 3 0 806.5905 166.60005 830.3296 177.28505 0.5 0.5 0.5 0.5 0.5 0.5 0.5 0.7304331 
Car 0.5 3 0 67.98591 184.53816 120.07951 202.39293 0.5 0.5 0.5 0.5 0.5 0.5 0.5 0.7121909 
Car 0.5 3 0 743.2966 165.73227 772.2167 180.812 0.5 0.5 0.5 0.5 0.5 0.5 0.5 0.6550386 
Car 0.5 3 0 1080.2894 158.63937 1118.7059 170.60728 0.5 0.5 0.5 0.5 0.5 0.5 0.5 0.64645857 
Car 0.5 3 0 704.417 169.1288 723.3436 181.78801 0.5 0.5 0.5 0.5 0.5 0.5 0.5 0.6365119 
Car 0.5 3 0 1067.9694 160.48218 1089.6633 169.5824 0.5 0.5 0.5 0.5 0.5 0.5 0.5 0.59047383 
Car 0.5 3 0 78.421486 183.51526 120.161194 194.2845 0.5 0.5 0.5 0.5 0.5 0.5 0.5 0.56484085 
Pedestrian 0.5 3 0 284.12518 172.59439 315.2556 200.69725 0.5 0.5 0.5 0.5 0.5 0.5 0.5 0.50147533 
