Car 0.5 3 0 531.3974 178.6025 616.9692 222.68422 0.5 0.5 0.5 0.5 0.5 0.5 0.5 0.9975243 
Car 0.5 3 0 1170.2601 155.87004 1202.7177 177.67798 0.5 0.5 0.5 0.5 0.5 0.5 0.5 0.9751152 
Car 0.5 3 0 1136.3927 157.42905 1172.868 175.98872 0.5 0.5 0.5 0.5 0.5 0.5 0.5 0.97222924 
Car 0.5 3 0 680.377 172.21191 712.53534 193.90277 0.5 0.5 0.5 0.5 0.5 0.5 0.5 0.9654259 
Car 0.5 3 0 714.25287 171.08849 733.561 185.43132 0.5 0.5 0.5 0.5 0.5 0.5 0.5 0.96235204 
Car 0.5 3 0 1201.7168 154.8487 1241.4121 174.26402 0.5 0.5 0.5 0.5 0.5 0.5 0.5 0.9622037 
Car 0.5 3 0 1044.1371 159.01996 1075.0663 176.8246 0.5 0.5 0.5 0.5 0.5 0.5 0.5 0.949042 
Car 0.5 3 0 1104.6053 159.54526 1136.8864 177.25844 0.5 0.5 0.5 0.5 0.5 0.5 0.5 0.9393024 
Car 0.5 3 0 826.4226 160.25732 875.8816 173.08157 0.5 0.5 0.5 0.5 0.5 0.5 0.5 0.88569117 
Pedestrian 0.5 3 0 353.11646 185.024 375.46362 220.47737 0.5 0.5 0.5 0.5 0.5 0.5 0.5 0.8082952 
Car 0.5 3 0 184.57088 160.52261 365.17386 239.7017 0.5 0.5 0.5 0.5 0.5 0.5 0.5 0.7444129 
Car 0.5 3 0 890.4623 156.74496 924.73346 173.90761 0.5 0.5 0.5 0.5 0.5 0.5 0.5 0.7425504 
Car 0.5 3 0 825.7372 161.24358 845.9361 171.26106 0.5 0.5 0.5 0.5 0.5 0.5 0.5 0.6965769 
Car 0.5 3 0 1034.741 159.85284 1048.9843 176.02605 0.5 0.5 0.5 0.5 0.5 0.5 0.5 0.68278325 
Car 0.5 3 0 861.8844 160.37506 886.93494 172.28987 0.5 0.5 0.5 0.5 0.5 0.5 0.5 0.61275125 
Car 0.5 3 0 969.0834 161.68414 999.3285 177.55742 0.5 0.5 0.5 0.5 0.5 0.5 0.5 0.53212285 
Car 0.5 3 0 693.3534 171.90056 714.12616 188.85481 0.5 0.5 0.5 0.5 0.5 0.5 0.5 0.5209718 
