Car 0.5 3 0 473.94952 176.8373 532.28815 204.51973 0.5 0.5 0.5 0.5 0.5 0.5 0.5 0.9914705 
Car 0.5 3 0 717.9239 178.40994 751.87006 192.46542 0.5 0.5 0.5 0.5 0.5 0.5 0.5 0.9707164 
Car 0.5 3 0 598.1653 177.04626 645.85767 198.69467 0.5 0.5 0.5 0.5 0.5 0.5 0.5 0.9393489 
Car 0.5 3 0 269.3652 175.15326 347.3118 210.9895 0.5 0.5 0.5 0.5 0.5 0.5 0.5 0.9038578 
Pedestrian 0.5 3 0 843.46277 170.79887 866.1543 219.51917 0.5 0.5 0.5 0.5 0.5 0.5 0.5 0.87107444 
Car 0.5 3 0 1113.8066 176.72473 1142.2034 187.23277 0.5 0.5 0.5 0.5 0.5 0.5 0.5 0.81978416 
Car 0.5 3 0 6.2462864 172.34155 55.24571 194.55745 0.5 0.5 0.5 0.5 0.5 0.5 0.5 0.81558216 
Car 0.5 3 0 628.28015 172.1968 665.0129 195.51625 0.5 0.5 0.5 0.5 0.5 0.5 0.5 0.7358215 
Car 0.5 3 0 752.72156 175.99281 785.9563 192.36076 0.5 0.5 0.5 0.5 0.5 0.5 0.5 0.7044492 
Car 0.5 3 0 785.71765 177.71544 802.9962 190.23566 0.5 0.5 0.5 0.5 0.5 0.5 0.5 0.68804896 
Car 0.5 3 0 903.7278 177.47697 940.4041 193.22412 0.5 0.5 0.5 0.5 0.5 0.5 0.5 0.6497839 
Car 0.5 3 0 155.94537 174.7011 230.26442 207.24547 0.5 0.5 0.5 0.5 0.5 0.5 0.5 0.61608577 
Car 0.5 3 0 924.4791 177.57462 940.1076 190.289 0.5 0.5 0.5 0.5 0.5 0.5 0.5 0.59940654 
Car 0.5 3 0 816.1726 177.38742 842.6706 193.84363 0.5 0.5 0.5 0.5 0.5 0.5 0.5 0.5792106 
Car 0.5 3 0 231.42155 174.52502 261.53415 190.70303 0.5 0.5 0.5 0.5 0.5 0.5 0.5 0.5696337 
Car 0.5 3 0 163.12648 175.21591 219.35544 196.10185 0.5 0.5 0.5 0.5 0.5 0.5 0.5 0.563429 
Car 0.5 3 0 1147.0131 175.72765 1179.6392 186.31915 0.5 0.5 0.5 0.5 0.5 0.5 0.5 0.52500844 
Car 0.5 3 0 1160.4474 176.32863 1180.9222 184.55183 0.5 0.5 0.5 0.5 0.5 0.5 0.5 0.50512195 
