Car 0.5 3 0 459.93793 180.63235 490.76797 205.96889 0.5 0.5 0.5 0.5 0.5 0.5 0.5 0.9867704 
Car 0.5 3 0 831.99756 168.72131 898.64514 195.59557 0.5 0.5 0.5 0.5 0.5 0.5 0.5 0.97698236 
Car 0.5 3 0 928.00916 166.7311 1009.8467 200.78313 0.5 0.5 0.5 0.5 0.5 0.5 0.5 0.96856046 
Car 0.5 3 0 761.1966 167.96187 803.05554 190.0234 0.5 0.5 0.5 0.5 0.5 0.5 0.5 0.96311826 
Car 0.5 3 0 831.63574 169.21075 862.79443 192.39626 0.5 0.5 0.5 0.5 0.5 0.5 0.5 0.96167487 
Car 0.5 3 0 913.9677 166.07811 947.8719 191.97914 0.5 0.5 0.5 0.5 0.5 0.5 0.5 0.93909836 
Car 0.5 3 0 702.0067 168.04443 735.4797 188.37045 0.5 0.5 0.5 0.5 0.5 0.5 0.5 0.9348803 
Car 0.5 3 0 1043.3448 168.10104 1092.3873 209.17987 0.5 0.5 0.5 0.5 0.5 0.5 0.5 0.92083704 
Car 0.5 3 0 408.3821 180.1693 424.21332 190.75946 0.5 0.5 0.5 0.5 0.5 0.5 0.5 0.8919838 
Car 0.5 3 0 387.15573 178.6402 403.74472 189.53076 0.5 0.5 0.5 0.5 0.5 0.5 0.5 0.87964725 
Car 0.5 3 0 435.74182 178.95639 456.77725 196.27538 0.5 0.5 0.5 0.5 0.5 0.5 0.5 0.87948793 
Car 0.5 3 0 734.34973 167.11926 776.25653 188.53535 0.5 0.5 0.5 0.5 0.5 0.5 0.5 0.85933393 
Car 0.5 3 0 724.06824 166.56476 751.7945 187.21593 0.5 0.5 0.5 0.5 0.5 0.5 0.5 0.82160795 
Car 0.5 3 0 806.8344 171.7817 835.1846 188.53091 0.5 0.5 0.5 0.5 0.5 0.5 0.5 0.82077444 
Car 0.5 3 0 12.026246 171.93317 49.0513 210.2003 0.5 0.5 0.5 0.5 0.5 0.5 0.5 0.72983193 
Car 0.5 3 0 642.0478 167.78807 662.5061 182.26855 0.5 0.5 0.5 0.5 0.5 0.5 0.5 0.7166195 
Car 0.5 3 0 642.0659 163.78198 674.18524 183.28522 0.5 0.5 0.5 0.5 0.5 0.5 0.5 0.7001638 
Car 0.5 3 0 664.2946 165.39574 696.2796 186.65468 0.5 0.5 0.5 0.5 0.5 0.5 0.5 0.66671264 
Car 0.5 3 0 1110.989 187.21315 1160.8303 213.24525 0.5 0.5 0.5 0.5 0.5 0.5 0.5 0.643204 
Car 0.5 3 0 510.74582 171.14417 547.01184 204.69193 0.5 0.5 0.5 0.5 0.5 0.5 0.5 0.5705424 
