Car 0.5 3 0 606.4849 187.29947 657.9473 223.46675 0.5 0.5 0.5 0.5 0.5 0.5 0.5 0.983163 
Car 0.5 3 0 1031.8218 178.2406 1058.5841 196.30904 0.5 0.5 0.5 0.5 0.5 0.5 0.5 0.965882 
Car 0.5 3 0 1132.0656 177.70386 1153.0485 196.62025 0.5 0.5 0.5 0.5 0.5 0.5 0.5 0.95780766 
Car 0.5 3 0 1005.6276 178.04643 1033.9822 194.08789 0.5 0.5 0.5 0.5 0.5 0.5 0.5 0.9497114 
Car 0.5 3 0 803.2931 176.98366 825.18616 187.30237 0.5 0.5 0.5 0.5 0.5 0.5 0.5 0.944846 
Car 0.5 3 0 243.34464 205.30354 264.72467 218.34221 0.5 0.5 0.5 0.5 0.5 0.5 0.5 0.93050057 
Pedestrian 0.5 3 0 285.216 190.29883 302.9572 236.20308 0.5 0.5 0.5 0.5 0.5 0.5 0.5 0.8674762 
Car 0.5 3 0 765.335 175.30367 799.0288 189.56018 0.5 0.5 0.5 0.5 0.5 0.5 0.5 0.8506656 
Car 0.5 3 0 869.1521 174.89981 897.843 190.4323 0.5 0.5 0.5 0.5 0.5 0.5 0.5 0.80880934 
Car 0.5 3 0 826.8169 176.49536 845.75226 187.46149 0.5 0.5 0.5 0.5 0.5 0.5 0.5 0.795258 
Car 0.5 3 0 781.39496 174.6111 800.76514 188.11742 0.5 0.5 0.5 0.5 0.5 0.5 0.5 0.7500955 
Car 0.5 3 0 838.04803 175.96347 866.3311 189.9071 0.5 0.5 0.5 0.5 0.5 0.5 0.5 0.73116076 
Car 0.5 3 0 1100.9689 177.83774 1132.3713 198.60307 0.5 0.5 0.5 0.5 0.5 0.5 0.5 0.7122696 
Car 0.5 3 0 828.13776 175.81914 858.1318 188.60094 0.5 0.5 0.5 0.5 0.5 0.5 0.5 0.5212429 
Car 0.5 3 0 440.81882 187.81567 459.8615 201.38586 0.5 0.5 0.5 0.5 0.5 0.5 0.5 0.5145665 
