Car 0.5 3 0 570.9939 191.97835 599.2647 216.43768 0.5 0.5 0.5 0.5 0.5 0.5 0.5 0.98807985 
Car 0.5 3 0 984.35394 187.16743 1017.1427 208.79141 0.5 0.5 0.5 0.5 0.5 0.5 0.5 0.98588276 
Car 0.5 3 0 1146.1827 187.86371 1186.2765 212.34032 0.5 0.5 0.5 0.5 0.5 0.5 0.5 0.9823345 
Car 0.5 3 0 1102.3235 186.0013 1139.6713 213.01479 0.5 0.5 0.5 0.5 0.5 0.5 0.5 0.9803498 
Car 0.5 3 0 1189.4637 190.49374 1239.9597 213.52042 0.5 0.5 0.5 0.5 0.5 0.5 0.5 0.95969754 
Car 0.5 3 0 1020.08746 185.9018 1049.614 208.37466 0.5 0.5 0.5 0.5 0.5 0.5 0.5 0.9396637 
Car 0.5 3 0 288.54266 188.4833 315.23428 210.27559 0.5 0.5 0.5 0.5 0.5 0.5 0.5 0.9239552 
Car 0.5 3 0 811.16754 178.57953 857.0324 200.64832 0.5 0.5 0.5 0.5 0.5 0.5 0.5 0.9081087 
Car 0.5 3 0 675.0589 179.17313 703.56104 193.41286 0.5 0.5 0.5 0.5 0.5 0.5 0.5 0.856561 
Car 0.5 3 0 841.6414 181.44322 881.67316 201.61484 0.5 0.5 0.5 0.5 0.5 0.5 0.5 0.84312403 
Car 0.5 3 0 727.35486 181.96902 767.1703 194.89743 0.5 0.5 0.5 0.5 0.5 0.5 0.5 0.8013744 
Car 0.5 3 0 37.432674 203.12363 85.542816 222.9319 0.5 0.5 0.5 0.5 0.5 0.5 0.5 0.7992904 
Car 0.5 3 0 8.657494 207.2733 47.756218 226.3952 0.5 0.5 0.5 0.5 0.5 0.5 0.5 0.7969137 
Car 0.5 3 0 93.51018 189.76305 133.56177 211.65747 0.5 0.5 0.5 0.5 0.5 0.5 0.5 0.77106494 
Car 0.5 3 0 764.84924 182.7943 785.5081 197.82904 0.5 0.5 0.5 0.5 0.5 0.5 0.5 0.7238541 
Pedestrian 0.5 3 0 163.58925 206.77126 177.28722 243.76251 0.5 0.5 0.5 0.5 0.5 0.5 0.5 0.687987 
Car 0.5 3 0 754.8794 182.2039 777.9231 196.43127 0.5 0.5 0.5 0.5 0.5 0.5 0.5 0.65248245 
Car 0.5 3 0 561.3224 182.68942 579.0775 205.01161 0.5 0.5 0.5 0.5 0.5 0.5 0.5 0.64194983 
Car 0.5 3 0 318.63104 185.85838 344.85364 209.77246 0.5 0.5 0.5 0.5 0.5 0.5 0.5 0.6276511 
Car 0.5 3 0 726.4916 182.8139 750.78577 193.478 0.5 0.5 0.5 0.5 0.5 0.5 0.5 0.6258908 
Car 0.5 3 0 1048.0886 189.67815 1065.4937 205.58672 0.5 0.5 0.5 0.5 0.5 0.5 0.5 0.61068785 
Car 0.5 3 0 794.5451 182.33493 825.77795 199.02147 0.5 0.5 0.5 0.5 0.5 0.5 0.5 0.6009365 
