Car 0.5 3 0 550.6233 173.45052 627.81396 218.75682 0.5 0.5 0.5 0.5 0.5 0.5 0.5 0.9931189 
Car 0.5 3 0 420.93088 182.225 471.8185 214.6453 0.5 0.5 0.5 0.5 0.5 0.5 0.5 0.98612034 
Car 0.5 3 0 1170.3043 155.81862 1201.7408 178.0167 0.5 0.5 0.5 0.5 0.5 0.5 0.5 0.97881794 
Car 0.5 3 0 1201.7211 155.18367 1241.5525 174.4364 0.5 0.5 0.5 0.5 0.5 0.5 0.5 0.97595596 
Car 0.5 3 0 1136.1594 157.81544 1171.9637 175.99257 0.5 0.5 0.5 0.5 0.5 0.5 0.5 0.97415733 
Car 0.5 3 0 678.739 170.36755 730.6674 210.10873 0.5 0.5 0.5 0.5 0.5 0.5 0.5 0.9675404 
Car 0.5 3 0 517.8795 180.18538 543.5021 198.70248 0.5 0.5 0.5 0.5 0.5 0.5 0.5 0.955909 
Car 0.5 3 0 1104.3969 159.38641 1137.3943 177.28525 0.5 0.5 0.5 0.5 0.5 0.5 0.5 0.9452526 
Car 0.5 3 0 296.30872 193.33661 315.32388 207.33589 0.5 0.5 0.5 0.5 0.5 0.5 0.5 0.94116825 
Car 0.5 3 0 1044.1549 159.10909 1076.1163 176.98593 0.5 0.5 0.5 0.5 0.5 0.5 0.5 0.9310678 
Car 0.5 3 0 729.9074 168.73187 755.1878 191.03473 0.5 0.5 0.5 0.5 0.5 0.5 0.5 0.92211884 
Car 0.5 3 0 475.3058 176.03903 500.1224 192.14357 0.5 0.5 0.5 0.5 0.5 0.5 0.5 0.89168996 
Car 0.5 3 0 826.5057 160.3143 876.12634 173.20311 0.5 0.5 0.5 0.5 0.5 0.5 0.5 0.8913906 
Car 0.5 3 0 890.3516 156.9678 925.70233 173.86195 0.5 0.5 0.5 0.5 0.5 0.5 0.5 0.7761363 
Pedestrian 0.5 3 0 358.49698 188.09564 374.17957 218.44441 0.5 0.5 0.5 0.5 0.5 0.5 0.5 0.760988 
Car 0.5 3 0 1034.5356 160.26297 1049.3381 175.95425 0.5 0.5 0.5 0.5 0.5 0.5 0.5 0.7601052 
Car 0.5 3 0 825.69025 161.41696 845.8977 171.41508 0.5 0.5 0.5 0.5 0.5 0.5 0.5 0.6802551 
Car 0.5 3 0 861.3992 160.43825 886.8005 172.33533 0.5 0.5 0.5 0.5 0.5 0.5 0.5 0.6390502 
Car 0.5 3 0 330.9074 180.35626 349.92633 197.94899 0.5 0.5 0.5 0.5 0.5 0.5 0.5 0.61246514 
Car 0.5 3 0 969.65424 161.24756 1001.45667 176.69727 0.5 0.5 0.5 0.5 0.5 0.5 0.5 0.6101567 
Car 0.5 3 0 313.06064 190.11554 331.54877 203.34187 0.5 0.5 0.5 0.5 0.5 0.5 0.5 0.5454272 
