Car 0.5 3 0 615.4178 172.9054 670.6222 206.52441 0.5 0.5 0.5 0.5 0.5 0.5 0.5 0.99304396 
Car 0.5 3 0 712.89044 171.6334 749.4853 199.55637 0.5 0.5 0.5 0.5 0.5 0.5 0.5 0.99020314 
Car 0.5 3 0 373.21576 183.91188 435.67972 218.81801 0.5 0.5 0.5 0.5 0.5 0.5 0.5 0.9873733 
Car 0.5 3 0 497.36258 179.28806 530.768 204.49187 0.5 0.5 0.5 0.5 0.5 0.5 0.5 0.9824171 
Car 0.5 3 0 1170.289 155.82974 1203.0995 177.85426 0.5 0.5 0.5 0.5 0.5 0.5 0.5 0.9768702 
Car 0.5 3 0 1136.2732 158.32812 1171.9114 176.00856 0.5 0.5 0.5 0.5 0.5 0.5 0.5 0.97276115 
Car 0.5 3 0 1201.9337 155.55304 1241.6072 174.5259 0.5 0.5 0.5 0.5 0.5 0.5 0.5 0.9666376 
Car 0.5 3 0 1104.4636 159.55281 1137.2383 177.13853 0.5 0.5 0.5 0.5 0.5 0.5 0.5 0.943851 
Car 0.5 3 0 1044.1578 159.15366 1075.1063 176.7853 0.5 0.5 0.5 0.5 0.5 0.5 0.5 0.93851084 
Car 0.5 3 0 539.30707 179.62004 561.3171 196.19029 0.5 0.5 0.5 0.5 0.5 0.5 0.5 0.9184889 
Car 0.5 3 0 295.45105 192.99876 313.97107 208.40591 0.5 0.5 0.5 0.5 0.5 0.5 0.5 0.9177724 
Car 0.5 3 0 826.6943 160.38425 875.5426 173.22902 0.5 0.5 0.5 0.5 0.5 0.5 0.5 0.8767986 
Car 0.5 3 0 692.18994 171.73288 713.08136 188.59506 0.5 0.5 0.5 0.5 0.5 0.5 0.5 0.8724609 
Car 0.5 3 0 476.80597 175.04025 495.85965 191.34213 0.5 0.5 0.5 0.5 0.5 0.5 0.5 0.8657444 
Car 0.5 3 0 740.2013 170.98044 755.1669 188.49763 0.5 0.5 0.5 0.5 0.5 0.5 0.5 0.8157436 
Pedestrian 0.5 3 0 360.21628 188.21866 373.66135 218.91606 0.5 0.5 0.5 0.5 0.5 0.5 0.5 0.8050872 
Car 0.5 3 0 859.6568 160.24841 888.44244 172.72441 0.5 0.5 0.5 0.5 0.5 0.5 0.5 0.74996316 
Car 0.5 3 0 890.27203 157.16437 924.6213 173.91237 0.5 0.5 0.5 0.5 0.5 0.5 0.5 0.7404296 
Car 0.5 3 0 1034.6168 160.19763 1049.5903 175.88327 0.5 0.5 0.5 0.5 0.5 0.5 0.5 0.7260015 
Car 0.5 3 0 825.5255 161.48993 845.81995 171.39078 0.5 0.5 0.5 0.5 0.5 0.5 0.5 0.7082127 
Car 0.5 3 0 352.24588 183.18849 387.46973 204.47226 0.5 0.5 0.5 0.5 0.5 0.5 0.5 0.7080017 
Car 0.5 3 0 330.84448 180.43825 350.18918 198.25102 0.5 0.5 0.5 0.5 0.5 0.5 0.5 0.6628143 
Car 0.5 3 0 674.879 173.13438 692.3215 186.43709 0.5 0.5 0.5 0.5 0.5 0.5 0.5 0.62598896 
Car 0.5 3 0 312.80145 191.249 332.43692 204.25255 0.5 0.5 0.5 0.5 0.5 0.5 0.5 0.5927849 
Car 0.5 3 0 969.1896 161.55359 999.7434 177.717 0.5 0.5 0.5 0.5 0.5 0.5 0.5 0.5888805 
