Car 0.5 3 0 477.854 177.95819 576.4032 231.85884 0.5 0.5 0.5 0.5 0.5 0.5 0.5 0.9888849 
Car 0.5 3 0 1169.8951 156.05492 1201.1637 178.30542 0.5 0.5 0.5 0.5 0.5 0.5 0.5 0.98215723 
Car 0.5 3 0 1135.9199 157.47429 1172.0103 176.26578 0.5 0.5 0.5 0.5 0.5 0.5 0.5 0.9747922 
Car 0.5 3 0 1202.1676 155.83777 1241.1945 174.35355 0.5 0.5 0.5 0.5 0.5 0.5 0.5 0.9625075 
Car 0.5 3 0 703.3477 171.98744 719.4712 183.49786 0.5 0.5 0.5 0.5 0.5 0.5 0.5 0.9442241 
Car 0.5 3 0 1104.3206 159.32092 1137.0634 177.10204 0.5 0.5 0.5 0.5 0.5 0.5 0.5 0.9415313 
Car 0.5 3 0 1044.0688 159.28874 1075.0039 176.81155 0.5 0.5 0.5 0.5 0.5 0.5 0.5 0.92875934 
Car 0.5 3 0 323.45334 183.69319 422.08475 224.64166 0.5 0.5 0.5 0.5 0.5 0.5 0.5 0.8930673 
Car 0.5 3 0 826.4392 160.3562 875.0594 173.16948 0.5 0.5 0.5 0.5 0.5 0.5 0.5 0.88527936 
Car 0.5 3 0 295.44708 192.95781 313.5683 208.32033 0.5 0.5 0.5 0.5 0.5 0.5 0.5 0.8832186 
Car 0.5 3 0 622.7275 161.84377 707.8665 223.49983 0.5 0.5 0.5 0.5 0.5 0.5 0.5 0.85671437 
Car 0.5 3 0 1.6780462 120.56721 221.61568 324.9686 0.5 0.5 0.5 0.5 0.5 0.5 0.5 0.8448955 
Car 0.5 3 0 859.9028 160.23149 888.33307 172.74458 0.5 0.5 0.5 0.5 0.5 0.5 0.5 0.78649753 
Car 0.5 3 0 724.46545 165.67883 755.60645 195.53659 0.5 0.5 0.5 0.5 0.5 0.5 0.5 0.7806726 
Car 0.5 3 0 330.45654 179.98877 351.62793 198.86723 0.5 0.5 0.5 0.5 0.5 0.5 0.5 0.7656649 
Car 0.5 3 0 1034.0201 160.20222 1048.456 176.02963 0.5 0.5 0.5 0.5 0.5 0.5 0.5 0.7528065 
Car 0.5 3 0 824.41034 161.21593 843.07043 171.67958 0.5 0.5 0.5 0.5 0.5 0.5 0.5 0.7436672 
Car 0.5 3 0 890.1765 157.25327 924.743 174.0183 0.5 0.5 0.5 0.5 0.5 0.5 0.5 0.7316289 
Car 0.5 3 0 969.51685 156.44423 1050.3472 179.68802 0.5 0.5 0.5 0.5 0.5 0.5 0.5 0.55654335 
