Car 0.5 3 0 0.1873496 200.88704 59.515476 270.53662 0.5 0.5 0.5 0.5 0.5 0.5 0.5 0.9914795 
Car 0.5 3 0 487.72632 180.01263 587.4978 230.04962 0.5 0.5 0.5 0.5 0.5 0.5 0.5 0.99137926 
Car 0.5 3 0 1170.793 156.40883 1200.6207 177.90668 0.5 0.5 0.5 0.5 0.5 0.5 0.5 0.97989607 
Car 0.5 3 0 1136.3683 157.14441 1173.5273 176.02826 0.5 0.5 0.5 0.5 0.5 0.5 0.5 0.97366685 
Car 0.5 3 0 1201.7275 154.96663 1241.5038 174.42159 0.5 0.5 0.5 0.5 0.5 0.5 0.5 0.9664854 
Car 0.5 3 0 674.74805 172.50937 708.33215 195.98196 0.5 0.5 0.5 0.5 0.5 0.5 0.5 0.9547322 
Car 0.5 3 0 1104.745 159.3473 1137.0251 177.0442 0.5 0.5 0.5 0.5 0.5 0.5 0.5 0.9372713 
Car 0.5 3 0 1043.8906 159.07219 1076.0554 176.80905 0.5 0.5 0.5 0.5 0.5 0.5 0.5 0.93509537 
Car 0.5 3 0 826.5413 160.30421 877.1956 173.15034 0.5 0.5 0.5 0.5 0.5 0.5 0.5 0.91403747 
Car 0.5 3 0 695.9814 171.6898 714.03766 190.84134 0.5 0.5 0.5 0.5 0.5 0.5 0.5 0.79311913 
Car 0.5 3 0 825.67004 161.3933 846.0137 171.46068 0.5 0.5 0.5 0.5 0.5 0.5 0.5 0.7591017 
Car 0.5 3 0 638.3176 165.00096 666.6349 182.90182 0.5 0.5 0.5 0.5 0.5 0.5 0.5 0.75490385 
Car 0.5 3 0 890.51263 156.71422 926.0478 173.90152 0.5 0.5 0.5 0.5 0.5 0.5 0.5 0.7504932 
Car 0.5 3 0 1034.7628 159.93341 1048.7532 175.70793 0.5 0.5 0.5 0.5 0.5 0.5 0.5 0.6989228 
Car 0.5 3 0 268.62195 158.57722 401.62296 230.52238 0.5 0.5 0.5 0.5 0.5 0.5 0.5 0.6881258 
Car 0.5 3 0 861.12067 160.3998 886.97766 171.89066 0.5 0.5 0.5 0.5 0.5 0.5 0.5 0.63333386 
Car 0.5 3 0 721.6376 162.01146 762.29034 188.92093 0.5 0.5 0.5 0.5 0.5 0.5 0.5 0.5460213 
Car 0.5 3 0 968.8127 161.60397 999.78345 177.25552 0.5 0.5 0.5 0.5 0.5 0.5 0.5 0.50564766 
