Car 0.5 3 0 271.78702 180.988 323.62387 214.75452 0.5 0.5 0.5 0.5 0.5 0.5 0.5 0.9454199 
Pedestrian 0.5 3 0 703.21204 176.4067 719.1784 226.47548 0.5 0.5 0.5 0.5 0.5 0.5 0.5 0.9337057 
Car 0.5 3 0 270.74683 176.3356 357.12497 211.09811 0.5 0.5 0.5 0.5 0.5 0.5 0.5 0.920449 
Car 0.5 3 0 736.1562 172.6216 778.9163 208.8251 0.5 0.5 0.5 0.5 0.5 0.5 0.5 0.90517855 
Car 0.5 3 0 363.79248 179.01814 390.94727 201.9988 0.5 0.5 0.5 0.5 0.5 0.5 0.5 0.89950883 
Pedestrian 0.5 3 0 1045.2506 156.68399 1086.3638 209.15276 0.5 0.5 0.5 0.5 0.5 0.5 0.5 0.8736969 
Car 0.5 3 0 177.20424 180.99228 296.1716 228.70828 0.5 0.5 0.5 0.5 0.5 0.5 0.5 0.7819347 
Car 0.5 3 0 483.8622 177.06902 510.99847 188.59352 0.5 0.5 0.5 0.5 0.5 0.5 0.5 0.7086658 
Cyclist 0.5 3 0 1042.8893 194.95593 1092.8282 250.842 0.5 0.5 0.5 0.5 0.5 0.5 0.5 0.6526334 
Car 0.5 3 0 451.25302 179.82007 476.37216 191.27254 0.5 0.5 0.5 0.5 0.5 0.5 0.5 0.642108 
Car 0.5 3 0 239.22989 181.59854 300.67682 220.2237 0.5 0.5 0.5 0.5 0.5 0.5 0.5 0.6212807 
Car 0.5 3 0 322.66754 171.24728 371.54984 206.87689 0.5 0.5 0.5 0.5 0.5 0.5 0.5 0.5949982 
Car 0.5 3 0 397.74243 175.31299 431.40173 189.02963 0.5 0.5 0.5 0.5 0.5 0.5 0.5 0.5609214 
Car 0.5 3 0 424.1796 180.7004 441.4419 189.39117 0.5 0.5 0.5 0.5 0.5 0.5 0.5 0.55564266 
