Pedestrian 0.5 3 0 1175.3322 144.45079 1240.4036 358.3296 0.5 0.5 0.5 0.5 0.5 0.5 0.5 0.9739207 
Car 0.5 3 0 96.944046 180.39703 147.58743 198.13995 0.5 0.5 0.5 0.5 0.5 0.5 0.5 0.8953507 
Car 0.5 3 0 1.1840806 199.0144 12.478322 222.11134 0.5 0.5 0.5 0.5 0.5 0.5 0.5 0.88858175 
Car 0.5 3 0 9.001645 171.46605 99.29352 218.05406 0.5 0.5 0.5 0.5 0.5 0.5 0.5 0.86408633 
Car 0.5 3 0 274.75082 179.05978 308.55945 191.9994 0.5 0.5 0.5 0.5 0.5 0.5 0.5 0.822509 
Car 0.5 3 0 233.5353 171.84785 274.90558 188.14435 0.5 0.5 0.5 0.5 0.5 0.5 0.5 0.81111395 
Car 0.5 3 0 140.05307 178.36798 176.24086 192.23706 0.5 0.5 0.5 0.5 0.5 0.5 0.5 0.78672343 
Pedestrian 0.5 3 0 471.6571 173.14711 484.8962 211.27516 0.5 0.5 0.5 0.5 0.5 0.5 0.5 0.7396295 
Car 0.5 3 0 658.3962 168.67592 683.76105 179.18889 0.5 0.5 0.5 0.5 0.5 0.5 0.5 0.6638689 
Car 0.5 3 0 477.93335 171.95479 515.5631 192.3117 0.5 0.5 0.5 0.5 0.5 0.5 0.5 0.59619784 
Car 0.5 3 0 257.73233 174.85187 277.88293 187.38731 0.5 0.5 0.5 0.5 0.5 0.5 0.5 0.5785927 
Car 0.5 3 0 720.9002 169.86629 746.94293 180.7801 0.5 0.5 0.5 0.5 0.5 0.5 0.5 0.5611088 
Pedestrian 0.5 3 0 555.2979 170.72571 564.9223 204.57161 0.5 0.5 0.5 0.5 0.5 0.5 0.5 0.55710864 
Car 0.5 3 0 833.05255 167.54282 847.043 175.49039 0.5 0.5 0.5 0.5 0.5 0.5 0.5 0.5198361 
