Car 0.5 3 0 384.8777 181.31386 464.11667 238.21576 0.5 0.5 0.5 0.5 0.5 0.5 0.5 0.9814781 
Pedestrian 0.5 3 0 735.8416 167.12833 750.2198 203.59036 0.5 0.5 0.5 0.5 0.5 0.5 0.5 0.959211 
Car 0.5 3 0 655.0256 172.92444 676.1043 186.38953 0.5 0.5 0.5 0.5 0.5 0.5 0.5 0.71657777 
Car 0.5 3 0 420.86255 172.963 460.01392 195.18097 0.5 0.5 0.5 0.5 0.5 0.5 0.5 0.68929386 
Car 0.5 3 0 469.0454 174.72499 486.1738 185.13695 0.5 0.5 0.5 0.5 0.5 0.5 0.5 0.68786633 
Pedestrian 0.5 3 0 677.986 181.113 692.7551 225.13034 0.5 0.5 0.5 0.5 0.5 0.5 0.5 0.6801693 
Car 0.5 3 0 381.16373 175.64847 425.8066 203.9958 0.5 0.5 0.5 0.5 0.5 0.5 0.5 0.6363664 
Car 0.5 3 0 364.75342 177.31966 388.727 194.41974 0.5 0.5 0.5 0.5 0.5 0.5 0.5 0.55902845 
Pedestrian 0.5 3 0 650.38715 172.95389 674.831 213.62135 0.5 0.5 0.5 0.5 0.5 0.5 0.5 0.55569386 
Car 0.5 3 0 470.60568 173.60165 499.9226 185.81596 0.5 0.5 0.5 0.5 0.5 0.5 0.5 0.5517508 
Car 0.5 3 0 671.37506 169.69221 689.1368 183.8685 0.5 0.5 0.5 0.5 0.5 0.5 0.5 0.5456001 
Pedestrian 0.5 3 0 638.12555 173.81563 648.7793 204.58888 0.5 0.5 0.5 0.5 0.5 0.5 0.5 0.544096 
