Car 0.5 3 0 545.7145 178.181 657.6432 241.47372 0.5 0.5 0.5 0.5 0.5 0.5 0.5 0.99466115 
Car 0.5 3 0 1170.6896 156.29646 1200.2837 178.45168 0.5 0.5 0.5 0.5 0.5 0.5 0.5 0.9817598 
Car 0.5 3 0 1136.4413 158.11594 1171.8799 176.08598 0.5 0.5 0.5 0.5 0.5 0.5 0.5 0.97103506 
Car 0.5 3 0 1201.8938 155.35616 1241.5702 174.32092 0.5 0.5 0.5 0.5 0.5 0.5 0.5 0.9629321 
Car 0.5 3 0 691.4794 172.31866 714.2743 189.26514 0.5 0.5 0.5 0.5 0.5 0.5 0.5 0.9594192 
Car 0.5 3 0 623.88245 173.58539 672.2126 203.72981 0.5 0.5 0.5 0.5 0.5 0.5 0.5 0.9378881 
Car 0.5 3 0 1043.9233 159.18309 1075.2886 176.91286 0.5 0.5 0.5 0.5 0.5 0.5 0.5 0.93491805 
Car 0.5 3 0 1104.3589 159.58635 1137.2921 177.14319 0.5 0.5 0.5 0.5 0.5 0.5 0.5 0.9331825 
Car 0.5 3 0 826.3415 160.3468 877.24646 173.12279 0.5 0.5 0.5 0.5 0.5 0.5 0.5 0.9081773 
Car 0.5 3 0 521.40356 179.09778 551.0238 198.89844 0.5 0.5 0.5 0.5 0.5 0.5 0.5 0.8771862 
Car 0.5 3 0 295.4493 192.90042 315.84998 207.75696 0.5 0.5 0.5 0.5 0.5 0.5 0.5 0.8407272 
Car 0.5 3 0 888.67633 158.3583 924.09045 173.96236 0.5 0.5 0.5 0.5 0.5 0.5 0.5 0.8365972 
Car 0.5 3 0 671.8694 173.80934 686.2903 183.68011 0.5 0.5 0.5 0.5 0.5 0.5 0.5 0.7768143 
Car 0.5 3 0 1034.3633 160.09653 1049.0721 176.02266 0.5 0.5 0.5 0.5 0.5 0.5 0.5 0.7661375 
Car 0.5 3 0 825.68317 161.32544 845.9255 171.35461 0.5 0.5 0.5 0.5 0.5 0.5 0.5 0.70723796 
Car 0.5 3 0 860.995 160.4 887.6505 172.73587 0.5 0.5 0.5 0.5 0.5 0.5 0.5 0.66952354 
Car 0.5 3 0 968.7916 161.49579 999.92053 177.75774 0.5 0.5 0.5 0.5 0.5 0.5 0.5 0.642074 
Car 0.5 3 0 330.96033 181.1138 341.47614 198.69212 0.5 0.5 0.5 0.5 0.5 0.5 0.5 0.52553463 
Car 0.5 3 0 670.6619 174.75925 686.4666 191.3119 0.5 0.5 0.5 0.5 0.5 0.5 0.5 0.50940806 
