Car 0.5 3 0 541.1273 178.65184 619.98663 220.21458 0.5 0.5 0.5 0.5 0.5 0.5 0.5 0.9967901 
Car 0.5 3 0 1170.7273 156.47499 1200.4697 178.09087 0.5 0.5 0.5 0.5 0.5 0.5 0.5 0.98244596 
Car 0.5 3 0 1136.1278 156.98592 1173.408 176.2588 0.5 0.5 0.5 0.5 0.5 0.5 0.5 0.9755873 
Car 0.5 3 0 681.49927 172.53297 712.7896 193.3058 0.5 0.5 0.5 0.5 0.5 0.5 0.5 0.970641 
Car 0.5 3 0 1201.7876 155.03828 1241.4635 174.3093 0.5 0.5 0.5 0.5 0.5 0.5 0.5 0.9652533 
Car 0.5 3 0 713.7238 171.64323 731.21405 185.26053 0.5 0.5 0.5 0.5 0.5 0.5 0.5 0.96293473 
Car 0.5 3 0 1104.4403 159.46541 1136.9657 177.17604 0.5 0.5 0.5 0.5 0.5 0.5 0.5 0.9444127 
Car 0.5 3 0 1043.8175 159.06967 1075.8538 176.92012 0.5 0.5 0.5 0.5 0.5 0.5 0.5 0.9344382 
Car 0.5 3 0 826.26825 160.39363 875.5344 173.30434 0.5 0.5 0.5 0.5 0.5 0.5 0.5 0.8974873 
Car 0.5 3 0 160.92575 158.95903 346.68115 243.74248 0.5 0.5 0.5 0.5 0.5 0.5 0.5 0.76595926 
Car 0.5 3 0 890.4885 157.19041 924.90454 173.80527 0.5 0.5 0.5 0.5 0.5 0.5 0.5 0.74259716 
Car 0.5 3 0 859.5559 160.28226 888.389 172.62277 0.5 0.5 0.5 0.5 0.5 0.5 0.5 0.7409949 
Car 0.5 3 0 1034.4987 159.99957 1048.7188 175.86615 0.5 0.5 0.5 0.5 0.5 0.5 0.5 0.7343933 
Car 0.5 3 0 825.49097 161.48318 846.07666 171.5504 0.5 0.5 0.5 0.5 0.5 0.5 0.5 0.7234709 
Car 0.5 3 0 630.77576 165.67326 657.7486 183.39336 0.5 0.5 0.5 0.5 0.5 0.5 0.5 0.56678855 
Pedestrian 0.5 3 0 357.89053 186.38141 376.1851 218.4688 0.5 0.5 0.5 0.5 0.5 0.5 0.5 0.5628957 
Car 0.5 3 0 968.7962 161.7188 999.43463 177.33693 0.5 0.5 0.5 0.5 0.5 0.5 0.5 0.5354293 
