Car 0.5 3 0 87.604164 200.25168 451.99704 359.87723 0.5 0.5 0.5 0.5 0.5 0.5 0.5 0.99673307 
Car 0.5 3 0 399.9087 182.39589 468.38834 214.52744 0.5 0.5 0.5 0.5 0.5 0.5 0.5 0.99332446 
Car 0.5 3 0 632.6153 173.12947 678.2138 203.66182 0.5 0.5 0.5 0.5 0.5 0.5 0.5 0.98837787 
Car 0.5 3 0 1169.9794 156.00224 1201.3981 178.12025 0.5 0.5 0.5 0.5 0.5 0.5 0.5 0.9793672 
Car 0.5 3 0 1136.2014 157.55226 1172.4911 176.35411 0.5 0.5 0.5 0.5 0.5 0.5 0.5 0.97771513 
Car 0.5 3 0 1201.9832 155.68657 1241.2343 174.41718 0.5 0.5 0.5 0.5 0.5 0.5 0.5 0.9645206 
Car 0.5 3 0 49.23647 187.57578 241.36316 259.18347 0.5 0.5 0.5 0.5 0.5 0.5 0.5 0.95447916 
Car 0.5 3 0 1104.5239 159.04285 1136.6958 177.4323 0.5 0.5 0.5 0.5 0.5 0.5 0.5 0.94340336 
Car 0.5 3 0 680.3675 172.71063 698.05585 185.05486 0.5 0.5 0.5 0.5 0.5 0.5 0.5 0.9347653 
Car 0.5 3 0 1044.4244 159.16109 1075.9525 176.95673 0.5 0.5 0.5 0.5 0.5 0.5 0.5 0.91245335 
Car 0.5 3 0 475.4298 175.01935 494.2028 191.84102 0.5 0.5 0.5 0.5 0.5 0.5 0.5 0.892545 
Car 0.5 3 0 825.96643 160.35258 876.3882 173.3737 0.5 0.5 0.5 0.5 0.5 0.5 0.5 0.88078564 
Car 0.5 3 0 746.9831 167.64983 759.50555 188.1631 0.5 0.5 0.5 0.5 0.5 0.5 0.5 0.8778745 
Car 0.5 3 0 492.1046 177.38222 506.867 204.66359 0.5 0.5 0.5 0.5 0.5 0.5 0.5 0.84807396 
Car 0.5 3 0 1033.775 160.23882 1048.5353 176.01863 0.5 0.5 0.5 0.5 0.5 0.5 0.5 0.7977168 
Car 0.5 3 0 890.0003 157.06317 925.34247 173.73784 0.5 0.5 0.5 0.5 0.5 0.5 0.5 0.7265878 
Car 0.5 3 0 825.796 161.3504 846.17065 171.42747 0.5 0.5 0.5 0.5 0.5 0.5 0.5 0.67294943 
Pedestrian 0.5 3 0 356.57156 187.17694 374.31982 212.45706 0.5 0.5 0.5 0.5 0.5 0.5 0.5 0.6487754 
Car 0.5 3 0 861.2528 160.46803 887.6532 172.8396 0.5 0.5 0.5 0.5 0.5 0.5 0.5 0.64062065 
Car 0.5 3 0 330.65692 179.73654 352.85324 201.35645 0.5 0.5 0.5 0.5 0.5 0.5 0.5 0.59279454 
Car 0.5 3 0 488.48352 170.6221 505.3193 193.70937 0.5 0.5 0.5 0.5 0.5 0.5 0.5 0.5828767 
