Car 0.5 3 0 204.66974 182.38266 320.89697 240.49707 0.5 0.5 0.5 0.5 0.5 0.5 0.5 0.9963536 
Car 0.5 3 0 438.67828 176.07446 527.3658 217.68686 0.5 0.5 0.5 0.5 0.5 0.5 0.5 0.98324907 
Car 0.5 3 0 573.9926 175.60674 626.7991 202.72136 0.5 0.5 0.5 0.5 0.5 0.5 0.5 0.98205894 
Car 0.5 3 0 711.3198 171.20024 733.9836 189.21735 0.5 0.5 0.5 0.5 0.5 0.5 0.5 0.94222504 
Car 0.5 3 0 1119.7838 162.82796 1154.2954 174.48544 0.5 0.5 0.5 0.5 0.5 0.5 0.5 0.9225002 
Car 0.5 3 0 615.7952 175.2077 640.4553 191.36563 0.5 0.5 0.5 0.5 0.5 0.5 0.5 0.8947081 
Car 0.5 3 0 565.2958 170.41899 592.3494 194.18948 0.5 0.5 0.5 0.5 0.5 0.5 0.5 0.8723768 
Car 0.5 3 0 1102.3021 161.15742 1126.0393 174.10439 0.5 0.5 0.5 0.5 0.5 0.5 0.5 0.8584776 
Car 0.5 3 0 682.8157 173.5795 697.7297 182.1524 0.5 0.5 0.5 0.5 0.5 0.5 0.5 0.8345041 
Car 0.5 3 0 834.1309 162.4651 857.1633 174.6135 0.5 0.5 0.5 0.5 0.5 0.5 0.5 0.8113178 
Car 0.5 3 0 729.4682 168.2693 748.35583 185.71135 0.5 0.5 0.5 0.5 0.5 0.5 0.5 0.79975677 
Car 0.5 3 0 987.5034 162.26181 1019.231 174.92749 0.5 0.5 0.5 0.5 0.5 0.5 0.5 0.7851332 
Car 0.5 3 0 1081.0789 165.30508 1104.1235 175.47922 0.5 0.5 0.5 0.5 0.5 0.5 0.5 0.7671717 
Car 0.5 3 0 1053.8942 162.00182 1083.6323 176.05647 0.5 0.5 0.5 0.5 0.5 0.5 0.5 0.7608057 
Car 0.5 3 0 476.22876 172.20636 519.24396 190.57643 0.5 0.5 0.5 0.5 0.5 0.5 0.5 0.76031774 
Car 0.5 3 0 1183.1411 159.26186 1206.6346 173.92946 0.5 0.5 0.5 0.5 0.5 0.5 0.5 0.74547225 
Car 0.5 3 0 913.69696 163.15335 933.8494 173.9396 0.5 0.5 0.5 0.5 0.5 0.5 0.5 0.64244866 
Car 0.5 3 0 1041.9955 161.61354 1066.2098 174.0866 0.5 0.5 0.5 0.5 0.5 0.5 0.5 0.61487216 
Car 0.5 3 0 566.7656 173.43362 608.93256 199.47409 0.5 0.5 0.5 0.5 0.5 0.5 0.5 0.5655781 
Car 0.5 3 0 435.42905 185.42833 447.1575 198.85603 0.5 0.5 0.5 0.5 0.5 0.5 0.5 0.54668427 
Car 0.5 3 0 1183.4095 158.81511 1233.1404 175.05374 0.5 0.5 0.5 0.5 0.5 0.5 0.5 0.5069311 
