Car 0.5 3 0 369.49316 180.34412 522.2095 251.97296 0.5 0.5 0.5 0.5 0.5 0.5 0.5 0.9919917 
Car 0.5 3 0 580.24115 176.90167 677.01953 241.50273 0.5 0.5 0.5 0.5 0.5 0.5 0.5 0.98807806 
Car 0.5 3 0 1170.1266 155.93121 1201.2616 178.48912 0.5 0.5 0.5 0.5 0.5 0.5 0.5 0.97741973 
Car 0.5 3 0 1136.1332 157.77626 1172.1136 176.05836 0.5 0.5 0.5 0.5 0.5 0.5 0.5 0.9744126 
Car 0.5 3 0 1201.7008 154.95671 1241.428 174.45523 0.5 0.5 0.5 0.5 0.5 0.5 0.5 0.971815 
Car 0.5 3 0 717.1547 174.98634 750.6021 195.83432 0.5 0.5 0.5 0.5 0.5 0.5 0.5 0.95765823 
Car 0.5 3 0 678.88605 172.93694 707.61224 194.50592 0.5 0.5 0.5 0.5 0.5 0.5 0.5 0.95483726 
Car 0.5 3 0 1104.5402 159.34685 1137.1947 177.21634 0.5 0.5 0.5 0.5 0.5 0.5 0.5 0.94878614 
Car 0.5 3 0 1044.2764 159.12637 1075.1466 176.88684 0.5 0.5 0.5 0.5 0.5 0.5 0.5 0.9378012 
Car 0.5 3 0 533.7442 179.06364 556.5718 197.17921 0.5 0.5 0.5 0.5 0.5 0.5 0.5 0.90903777 
Car 0.5 3 0 826.62286 160.343 875.9179 173.15477 0.5 0.5 0.5 0.5 0.5 0.5 0.5 0.8705414 
Car 0.5 3 0 1034.139 160.10349 1049.0366 176.09059 0.5 0.5 0.5 0.5 0.5 0.5 0.5 0.7896521 
Car 0.5 3 0 890.26544 157.13002 925.336 173.82864 0.5 0.5 0.5 0.5 0.5 0.5 0.5 0.7543348 
Car 0.5 3 0 825.5922 161.31093 845.9528 171.42677 0.5 0.5 0.5 0.5 0.5 0.5 0.5 0.65114766 
Car 0.5 3 0 860.8899 160.33946 887.62244 172.89697 0.5 0.5 0.5 0.5 0.5 0.5 0.5 0.62480026 
Car 0.5 3 0 699.21454 171.00822 716.33386 181.8052 0.5 0.5 0.5 0.5 0.5 0.5 0.5 0.57498103 
Car 0.5 3 0 969.4164 161.71838 1001.2973 177.19405 0.5 0.5 0.5 0.5 0.5 0.5 0.5 0.5262383 
