Car 0.5 3 0 444.37268 175.7665 529.7813 217.64148 0.5 0.5 0.5 0.5 0.5 0.5 0.5 0.9933895 
Car 0.5 3 0 106.63815 185.5204 229.86707 229.29741 0.5 0.5 0.5 0.5 0.5 0.5 0.5 0.9925184 
Car 0.5 3 0 576.15173 173.8664 627.7454 202.24553 0.5 0.5 0.5 0.5 0.5 0.5 0.5 0.9900233 
Car 0.5 3 0 216.02235 187.90732 360.91528 237.64755 0.5 0.5 0.5 0.5 0.5 0.5 0.5 0.9816057 
Car 0.5 3 0 212.13672 188.22874 261.5634 241.18262 0.5 0.5 0.5 0.5 0.5 0.5 0.5 0.9477641 
Car 0.5 3 0 825.9278 161.2323 859.6075 173.02077 0.5 0.5 0.5 0.5 0.5 0.5 0.5 0.9405863 
Car 0.5 3 0 1120.4623 161.63104 1144.9574 172.02715 0.5 0.5 0.5 0.5 0.5 0.5 0.5 0.9326555 
Car 0.5 3 0 547.043 168.77638 581.6656 196.08955 0.5 0.5 0.5 0.5 0.5 0.5 0.5 0.9263111 
Car 0.5 3 0 706.3201 170.37943 728.66956 188.63371 0.5 0.5 0.5 0.5 0.5 0.5 0.5 0.9230447 
Car 0.5 3 0 419.77344 171.16975 478.6898 206.42877 0.5 0.5 0.5 0.5 0.5 0.5 0.5 0.9226667 
Car 0.5 3 0 1036.4366 160.08742 1062.0535 175.66248 0.5 0.5 0.5 0.5 0.5 0.5 0.5 0.89061934 
Car 0.5 3 0 978.25305 161.0563 1020.9119 173.47893 0.5 0.5 0.5 0.5 0.5 0.5 0.5 0.83863646 
Car 0.5 3 0 721.50366 166.69377 743.1462 185.01451 0.5 0.5 0.5 0.5 0.5 0.5 0.5 0.83560485 
Pedestrian 0.5 3 0 786.3805 149.69284 796.14655 184.1642 0.5 0.5 0.5 0.5 0.5 0.5 0.5 0.8330784 
Car 0.5 3 0 673.5763 172.64099 687.79376 182.03226 0.5 0.5 0.5 0.5 0.5 0.5 0.5 0.8193761 
Car 0.5 3 0 998.0335 161.15181 1021.90894 172.54341 0.5 0.5 0.5 0.5 0.5 0.5 0.5 0.81516194 
Car 0.5 3 0 1097.8445 159.63818 1123.4374 172.73285 0.5 0.5 0.5 0.5 0.5 0.5 0.5 0.78882915 
Car 0.5 3 0 1221.5942 155.49353 1242.0 174.10645 0.5 0.5 0.5 0.5 0.5 0.5 0.5 0.7651486 
Car 0.5 3 0 1150.924 159.86407 1184.5822 171.80385 0.5 0.5 0.5 0.5 0.5 0.5 0.5 0.7397464 
Car 0.5 3 0 907.0955 161.0334 926.6892 172.7983 0.5 0.5 0.5 0.5 0.5 0.5 0.5 0.68936664 
Car 0.5 3 0 691.11975 171.44641 705.136 181.0922 0.5 0.5 0.5 0.5 0.5 0.5 0.5 0.6360412 
Car 0.5 3 0 856.7197 161.15367 901.043 172.94919 0.5 0.5 0.5 0.5 0.5 0.5 0.5 0.57417566 
Pedestrian 0.5 3 0 329.31122 184.62009 338.60504 202.737 0.5 0.5 0.5 0.5 0.5 0.5 0.5 0.5391709 
Car 0.5 3 0 613.4968 168.90907 636.6375 187.32101 0.5 0.5 0.5 0.5 0.5 0.5 0.5 0.537224 
Car 0.5 3 0 1200.3407 157.42493 1227.7119 172.39537 0.5 0.5 0.5 0.5 0.5 0.5 0.5 0.53074896 
Car 0.5 3 0 776.6201 165.16411 792.5638 184.9416 0.5 0.5 0.5 0.5 0.5 0.5 0.5 0.5096307 
Car 0.5 3 0 731.7619 154.76901 762.93896 180.58426 0.5 0.5 0.5 0.5 0.5 0.5 0.5 0.50259125 
