Car 0.5 3 0 1089.6031 181.94618 1127.7874 206.13722 0.5 0.5 0.5 0.5 0.5 0.5 0.5 0.9724593 
Car 0.5 3 0 581.7214 189.56628 613.25104 215.58127 0.5 0.5 0.5 0.5 0.5 0.5 0.5 0.9688056 
Car 0.5 3 0 1013.47284 182.03206 1051.6395 203.08566 0.5 0.5 0.5 0.5 0.5 0.5 0.5 0.9643164 
Car 0.5 3 0 1134.3258 182.27815 1174.3506 206.32657 0.5 0.5 0.5 0.5 0.5 0.5 0.5 0.95859855 
Car 0.5 3 0 65.81511 208.0086 93.73014 226.47427 0.5 0.5 0.5 0.5 0.5 0.5 0.5 0.9384893 
Car 0.5 3 0 759.99945 179.66348 793.48804 194.3522 0.5 0.5 0.5 0.5 0.5 0.5 0.5 0.9369899 
Car 0.5 3 0 980.6717 183.61453 1009.22125 203.09761 0.5 0.5 0.5 0.5 0.5 0.5 0.5 0.9275148 
Car 0.5 3 0 316.29373 189.00882 346.2251 210.20317 0.5 0.5 0.5 0.5 0.5 0.5 0.5 0.92331403 
Car 0.5 3 0 1169.4408 183.44038 1220.2429 205.26492 0.5 0.5 0.5 0.5 0.5 0.5 0.5 0.921309 
Car 0.5 3 0 688.18066 177.63522 714.0349 190.52243 0.5 0.5 0.5 0.5 0.5 0.5 0.5 0.8718138 
Car 0.5 3 0 729.1741 179.61246 750.50305 190.77332 0.5 0.5 0.5 0.5 0.5 0.5 0.5 0.8469119 
Car 0.5 3 0 799.05853 178.82047 831.8669 194.38939 0.5 0.5 0.5 0.5 0.5 0.5 0.5 0.8421855 
Car 0.5 3 0 133.09818 189.21101 189.95084 226.18246 0.5 0.5 0.5 0.5 0.5 0.5 0.5 0.80498236 
Car 0.5 3 0 731.10956 179.54803 766.8842 192.06471 0.5 0.5 0.5 0.5 0.5 0.5 0.5 0.8030446 
Car 0.5 3 0 836.2488 177.49055 860.2767 190.84064 0.5 0.5 0.5 0.5 0.5 0.5 0.5 0.728271 
Car 0.5 3 0 578.27234 180.19183 596.8308 199.57884 0.5 0.5 0.5 0.5 0.5 0.5 0.5 0.708656 
Car 0.5 3 0 560.4843 186.22238 571.4352 196.20926 0.5 0.5 0.5 0.5 0.5 0.5 0.5 0.6779312 
Car 0.5 3 0 1220.5326 186.8358 1241.5514 204.54271 0.5 0.5 0.5 0.5 0.5 0.5 0.5 0.6237989 
Car 0.5 3 0 749.4854 179.86208 771.6332 191.96532 0.5 0.5 0.5 0.5 0.5 0.5 0.5 0.61244553 
Car 0.5 3 0 953.0968 182.35364 980.86115 200.90569 0.5 0.5 0.5 0.5 0.5 0.5 0.5 0.56748956 
Car 0.5 3 0 348.04776 186.44376 373.74307 202.90494 0.5 0.5 0.5 0.5 0.5 0.5 0.5 0.52741706 
