Car 0.5 3 0 383.32886 183.4314 455.13828 218.28987 0.5 0.5 0.5 0.5 0.5 0.5 0.5 0.9936299 
Car 0.5 3 0 667.12103 169.62057 721.8318 210.68695 0.5 0.5 0.5 0.5 0.5 0.5 0.5 0.98705554 
Car 0.5 3 0 1170.5992 156.25296 1200.4177 178.69995 0.5 0.5 0.5 0.5 0.5 0.5 0.5 0.9823116 
Car 0.5 3 0 117.63336 189.68024 284.23163 249.07875 0.5 0.5 0.5 0.5 0.5 0.5 0.5 0.9812484 
Car 0.5 3 0 1136.1879 157.84224 1171.9381 176.14697 0.5 0.5 0.5 0.5 0.5 0.5 0.5 0.9726653 
Car 0.5 3 0 1202.1064 156.05545 1241.4506 174.22801 0.5 0.5 0.5 0.5 0.5 0.5 0.5 0.96386003 
Car 0.5 3 0 486.53845 170.90012 532.17413 205.41747 0.5 0.5 0.5 0.5 0.5 0.5 0.5 0.9634288 
Car 0.5 3 0 1104.0037 159.30971 1137.0513 177.32445 0.5 0.5 0.5 0.5 0.5 0.5 0.5 0.9432492 
Car 0.5 3 0 531.5889 171.0071 564.13385 198.9185 0.5 0.5 0.5 0.5 0.5 0.5 0.5 0.94254553 
Car 0.5 3 0 1043.887 159.05931 1073.4939 176.7449 0.5 0.5 0.5 0.5 0.5 0.5 0.5 0.9322316 
Car 0.5 3 0 826.4583 160.39995 874.88275 173.2855 0.5 0.5 0.5 0.5 0.5 0.5 0.5 0.88712275 
Car 0.5 3 0 295.03738 193.05441 315.6232 207.76175 0.5 0.5 0.5 0.5 0.5 0.5 0.5 0.84848034 
Car 0.5 3 0 658.6664 152.93924 701.4919 193.82635 0.5 0.5 0.5 0.5 0.5 0.5 0.5 0.7787434 
Car 0.5 3 0 825.6964 161.43608 845.97345 171.48827 0.5 0.5 0.5 0.5 0.5 0.5 0.5 0.7673447 
Car 0.5 3 0 890.30505 157.17574 924.8599 173.90378 0.5 0.5 0.5 0.5 0.5 0.5 0.5 0.76320165 
Car 0.5 3 0 859.7342 160.25772 888.74243 172.6722 0.5 0.5 0.5 0.5 0.5 0.5 0.5 0.7620511 
Car 0.5 3 0 1034.2935 160.19441 1048.9154 175.74226 0.5 0.5 0.5 0.5 0.5 0.5 0.5 0.7523098 
Car 0.5 3 0 330.78592 180.25485 350.30472 198.25266 0.5 0.5 0.5 0.5 0.5 0.5 0.5 0.66283673 
Pedestrian 0.5 3 0 359.925 187.58522 372.94162 219.52486 0.5 0.5 0.5 0.5 0.5 0.5 0.5 0.625594 
Car 0.5 3 0 352.18832 182.6692 390.8925 205.22134 0.5 0.5 0.5 0.5 0.5 0.5 0.5 0.5635031 
Car 0.5 3 0 732.29065 166.26048 760.59076 189.95282 0.5 0.5 0.5 0.5 0.5 0.5 0.5 0.52564234 
