Car 0.5 3 0 1168.1561 156.87636 1203.5505 178.78511 0.5 0.5 0.5 0.5 0.5 0.5 0.5 0.99089855 
Car 0.5 3 0 1202.0696 156.44255 1240.75 175.08609 0.5 0.5 0.5 0.5 0.5 0.5 0.5 0.96741486 
Car 0.5 3 0 1135.6388 160.96446 1170.491 176.75194 0.5 0.5 0.5 0.5 0.5 0.5 0.5 0.96233004 
Car 0.5 3 0 1106.2074 160.80922 1135.5062 177.75368 0.5 0.5 0.5 0.5 0.5 0.5 0.5 0.9387403 
Car 0.5 3 0 1043.3887 160.16647 1077.7996 177.698 0.5 0.5 0.5 0.5 0.5 0.5 0.5 0.91472447 
Car 0.5 3 0 734.5372 171.97827 755.8426 190.71742 0.5 0.5 0.5 0.5 0.5 0.5 0.5 0.8834479 
Car 0.5 3 0 190.6796 170.71288 330.317 241.02411 0.5 0.5 0.5 0.5 0.5 0.5 0.5 0.879714 
Car 0.5 3 0 426.5329 166.65097 495.6194 214.27747 0.5 0.5 0.5 0.5 0.5 0.5 0.5 0.8643986 
Car 0.5 3 0 888.8996 157.68073 927.23785 175.47449 0.5 0.5 0.5 0.5 0.5 0.5 0.5 0.8062011 
Car 0.5 3 0 829.40845 160.82164 881.9368 174.3039 0.5 0.5 0.5 0.5 0.5 0.5 0.5 0.8056415 
Car 0.5 3 0 723.12244 170.12242 739.9927 183.8827 0.5 0.5 0.5 0.5 0.5 0.5 0.5 0.8006477 
Car 0.5 3 0 859.6502 160.65372 888.34674 174.55113 0.5 0.5 0.5 0.5 0.5 0.5 0.5 0.7660229 
Car 0.5 3 0 824.5906 162.43254 844.1634 172.47934 0.5 0.5 0.5 0.5 0.5 0.5 0.5 0.7349074 
Car 0.5 3 0 825.432 161.90761 858.51117 174.10753 0.5 0.5 0.5 0.5 0.5 0.5 0.5 0.6939107 
Car 0.5 3 0 1034.5082 161.86346 1048.3901 176.1147 0.5 0.5 0.5 0.5 0.5 0.5 0.5 0.6853173 
Pedestrian 0.5 3 0 357.50684 184.0499 376.01727 220.6344 0.5 0.5 0.5 0.5 0.5 0.5 0.5 0.58319 
Car 0.5 3 0 658.3645 170.09688 678.4354 187.55243 0.5 0.5 0.5 0.5 0.5 0.5 0.5 0.525549 
Car 0.5 3 0 349.6314 182.38925 386.45215 205.40717 0.5 0.5 0.5 0.5 0.5 0.5 0.5 0.52060086 
