Car 0.5 3 0 1139.2505 183.375 1174.9077 207.75328 0.5 0.5 0.5 0.5 0.5 0.5 0.5 0.9818749 
Car 0.5 3 0 575.5309 189.41762 606.2529 215.70041 0.5 0.5 0.5 0.5 0.5 0.5 0.5 0.9713973 
Car 0.5 3 0 1179.3563 186.48476 1230.4911 208.53455 0.5 0.5 0.5 0.5 0.5 0.5 0.5 0.9518913 
Car 0.5 3 0 1014.8344 182.36127 1047.7704 204.17708 0.5 0.5 0.5 0.5 0.5 0.5 0.5 0.94235855 
Car 0.5 3 0 1094.6876 185.35915 1134.0208 207.52832 0.5 0.5 0.5 0.5 0.5 0.5 0.5 0.9340337 
Car 0.5 3 0 981.1297 183.94543 1009.82666 204.00256 0.5 0.5 0.5 0.5 0.5 0.5 0.5 0.9180836 
Car 0.5 3 0 845.03314 180.18872 870.037 198.4412 0.5 0.5 0.5 0.5 0.5 0.5 0.5 0.88761735 
Car 0.5 3 0 303.64005 188.21431 329.68967 209.61278 0.5 0.5 0.5 0.5 0.5 0.5 0.5 0.8819321 
Car 0.5 3 0 38.819366 207.72273 64.66328 226.54662 0.5 0.5 0.5 0.5 0.5 0.5 0.5 0.878792 
Car 0.5 3 0 681.7707 177.62804 709.3055 191.37433 0.5 0.5 0.5 0.5 0.5 0.5 0.5 0.87148124 
Car 0.5 3 0 70.21113 203.32985 109.95369 223.04341 0.5 0.5 0.5 0.5 0.5 0.5 0.5 0.8083368 
Car 0.5 3 0 770.49817 181.63712 792.21783 195.29129 0.5 0.5 0.5 0.5 0.5 0.5 0.5 0.74582875 
Pedestrian 0.5 3 0 199.88152 205.34538 215.33969 239.53671 0.5 0.5 0.5 0.5 0.5 0.5 0.5 0.74369925 
Car 0.5 3 0 725.3552 180.15086 744.17487 191.27634 0.5 0.5 0.5 0.5 0.5 0.5 0.5 0.7405149 
Car 0.5 3 0 734.7745 180.7373 757.1887 190.94586 0.5 0.5 0.5 0.5 0.5 0.5 0.5 0.7217251 
Car 0.5 3 0 570.0518 180.58354 588.22345 201.61932 0.5 0.5 0.5 0.5 0.5 0.5 0.5 0.71796656 
Car 0.5 3 0 797.0562 179.56732 831.4152 196.13275 0.5 0.5 0.5 0.5 0.5 0.5 0.5 0.69459677 
Car 0.5 3 0 1045.4893 186.22316 1066.894 205.12906 0.5 0.5 0.5 0.5 0.5 0.5 0.5 0.6865182 
Car 0.5 3 0 954.1878 183.4678 983.02057 202.69312 0.5 0.5 0.5 0.5 0.5 0.5 0.5 0.6626864 
Car 0.5 3 0 756.82776 180.13274 788.1089 194.73204 0.5 0.5 0.5 0.5 0.5 0.5 0.5 0.62699413 
Car 0.5 3 0 116.426865 188.11554 161.70186 213.29463 0.5 0.5 0.5 0.5 0.5 0.5 0.5 0.57192177 
Car 0.5 3 0 735.94293 179.99129 768.4404 193.28876 0.5 0.5 0.5 0.5 0.5 0.5 0.5 0.57143664 
Car 0.5 3 0 41.636436 202.11525 112.80422 229.96222 0.5 0.5 0.5 0.5 0.5 0.5 0.5 0.5301577 
