Car 0.5 3 0 646.73486 172.93965 714.8048 215.07285 0.5 0.5 0.5 0.5 0.5 0.5 0.5 0.9904879 
Car 0.5 3 0 1169.9949 156.1443 1201.4425 178.79437 0.5 0.5 0.5 0.5 0.5 0.5 0.5 0.98394763 
Car 0.5 3 0 1136.2655 158.01709 1171.8142 176.01753 0.5 0.5 0.5 0.5 0.5 0.5 0.5 0.97330487 
Car 0.5 3 0 1201.7059 155.14832 1241.5018 174.31712 0.5 0.5 0.5 0.5 0.5 0.5 0.5 0.9657507 
Car 0.5 3 0 1044.2002 159.00055 1075.4076 176.80963 0.5 0.5 0.5 0.5 0.5 0.5 0.5 0.93599457 
Car 0.5 3 0 1104.5508 159.43977 1137.0463 177.18092 0.5 0.5 0.5 0.5 0.5 0.5 0.5 0.9359291 
Car 0.5 3 0 507.75134 180.1815 534.7054 202.26373 0.5 0.5 0.5 0.5 0.5 0.5 0.5 0.91120464 
Car 0.5 3 0 826.56537 160.29463 875.50977 173.12593 0.5 0.5 0.5 0.5 0.5 0.5 0.5 0.8862577 
Car 0.5 3 0 1034.1615 160.04099 1048.9362 176.01184 0.5 0.5 0.5 0.5 0.5 0.5 0.5 0.75503296 
Car 0.5 3 0 859.7644 160.23018 888.5497 172.61377 0.5 0.5 0.5 0.5 0.5 0.5 0.5 0.74829227 
Car 0.5 3 0 890.3854 157.02579 924.3866 173.93864 0.5 0.5 0.5 0.5 0.5 0.5 0.5 0.72744954 
Car 0.5 3 0 825.65875 161.27696 845.8598 171.3575 0.5 0.5 0.5 0.5 0.5 0.5 0.5 0.7253727 
Car 0.5 3 0 546.14856 179.98662 564.9244 194.58443 0.5 0.5 0.5 0.5 0.5 0.5 0.5 0.68798006 
Car 0.5 3 0 693.9754 171.79944 714.0544 187.22379 0.5 0.5 0.5 0.5 0.5 0.5 0.5 0.6301482 
Car 0.5 3 0 969.39465 161.70027 1000.1835 177.69522 0.5 0.5 0.5 0.5 0.5 0.5 0.5 0.5566739 
