Car 0.5 3 0 1157.195 179.4094 1196.6416 201.08914 0.5 0.5 0.5 0.5 0.5 0.5 0.5 0.9894259 
Car 0.5 3 0 1121.4156 179.49757 1163.1819 200.80702 0.5 0.5 0.5 0.5 0.5 0.5 0.5 0.9812045 
Car 0.5 3 0 611.2698 187.7612 658.3645 221.90286 0.5 0.5 0.5 0.5 0.5 0.5 0.5 0.9744007 
Car 0.5 3 0 1021.85443 180.93733 1051.0298 199.75551 0.5 0.5 0.5 0.5 0.5 0.5 0.5 0.95777977 
Car 0.5 3 0 1191.5847 180.60524 1238.7021 200.71446 0.5 0.5 0.5 0.5 0.5 0.5 0.5 0.95563185 
Car 0.5 3 0 993.117 180.78009 1021.71387 199.24326 0.5 0.5 0.5 0.5 0.5 0.5 0.5 0.9486089 
Car 0.5 3 0 1049.7946 180.9156 1076.9531 199.2765 0.5 0.5 0.5 0.5 0.5 0.5 0.5 0.9263034 
Car 0.5 3 0 789.6967 178.58246 811.61053 190.41377 0.5 0.5 0.5 0.5 0.5 0.5 0.5 0.8738441 
Pedestrian 0.5 3 0 384.0166 197.73474 394.44104 225.12413 0.5 0.5 0.5 0.5 0.5 0.5 0.5 0.8296242 
Car 0.5 3 0 215.05174 204.43521 239.57346 218.81035 0.5 0.5 0.5 0.5 0.5 0.5 0.5 0.80582625 
Car 0.5 3 0 1104.5184 179.22243 1125.4333 200.50406 0.5 0.5 0.5 0.5 0.5 0.5 0.5 0.7933374 
Car 0.5 3 0 855.3671 177.31795 886.3162 193.4794 0.5 0.5 0.5 0.5 0.5 0.5 0.5 0.7644753 
Car 0.5 3 0 760.32153 176.7507 787.748 190.91159 0.5 0.5 0.5 0.5 0.5 0.5 0.5 0.74659425 
Car 0.5 3 0 751.0318 177.28172 768.3347 190.61676 0.5 0.5 0.5 0.5 0.5 0.5 0.5 0.73347104 
Car 0.5 3 0 801.63654 178.47302 821.1396 189.48648 0.5 0.5 0.5 0.5 0.5 0.5 0.5 0.67937195 
Car 0.5 3 0 423.59186 187.79591 439.30063 201.68816 0.5 0.5 0.5 0.5 0.5 0.5 0.5 0.661112 
Car 0.5 3 0 830.23224 178.00714 855.6017 192.01454 0.5 0.5 0.5 0.5 0.5 0.5 0.5 0.5889803 
Car 0.5 3 0 438.1129 191.31763 458.089 203.36353 0.5 0.5 0.5 0.5 0.5 0.5 0.5 0.58538723 
Car 0.5 3 0 422.61182 188.72424 455.64545 203.8315 0.5 0.5 0.5 0.5 0.5 0.5 0.5 0.55921346 
Car 0.5 3 0 649.89056 178.30988 668.29456 199.94571 0.5 0.5 0.5 0.5 0.5 0.5 0.5 0.550749 
Pedestrian 0.5 3 0 432.00186 200.09334 440.28204 218.1302 0.5 0.5 0.5 0.5 0.5 0.5 0.5 0.51107675 
