Car 0.5 3 0 214.75606 193.36942 499.67023 318.16214 0.5 0.5 0.5 0.5 0.5 0.5 0.5 0.99841833 
Car 0.5 3 0 593.8637 175.619 654.00775 211.12746 0.5 0.5 0.5 0.5 0.5 0.5 0.5 0.9953927 
Car 0.5 3 0 1136.5466 157.34807 1173.6663 176.25325 0.5 0.5 0.5 0.5 0.5 0.5 0.5 0.9763189 
Car 0.5 3 0 1170.7369 155.84608 1202.8064 177.58476 0.5 0.5 0.5 0.5 0.5 0.5 0.5 0.9756469 
Car 0.5 3 0 1201.6979 155.14677 1241.5825 174.19928 0.5 0.5 0.5 0.5 0.5 0.5 0.5 0.96057993 
Car 0.5 3 0 691.8606 172.53156 714.1902 189.98912 0.5 0.5 0.5 0.5 0.5 0.5 0.5 0.94739324 
Car 0.5 3 0 1104.5367 159.27495 1137.1863 177.24263 0.5 0.5 0.5 0.5 0.5 0.5 0.5 0.9428109 
Car 0.5 3 0 1044.2483 159.12392 1075.4506 176.82645 0.5 0.5 0.5 0.5 0.5 0.5 0.5 0.9307141 
Car 0.5 3 0 678.564 173.69003 694.05145 185.21397 0.5 0.5 0.5 0.5 0.5 0.5 0.5 0.8933603 
Car 0.5 3 0 826.4399 160.32123 877.15405 173.16417 0.5 0.5 0.5 0.5 0.5 0.5 0.5 0.8918179 
Car 0.5 3 0 1033.9645 160.10828 1048.5603 175.8338 0.5 0.5 0.5 0.5 0.5 0.5 0.5 0.78649133 
Car 0.5 3 0 534.5994 179.07028 551.4333 197.2355 0.5 0.5 0.5 0.5 0.5 0.5 0.5 0.7298198 
Car 0.5 3 0 890.4388 156.82365 925.2197 173.8817 0.5 0.5 0.5 0.5 0.5 0.5 0.5 0.72671294 
Car 0.5 3 0 825.70807 161.28426 846.232 171.37741 0.5 0.5 0.5 0.5 0.5 0.5 0.5 0.6666822 
Car 0.5 3 0 861.0599 160.36478 888.139 172.7624 0.5 0.5 0.5 0.5 0.5 0.5 0.5 0.6579016 
Car 0.5 3 0 649.91473 173.82133 675.7715 192.85573 0.5 0.5 0.5 0.5 0.5 0.5 0.5 0.59631515 
Car 0.5 3 0 2.8223748 154.85164 217.10327 264.96545 0.5 0.5 0.5 0.5 0.5 0.5 0.5 0.5653598 
Car 0.5 3 0 905.14557 3.1929371 1098.357 73.71802 0.5 0.5 0.5 0.5 0.5 0.5 0.5 0.5131126 
Car 0.5 3 0 968.90686 161.78558 1000.5703 177.9332 0.5 0.5 0.5 0.5 0.5 0.5 0.5 0.5117334 
