Car 0.5 3 0 1121.3728 157.4318 1152.7676 177.54779 0.5 0.5 0.5 0.5 0.5 0.5 0.5 0.9786259 
Car 0.5 3 0 646.39276 174.1111 703.2009 207.13422 0.5 0.5 0.5 0.5 0.5 0.5 0.5 0.97777027 
Car 0.5 3 0 1151.3026 155.9673 1180.8312 174.91339 0.5 0.5 0.5 0.5 0.5 0.5 0.5 0.97284174 
Car 0.5 3 0 734.80743 174.39981 752.6941 186.94997 0.5 0.5 0.5 0.5 0.5 0.5 0.5 0.9642781 
Car 0.5 3 0 1182.0824 154.12717 1237.5016 172.7768 0.5 0.5 0.5 0.5 0.5 0.5 0.5 0.9640989 
Car 0.5 3 0 0.8575338 180.95233 39.512737 270.2468 0.5 0.5 0.5 0.5 0.5 0.5 0.5 0.962252 
Car 0.5 3 0 1035.1083 159.45927 1066.1788 177.12047 0.5 0.5 0.5 0.5 0.5 0.5 0.5 0.958815 
Car 0.5 3 0 1089.7059 159.21783 1122.4685 176.99913 0.5 0.5 0.5 0.5 0.5 0.5 0.5 0.9448349 
Car 0.5 3 0 1012.14453 160.47177 1037.6211 176.62415 0.5 0.5 0.5 0.5 0.5 0.5 0.5 0.93075943 
Car 0.5 3 0 801.74756 160.97392 829.7543 173.54085 0.5 0.5 0.5 0.5 0.5 0.5 0.5 0.8988988 
Car 0.5 3 0 696.51514 171.94484 721.25134 191.6559 0.5 0.5 0.5 0.5 0.5 0.5 0.5 0.86630493 
Car 0.5 3 0 891.6321 160.31384 917.6567 173.95914 0.5 0.5 0.5 0.5 0.5 0.5 0.5 0.85108477 
Car 0.5 3 0 536.9124 172.2258 569.1145 199.09604 0.5 0.5 0.5 0.5 0.5 0.5 0.5 0.82680774 
Car 0.5 3 0 830.3016 161.58304 873.44855 174.5391 0.5 0.5 0.5 0.5 0.5 0.5 0.5 0.82651675 
Car 0.5 3 0 831.0697 162.07408 854.4183 172.66101 0.5 0.5 0.5 0.5 0.5 0.5 0.5 0.81428283 
Car 0.5 3 0 532.6525 193.52606 554.4852 228.67053 0.5 0.5 0.5 0.5 0.5 0.5 0.5 0.73974633 
Car 0.5 3 0 630.92523 177.21796 642.81946 186.77809 0.5 0.5 0.5 0.5 0.5 0.5 0.5 0.71288884 
Car 0.5 3 0 972.8747 160.35875 1013.7788 178.22487 0.5 0.5 0.5 0.5 0.5 0.5 0.5 0.5501329 
Car 0.5 3 0 856.76245 161.54724 889.4237 174.3171 0.5 0.5 0.5 0.5 0.5 0.5 0.5 0.5326713 
Car 0.5 3 0 970.4406 162.37585 987.66876 173.40735 0.5 0.5 0.5 0.5 0.5 0.5 0.5 0.5027287 
