Car 0.5 3 0 436.51227 181.53813 470.23685 208.2694 0.5 0.5 0.5 0.5 0.5 0.5 0.5 0.9962423 
Car 0.5 3 0 919.52734 156.65599 957.65063 186.4765 0.5 0.5 0.5 0.5 0.5 0.5 0.5 0.9931591 
Car 0.5 3 0 949.66956 154.62889 1014.76855 190.8133 0.5 0.5 0.5 0.5 0.5 0.5 0.5 0.9782739 
Car 0.5 3 0 821.8634 157.78125 878.2054 184.76277 0.5 0.5 0.5 0.5 0.5 0.5 0.5 0.9649751 
Car 0.5 3 0 791.75665 158.07217 834.332 183.66199 0.5 0.5 0.5 0.5 0.5 0.5 0.5 0.96235687 
Car 0.5 3 0 744.2074 158.81479 779.068 183.47322 0.5 0.5 0.5 0.5 0.5 0.5 0.5 0.9475869 
Car 0.5 3 0 1073.0276 149.43927 1194.206 195.57288 0.5 0.5 0.5 0.5 0.5 0.5 0.5 0.9339753 
Car 0.5 3 0 765.72363 159.62613 805.0201 183.14331 0.5 0.5 0.5 0.5 0.5 0.5 0.5 0.9281749 
Car 0.5 3 0 750.0448 158.99052 832.18195 184.28894 0.5 0.5 0.5 0.5 0.5 0.5 0.5 0.88435906 
Car 0.5 3 0 1020.94867 155.12686 1045.4745 182.36877 0.5 0.5 0.5 0.5 0.5 0.5 0.5 0.8501892 
Car 0.5 3 0 681.40967 157.36642 728.49426 181.95439 0.5 0.5 0.5 0.5 0.5 0.5 0.5 0.8103224 
Car 0.5 3 0 379.34854 176.23938 397.993 190.03783 0.5 0.5 0.5 0.5 0.5 0.5 0.5 0.76296896 
Car 0.5 3 0 423.71777 174.50182 444.27707 198.8132 0.5 0.5 0.5 0.5 0.5 0.5 0.5 0.74110407 
Car 0.5 3 0 364.67804 176.56508 381.74487 189.55194 0.5 0.5 0.5 0.5 0.5 0.5 0.5 0.72646534 
Car 0.5 3 0 667.48944 155.8593 700.03296 175.46585 0.5 0.5 0.5 0.5 0.5 0.5 0.5 0.6241788 
Car 0.5 3 0 490.6282 170.96944 528.83185 205.39166 0.5 0.5 0.5 0.5 0.5 0.5 0.5 0.62215203 
Car 0.5 3 0 405.69705 180.02527 426.55106 194.34604 0.5 0.5 0.5 0.5 0.5 0.5 0.5 0.6143391 
