Car 0.5 3 0 2.776347 196.2729 195.95998 266.9029 0.5 0.5 0.5 0.5 0.5 0.5 0.5 0.9899294 
Car 0.5 3 0 329.4015 183.29022 420.7799 224.42226 0.5 0.5 0.5 0.5 0.5 0.5 0.5 0.9893456 
Car 0.5 3 0 695.77466 171.97943 737.00543 203.06996 0.5 0.5 0.5 0.5 0.5 0.5 0.5 0.9836817 
Car 0.5 3 0 1170.5538 156.14876 1200.4504 178.3575 0.5 0.5 0.5 0.5 0.5 0.5 0.5 0.98113054 
Car 0.5 3 0 1136.1234 157.77621 1171.94 176.02687 0.5 0.5 0.5 0.5 0.5 0.5 0.5 0.97171366 
Car 0.5 3 0 1201.9465 155.75856 1241.3175 174.3894 0.5 0.5 0.5 0.5 0.5 0.5 0.5 0.9617194 
Car 0.5 3 0 1104.3561 159.3304 1137.1445 177.17711 0.5 0.5 0.5 0.5 0.5 0.5 0.5 0.9513399 
Car 0.5 3 0 1043.8302 159.24393 1073.8455 176.82321 0.5 0.5 0.5 0.5 0.5 0.5 0.5 0.92967975 
Car 0.5 3 0 524.5943 170.88536 558.068 200.04533 0.5 0.5 0.5 0.5 0.5 0.5 0.5 0.9133976 
Car 0.5 3 0 826.4195 160.37741 876.29266 173.12952 0.5 0.5 0.5 0.5 0.5 0.5 0.5 0.9018273 
Car 0.5 3 0 294.9657 193.0117 315.43466 207.85663 0.5 0.5 0.5 0.5 0.5 0.5 0.5 0.8164706 
Car 0.5 3 0 890.4391 157.08284 926.54944 173.86629 0.5 0.5 0.5 0.5 0.5 0.5 0.5 0.7738626 
Car 0.5 3 0 459.67377 171.23994 516.5625 208.23291 0.5 0.5 0.5 0.5 0.5 0.5 0.5 0.77071226 
Car 0.5 3 0 330.62415 179.79938 350.74982 198.80664 0.5 0.5 0.5 0.5 0.5 0.5 0.5 0.7613981 
Car 0.5 3 0 1034.4462 160.42154 1048.9021 175.77928 0.5 0.5 0.5 0.5 0.5 0.5 0.5 0.7309142 
Car 0.5 3 0 825.5952 161.4349 845.95825 171.33224 0.5 0.5 0.5 0.5 0.5 0.5 0.5 0.71619874 
Car 0.5 3 0 861.50226 160.50136 886.9404 172.25482 0.5 0.5 0.5 0.5 0.5 0.5 0.5 0.60121614 
Car 0.5 3 0 657.0524 168.80278 674.1894 185.49919 0.5 0.5 0.5 0.5 0.5 0.5 0.5 0.57145846 
Car 0.5 3 0 970.6389 161.63362 1000.8538 175.38403 0.5 0.5 0.5 0.5 0.5 0.5 0.5 0.5657912 
Car 0.5 3 0 734.4257 166.73265 758.64874 186.46454 0.5 0.5 0.5 0.5 0.5 0.5 0.5 0.5267601 
