Car 0.5 3 0 1171.176 168.72192 1203.8506 190.25664 0.5 0.5 0.5 0.5 0.5 0.5 0.5 0.9779574 
Car 0.5 3 0 1202.6421 168.16566 1241.8424 188.22755 0.5 0.5 0.5 0.5 0.5 0.5 0.5 0.9728388 
Car 0.5 3 0 497.58752 190.41104 538.66815 245.34676 0.5 0.5 0.5 0.5 0.5 0.5 0.5 0.96841174 
Car 0.5 3 0 1137.0469 170.10898 1172.8285 188.74873 0.5 0.5 0.5 0.5 0.5 0.5 0.5 0.96375096 
Car 0.5 3 0 724.23553 182.01196 742.8741 195.89305 0.5 0.5 0.5 0.5 0.5 0.5 0.5 0.9593426 
Car 0.5 3 0 1105.7559 171.4652 1138.4373 189.54068 0.5 0.5 0.5 0.5 0.5 0.5 0.5 0.88947505 
Car 0.5 3 0 217.73068 169.86827 366.48938 247.33011 0.5 0.5 0.5 0.5 0.5 0.5 0.5 0.88584834 
Car 0.5 3 0 672.14966 183.4279 690.36224 196.53102 0.5 0.5 0.5 0.5 0.5 0.5 0.5 0.8661237 
Car 0.5 3 0 706.744 181.60707 722.0761 194.24973 0.5 0.5 0.5 0.5 0.5 0.5 0.5 0.8573703 
Car 0.5 3 0 469.73145 186.33546 487.16748 202.77988 0.5 0.5 0.5 0.5 0.5 0.5 0.5 0.8466641 
Car 0.5 3 0 824.8758 171.22913 876.70264 185.0379 0.5 0.5 0.5 0.5 0.5 0.5 0.5 0.80772823 
Car 0.5 3 0 885.6221 169.14441 916.43713 184.92474 0.5 0.5 0.5 0.5 0.5 0.5 0.5 0.7270576 
Car 0.5 3 0 851.8301 171.59688 885.2067 185.13297 0.5 0.5 0.5 0.5 0.5 0.5 0.5 0.67391497 
Car 0.5 3 0 834.01697 172.83557 858.0847 184.03062 0.5 0.5 0.5 0.5 0.5 0.5 0.5 0.59061843 
Car 0.5 3 0 968.0964 173.78377 1011.0755 191.92242 0.5 0.5 0.5 0.5 0.5 0.5 0.5 0.5200325 
Car 0.5 3 0 917.8454 171.38457 941.66815 186.4231 0.5 0.5 0.5 0.5 0.5 0.5 0.5 0.51621264 
