Car 0.5 3 0 1180.1411 170.57785 1211.3019 194.23921 0.5 0.5 0.5 0.5 0.5 0.5 0.5 0.9833144 
Car 0.5 3 0 568.3463 184.17805 622.6908 230.07652 0.5 0.5 0.5 0.5 0.5 0.5 0.5 0.9773731 
Car 0.5 3 0 1143.7677 169.17694 1184.4954 192.71948 0.5 0.5 0.5 0.5 0.5 0.5 0.5 0.9253491 
Car 0.5 3 0 719.6574 181.75647 736.64594 195.52368 0.5 0.5 0.5 0.5 0.5 0.5 0.5 0.9177523 
Car 0.5 3 0 1209.3478 171.32764 1241.5479 191.49579 0.5 0.5 0.5 0.5 0.5 0.5 0.5 0.9173828 
Car 0.5 3 0 1021.33344 171.86713 1073.9376 193.20688 0.5 0.5 0.5 0.5 0.5 0.5 0.5 0.88322276 
Car 0.5 3 0 57.429184 162.84805 275.40744 261.42288 0.5 0.5 0.5 0.5 0.5 0.5 0.5 0.8776358 
Car 0.5 3 0 831.61646 171.21004 881.17084 185.99455 0.5 0.5 0.5 0.5 0.5 0.5 0.5 0.8290462 
Car 0.5 3 0 275.87955 200.96518 296.44455 216.63698 0.5 0.5 0.5 0.5 0.5 0.5 0.5 0.8285798 
Car 0.5 3 0 884.9894 170.56392 920.9083 187.32283 0.5 0.5 0.5 0.5 0.5 0.5 0.5 0.8118498 
Car 0.5 3 0 1120.3822 172.14032 1149.0623 190.70691 0.5 0.5 0.5 0.5 0.5 0.5 0.5 0.77315086 
Car 0.5 3 0 795.3949 171.2213 821.69464 185.0803 0.5 0.5 0.5 0.5 0.5 0.5 0.5 0.6572056 
Pedestrian 0.5 3 0 478.2792 192.68445 487.91522 211.54912 0.5 0.5 0.5 0.5 0.5 0.5 0.5 0.6145527 
Car 0.5 3 0 833.1377 172.95589 861.9675 184.78691 0.5 0.5 0.5 0.5 0.5 0.5 0.5 0.5826838 
