Pedestrian 0.5 3 0 911.66864 167.06569 948.38324 253.57722 0.5 0.5 0.5 0.5 0.5 0.5 0.5 0.99596137 
Car 0.5 3 0 198.50299 184.3572 328.33792 231.60907 0.5 0.5 0.5 0.5 0.5 0.5 0.5 0.9912307 
Car 0.5 3 0 432.26913 179.65752 493.56216 215.37183 0.5 0.5 0.5 0.5 0.5 0.5 0.5 0.987805 
Car 0.5 3 0 501.55286 179.11563 539.59686 200.76456 0.5 0.5 0.5 0.5 0.5 0.5 0.5 0.9725912 
Car 0.5 3 0 569.8443 178.7455 604.2333 204.55667 0.5 0.5 0.5 0.5 0.5 0.5 0.5 0.9570993 
Car 0.5 3 0 596.2698 176.12825 626.46796 194.70844 0.5 0.5 0.5 0.5 0.5 0.5 0.5 0.92765206 
Car 0.5 3 0 753.4241 173.96399 792.20386 192.30368 0.5 0.5 0.5 0.5 0.5 0.5 0.5 0.8934611 
Car 0.5 3 0 644.7125 176.29439 666.7088 191.90062 0.5 0.5 0.5 0.5 0.5 0.5 0.5 0.85798514 
Car 0.5 3 0 1156.1018 169.1739 1185.8411 180.67522 0.5 0.5 0.5 0.5 0.5 0.5 0.5 0.8219612 
Car 0.5 3 0 246.75655 172.3227 341.12106 209.70279 0.5 0.5 0.5 0.5 0.5 0.5 0.5 0.816127 
Car 0.5 3 0 876.802 168.45247 907.86096 179.56941 0.5 0.5 0.5 0.5 0.5 0.5 0.5 0.8112144 
Car 0.5 3 0 673.055 177.54132 690.0722 190.89973 0.5 0.5 0.5 0.5 0.5 0.5 0.5 0.75999224 
Car 0.5 3 0 1003.0409 169.8058 1038.5103 181.22826 0.5 0.5 0.5 0.5 0.5 0.5 0.5 0.7442921 
Car 0.5 3 0 611.44037 176.916 628.68335 193.70406 0.5 0.5 0.5 0.5 0.5 0.5 0.5 0.65805674 
Car 0.5 3 0 1130.1211 170.00438 1157.2312 180.93073 0.5 0.5 0.5 0.5 0.5 0.5 0.5 0.6128546 
Car 0.5 3 0 590.0267 179.59238 622.22266 203.00288 0.5 0.5 0.5 0.5 0.5 0.5 0.5 0.5884046 
Car 0.5 3 0 1044.6641 169.55946 1096.1594 183.74991 0.5 0.5 0.5 0.5 0.5 0.5 0.5 0.5507241 
Car 0.5 3 0 1111.0176 168.92805 1136.8196 180.3018 0.5 0.5 0.5 0.5 0.5 0.5 0.5 0.5290515 
Car 0.5 3 0 626.54974 178.37555 647.1574 193.38083 0.5 0.5 0.5 0.5 0.5 0.5 0.5 0.5249333 
Car 0.5 3 0 951.2527 169.93188 966.4965 179.76976 0.5 0.5 0.5 0.5 0.5 0.5 0.5 0.51269615 
