Car 0.5 3 0 86.51823 176.37308 182.75241 206.74152 0.5 0.5 0.5 0.5 0.5 0.5 0.5 0.99217844 
Car 0.5 3 0 571.0728 172.17786 622.23724 192.8549 0.5 0.5 0.5 0.5 0.5 0.5 0.5 0.9878798 
Car 0.5 3 0 434.4231 172.83586 498.5423 199.2186 0.5 0.5 0.5 0.5 0.5 0.5 0.5 0.9236045 
Car 0.5 3 0 704.07043 167.69307 742.3808 183.39888 0.5 0.5 0.5 0.5 0.5 0.5 0.5 0.9140223 
Car 0.5 3 0 773.13605 165.78879 813.01746 185.76303 0.5 0.5 0.5 0.5 0.5 0.5 0.5 0.89991015 
Car 0.5 3 0 818.5244 169.4842 843.65814 182.18669 0.5 0.5 0.5 0.5 0.5 0.5 0.5 0.79950655 
Car 0.5 3 0 281.57413 176.77087 347.61478 194.77773 0.5 0.5 0.5 0.5 0.5 0.5 0.5 0.7905566 
Pedestrian 0.5 3 0 484.42538 172.48657 498.96698 218.83868 0.5 0.5 0.5 0.5 0.5 0.5 0.5 0.7901572 
Car 0.5 3 0 186.24828 176.1126 223.57396 193.47087 0.5 0.5 0.5 0.5 0.5 0.5 0.5 0.7607273 
Car 0.5 3 0 770.4886 168.9039 796.30914 185.74506 0.5 0.5 0.5 0.5 0.5 0.5 0.5 0.75644004 
Car 0.5 3 0 944.3512 168.58942 962.44727 177.8092 0.5 0.5 0.5 0.5 0.5 0.5 0.5 0.6517669 
Car 0.5 3 0 1025.8579 160.3849 1051.5228 169.34363 0.5 0.5 0.5 0.5 0.5 0.5 0.5 0.65123516 
Car 0.5 3 0 790.4308 165.19559 813.82306 182.91031 0.5 0.5 0.5 0.5 0.5 0.5 0.5 0.5852148 
Car 0.5 3 0 836.8975 165.08821 858.6304 179.98856 0.5 0.5 0.5 0.5 0.5 0.5 0.5 0.55926335 
Car 0.5 3 0 55.201717 165.83281 110.325424 196.6065 0.5 0.5 0.5 0.5 0.5 0.5 0.5 0.53655195 
Car 0.5 3 0 685.59705 170.86566 702.90063 184.46614 0.5 0.5 0.5 0.5 0.5 0.5 0.5 0.5155893 
