Car 0.5 3 0 1204.8168 194.18196 1241.8668 224.48146 0.5 0.5 0.5 0.5 0.5 0.5 0.5 0.97653764 
Car 0.5 3 0 831.06256 183.30579 876.0195 207.37305 0.5 0.5 0.5 0.5 0.5 0.5 0.5 0.96577346 
Car 0.5 3 0 1049.7572 190.69986 1081.5569 214.94505 0.5 0.5 0.5 0.5 0.5 0.5 0.5 0.9612319 
Car 0.5 3 0 186.85977 188.89528 221.61403 215.65488 0.5 0.5 0.5 0.5 0.5 0.5 0.5 0.95600706 
Car 0.5 3 0 686.42413 184.22423 720.5823 202.05956 0.5 0.5 0.5 0.5 0.5 0.5 0.5 0.9494879 
Car 0.5 3 0 523.4333 195.09854 550.9213 219.1503 0.5 0.5 0.5 0.5 0.5 0.5 0.5 0.9413063 
Car 0.5 3 0 1101.6775 195.12305 1148.3927 221.56511 0.5 0.5 0.5 0.5 0.5 0.5 0.5 0.9237767 
Car 0.5 3 0 770.362 184.80632 804.5491 203.21272 0.5 0.5 0.5 0.5 0.5 0.5 0.5 0.8713199 
Car 0.5 3 0 729.1391 184.25156 761.4993 202.67006 0.5 0.5 0.5 0.5 0.5 0.5 0.5 0.86464494 
Car 0.5 3 0 1006.1457 192.17924 1041.2617 217.20746 0.5 0.5 0.5 0.5 0.5 0.5 0.5 0.85997057 
Car 0.5 3 0 640.34436 181.63994 675.8892 198.68085 0.5 0.5 0.5 0.5 0.5 0.5 0.5 0.8482015 
Car 0.5 3 0 1079.4291 195.53178 1105.4226 215.32767 0.5 0.5 0.5 0.5 0.5 0.5 0.5 0.82446164 
Car 0.5 3 0 693.54736 184.71378 740.8661 203.59203 0.5 0.5 0.5 0.5 0.5 0.5 0.5 0.80688864 
Car 0.5 3 0 285.29465 184.08534 303.83786 202.44261 0.5 0.5 0.5 0.5 0.5 0.5 0.5 0.78379506 
Car 0.5 3 0 891.41925 194.2073 916.41534 210.934 0.5 0.5 0.5 0.5 0.5 0.5 0.5 0.73119 
Car 0.5 3 0 572.0675 186.15132 606.9945 219.02464 0.5 0.5 0.5 0.5 0.5 0.5 0.5 0.72340405 
Car 0.5 3 0 924.76874 193.04285 961.8662 213.45807 0.5 0.5 0.5 0.5 0.5 0.5 0.5 0.7090776 
Car 0.5 3 0 965.07275 191.63135 993.7058 213.15404 0.5 0.5 0.5 0.5 0.5 0.5 0.5 0.6848506 
Car 0.5 3 0 482.16077 194.35103 500.6395 207.66528 0.5 0.5 0.5 0.5 0.5 0.5 0.5 0.59765506 
Car 0.5 3 0 1169.9292 206.34067 1215.0822 224.27794 0.5 0.5 0.5 0.5 0.5 0.5 0.5 0.545913 
Car 0.5 3 0 700.63556 186.2764 723.79944 202.44391 0.5 0.5 0.5 0.5 0.5 0.5 0.5 0.544114 
Car 0.5 3 0 765.15375 185.33064 786.5472 200.13521 0.5 0.5 0.5 0.5 0.5 0.5 0.5 0.5322366 
