Car 0.5 3 0 630.202 173.1937 677.46075 202.39607 0.5 0.5 0.5 0.5 0.5 0.5 0.5 0.99406695 
Car 0.5 3 0 172.04294 190.95845 421.0234 282.38675 0.5 0.5 0.5 0.5 0.5 0.5 0.5 0.9915877 
Car 0.5 3 0 1169.4569 153.791 1203.9585 174.48846 0.5 0.5 0.5 0.5 0.5 0.5 0.5 0.9822711 
Car 0.5 3 0 1201.573 152.71661 1241.5406 172.80692 0.5 0.5 0.5 0.5 0.5 0.5 0.5 0.9788962 
Car 0.5 3 0 1104.3268 157.30513 1136.9718 175.68108 0.5 0.5 0.5 0.5 0.5 0.5 0.5 0.9643138 
Car 0.5 3 0 1135.3157 155.32085 1172.9513 173.62514 0.5 0.5 0.5 0.5 0.5 0.5 0.5 0.96058804 
Car 0.5 3 0 1044.1931 156.9998 1075.5781 175.1528 0.5 0.5 0.5 0.5 0.5 0.5 0.5 0.93395466 
Car 0.5 3 0 826.8393 157.54837 879.2956 171.03928 0.5 0.5 0.5 0.5 0.5 0.5 0.5 0.89775085 
Car 0.5 3 0 682.41766 168.09128 699.68604 189.58737 0.5 0.5 0.5 0.5 0.5 0.5 0.5 0.8892644 
Car 0.5 3 0 423.00024 161.80417 496.80667 210.93636 0.5 0.5 0.5 0.5 0.5 0.5 0.5 0.8529421 
Car 0.5 3 0 352.5706 182.7214 389.91473 210.97147 0.5 0.5 0.5 0.5 0.5 0.5 0.5 0.8442234 
Car 0.5 3 0 890.56177 155.37462 920.4125 171.81726 0.5 0.5 0.5 0.5 0.5 0.5 0.5 0.80138874 
Car 0.5 3 0 1034.0905 158.21768 1049.0974 173.06776 0.5 0.5 0.5 0.5 0.5 0.5 0.5 0.72174865 
Car 0.5 3 0 851.82916 157.32141 887.8443 171.29904 0.5 0.5 0.5 0.5 0.5 0.5 0.5 0.6348824 
Car 0.5 3 0 969.2848 159.58414 1000.1848 176.83058 0.5 0.5 0.5 0.5 0.5 0.5 0.5 0.6082186 
Car 0.5 3 0 618.31354 172.38574 635.5605 185.77592 0.5 0.5 0.5 0.5 0.5 0.5 0.5 0.5879143 
Car 0.5 3 0 826.33655 158.85248 852.07935 170.40273 0.5 0.5 0.5 0.5 0.5 0.5 0.5 0.540034 
Car 0.5 3 0 947.6465 168.01314 968.43256 177.5993 0.5 0.5 0.5 0.5 0.5 0.5 0.5 0.5114444 
