Car 0.5 3 0 235.49532 189.36526 392.4139 283.0784 0.5 0.5 0.5 0.5 0.5 0.5 0.5 0.990173 
Car 0.5 3 0 404.0425 169.06512 444.5581 190.92783 0.5 0.5 0.5 0.5 0.5 0.5 0.5 0.9492332 
Car 0.5 3 0 475.7341 167.53218 503.8761 181.23164 0.5 0.5 0.5 0.5 0.5 0.5 0.5 0.9152272 
Pedestrian 0.5 3 0 657.5714 170.7167 673.6687 212.84465 0.5 0.5 0.5 0.5 0.5 0.5 0.5 0.8751323 
Pedestrian 0.5 3 0 643.6087 170.6136 654.777 202.19347 0.5 0.5 0.5 0.5 0.5 0.5 0.5 0.8532839 
Car 0.5 3 0 420.85056 169.3851 451.8168 190.24025 0.5 0.5 0.5 0.5 0.5 0.5 0.5 0.8037527 
Car 0.5 3 0 433.75626 170.9602 457.42242 190.2063 0.5 0.5 0.5 0.5 0.5 0.5 0.5 0.7871215 
Car 0.5 3 0 659.91187 167.28973 680.64453 183.19492 0.5 0.5 0.5 0.5 0.5 0.5 0.5 0.68355256 
Pedestrian 0.5 3 0 693.2101 175.73973 710.8578 230.04721 0.5 0.5 0.5 0.5 0.5 0.5 0.5 0.63118565 
Car 0.5 3 0 483.49924 167.47043 497.94223 180.23805 0.5 0.5 0.5 0.5 0.5 0.5 0.5 0.59206957 
Car 0.5 3 0 397.1116 173.04065 426.40442 193.34145 0.5 0.5 0.5 0.5 0.5 0.5 0.5 0.57969546 
