Car 0.5 3 0 0.54547167 247.24655 82.45247 341.17545 0.5 0.5 0.5 0.5 0.5 0.5 0.5 0.98170954 
Car 0.5 3 0 1170.0991 156.14583 1201.1865 178.1467 0.5 0.5 0.5 0.5 0.5 0.5 0.5 0.97904986 
Car 0.5 3 0 1136.1941 157.34636 1172.9896 176.27995 0.5 0.5 0.5 0.5 0.5 0.5 0.5 0.9771716 
Car 0.5 3 0 448.9895 180.71916 497.28296 208.5337 0.5 0.5 0.5 0.5 0.5 0.5 0.5 0.9704179 
Car 0.5 3 0 1202.067 155.92737 1241.5007 174.40211 0.5 0.5 0.5 0.5 0.5 0.5 0.5 0.9643312 
Car 0.5 3 0 527.5234 179.11281 556.2792 198.85713 0.5 0.5 0.5 0.5 0.5 0.5 0.5 0.9639474 
Car 0.5 3 0 679.3235 166.42262 731.94275 209.50323 0.5 0.5 0.5 0.5 0.5 0.5 0.5 0.95840114 
Car 0.5 3 0 1104.4231 159.211 1137.2379 177.26987 0.5 0.5 0.5 0.5 0.5 0.5 0.5 0.9494229 
Car 0.5 3 0 1043.7982 159.15901 1075.2094 176.78471 0.5 0.5 0.5 0.5 0.5 0.5 0.5 0.92129403 
Car 0.5 3 0 723.56415 170.09741 740.32886 184.43347 0.5 0.5 0.5 0.5 0.5 0.5 0.5 0.8979188 
Car 0.5 3 0 86.492485 154.83232 486.41867 358.0397 0.5 0.5 0.5 0.5 0.5 0.5 0.5 0.87905747 
Car 0.5 3 0 826.681 160.38582 875.05676 173.26428 0.5 0.5 0.5 0.5 0.5 0.5 0.5 0.8644761 
Car 0.5 3 0 859.9355 160.27261 888.45605 172.68063 0.5 0.5 0.5 0.5 0.5 0.5 0.5 0.77482283 
Car 0.5 3 0 890.1537 157.22284 926.08093 173.9568 0.5 0.5 0.5 0.5 0.5 0.5 0.5 0.74789065 
Car 0.5 3 0 1034.1487 160.14119 1048.8777 175.73721 0.5 0.5 0.5 0.5 0.5 0.5 0.5 0.7392537 
Car 0.5 3 0 825.69727 161.38464 846.1053 171.44286 0.5 0.5 0.5 0.5 0.5 0.5 0.5 0.683572 
Car 0.5 3 0 970.02496 161.4551 1001.4642 175.94952 0.5 0.5 0.5 0.5 0.5 0.5 0.5 0.584052 
Car 0.5 3 0 476.72504 175.7444 500.67374 198.61818 0.5 0.5 0.5 0.5 0.5 0.5 0.5 0.5265571 
