Car 0.5 3 0 1.4363482 193.2024 173.60307 265.944 0.5 0.5 0.5 0.5 0.5 0.5 0.5 0.99434537 
Car 0.5 3 0 354.77148 183.84883 437.68173 220.09091 0.5 0.5 0.5 0.5 0.5 0.5 0.5 0.99123996 
Car 0.5 3 0 439.40213 184.11359 603.0893 271.30917 0.5 0.5 0.5 0.5 0.5 0.5 0.5 0.99105716 
Car 0.5 3 0 1136.2021 157.5977 1172.3549 176.0756 0.5 0.5 0.5 0.5 0.5 0.5 0.5 0.97766715 
Car 0.5 3 0 1170.11 156.00514 1202.0587 178.04945 0.5 0.5 0.5 0.5 0.5 0.5 0.5 0.97690237 
Car 0.5 3 0 1202.1031 155.68555 1240.9333 174.33563 0.5 0.5 0.5 0.5 0.5 0.5 0.5 0.9667225 
Car 0.5 3 0 656.59814 171.75621 693.2288 199.37708 0.5 0.5 0.5 0.5 0.5 0.5 0.5 0.9626999 
Car 0.5 3 0 1043.8734 159.16994 1075.456 176.90324 0.5 0.5 0.5 0.5 0.5 0.5 0.5 0.9330163 
Car 0.5 3 0 1104.3778 159.226 1137.0978 177.26633 0.5 0.5 0.5 0.5 0.5 0.5 0.5 0.9296963 
Car 0.5 3 0 295.54987 192.97945 313.8544 208.35074 0.5 0.5 0.5 0.5 0.5 0.5 0.5 0.91845113 
Car 0.5 3 0 826.2447 160.35806 876.6504 173.21613 0.5 0.5 0.5 0.5 0.5 0.5 0.5 0.88809097 
Car 0.5 3 0 330.98282 179.47525 350.9947 198.43619 0.5 0.5 0.5 0.5 0.5 0.5 0.5 0.78376764 
Car 0.5 3 0 890.22925 157.25357 926.0581 173.77147 0.5 0.5 0.5 0.5 0.5 0.5 0.5 0.7819991 
Car 0.5 3 0 859.5896 160.29305 888.4682 172.542 0.5 0.5 0.5 0.5 0.5 0.5 0.5 0.73088276 
Car 0.5 3 0 825.80206 161.35696 846.0866 171.4056 0.5 0.5 0.5 0.5 0.5 0.5 0.5 0.7174738 
Car 0.5 3 0 1034.8085 160.15771 1049.5444 175.98798 0.5 0.5 0.5 0.5 0.5 0.5 0.5 0.6991901 
Pedestrian 0.5 3 0 165.3916 198.78423 187.23474 241.926 0.5 0.5 0.5 0.5 0.5 0.5 0.5 0.6549711 
Car 0.5 3 0 524.3248 172.30922 575.8657 190.55153 0.5 0.5 0.5 0.5 0.5 0.5 0.5 0.6353629 
Car 0.5 3 0 312.73627 191.09908 332.34167 204.12941 0.5 0.5 0.5 0.5 0.5 0.5 0.5 0.62850475 
Car 0.5 3 0 353.9474 183.34538 383.34177 201.09941 0.5 0.5 0.5 0.5 0.5 0.5 0.5 0.54111433 
