Car 0.5 3 0 551.42896 177.62254 625.1217 218.67754 0.5 0.5 0.5 0.5 0.5 0.5 0.5 0.99641836 
Car 0.5 3 0 685.5315 172.30424 713.01 191.68245 0.5 0.5 0.5 0.5 0.5 0.5 0.5 0.9819556 
Car 0.5 3 0 1170.4258 156.1351 1200.7462 178.18439 0.5 0.5 0.5 0.5 0.5 0.5 0.5 0.98113084 
Car 0.5 3 0 1136.0818 157.02515 1172.2583 176.4585 0.5 0.5 0.5 0.5 0.5 0.5 0.5 0.97349 
Car 0.5 3 0 1201.9105 155.13948 1241.5026 174.29393 0.5 0.5 0.5 0.5 0.5 0.5 0.5 0.96179605 
Car 0.5 3 0 711.7444 171.38667 728.0665 184.31349 0.5 0.5 0.5 0.5 0.5 0.5 0.5 0.95277363 
Car 0.5 3 0 1104.4828 159.22902 1136.9401 177.07492 0.5 0.5 0.5 0.5 0.5 0.5 0.5 0.94323814 
Car 0.5 3 0 1044.3757 159.25385 1075.5294 176.92267 0.5 0.5 0.5 0.5 0.5 0.5 0.5 0.91113937 
Car 0.5 3 0 136.80861 159.05217 331.7384 246.17761 0.5 0.5 0.5 0.5 0.5 0.5 0.5 0.8715797 
Car 0.5 3 0 826.8575 160.3286 875.14905 173.08904 0.5 0.5 0.5 0.5 0.5 0.5 0.5 0.86315817 
Car 0.5 3 0 1033.7784 160.13542 1048.1907 175.7496 0.5 0.5 0.5 0.5 0.5 0.5 0.5 0.77736914 
Car 0.5 3 0 859.5591 160.31686 888.6669 172.7291 0.5 0.5 0.5 0.5 0.5 0.5 0.5 0.7435828 
Car 0.5 3 0 890.3894 156.99986 925.0597 173.90138 0.5 0.5 0.5 0.5 0.5 0.5 0.5 0.73756844 
Car 0.5 3 0 825.5806 161.37953 845.81067 171.27673 0.5 0.5 0.5 0.5 0.5 0.5 0.5 0.7053391 
Car 0.5 3 0 329.85712 179.13284 351.74847 204.3351 0.5 0.5 0.5 0.5 0.5 0.5 0.5 0.6621658 
Car 0.5 3 0 630.1144 166.0046 655.0488 183.01657 0.5 0.5 0.5 0.5 0.5 0.5 0.5 0.62245715 
Car 0.5 3 0 969.0499 161.6305 999.60535 177.36609 0.5 0.5 0.5 0.5 0.5 0.5 0.5 0.5265048 
