Car 0.5 3 0 0.0 212.68414 385.04092 372.62006 0.5 0.5 0.5 0.5 0.5 0.5 0.5 0.9964504 
Car 0.5 3 0 411.97372 182.67918 475.72375 214.2209 0.5 0.5 0.5 0.5 0.5 0.5 0.5 0.9888707 
Car 0.5 3 0 1170.5691 156.36241 1200.3181 178.48224 0.5 0.5 0.5 0.5 0.5 0.5 0.5 0.98338485 
Car 0.5 3 0 1136.1688 157.62659 1172.3066 176.26854 0.5 0.5 0.5 0.5 0.5 0.5 0.5 0.97764766 
Car 0.5 3 0 625.36194 173.37811 673.60223 203.94965 0.5 0.5 0.5 0.5 0.5 0.5 0.5 0.9769831 
Car 0.5 3 0 1202.0994 155.81673 1241.1716 174.33954 0.5 0.5 0.5 0.5 0.5 0.5 0.5 0.9625771 
Car 0.5 3 0 145.63316 190.68098 281.08853 220.31407 0.5 0.5 0.5 0.5 0.5 0.5 0.5 0.9621271 
Car 0.5 3 0 1104.7844 159.0993 1136.9037 177.24115 0.5 0.5 0.5 0.5 0.5 0.5 0.5 0.9434919 
Car 0.5 3 0 745.70264 168.23447 758.9815 188.07918 0.5 0.5 0.5 0.5 0.5 0.5 0.5 0.9430713 
Car 0.5 3 0 1044.209 159.17809 1076.3301 176.74915 0.5 0.5 0.5 0.5 0.5 0.5 0.5 0.91232264 
Car 0.5 3 0 826.4285 160.39021 876.10156 173.16655 0.5 0.5 0.5 0.5 0.5 0.5 0.5 0.8853009 
Car 0.5 3 0 683.34735 173.1524 699.0774 184.83862 0.5 0.5 0.5 0.5 0.5 0.5 0.5 0.8799341 
Car 0.5 3 0 295.72415 192.96263 315.7915 207.8439 0.5 0.5 0.5 0.5 0.5 0.5 0.5 0.855333 
Pedestrian 0.5 3 0 358.6108 187.69313 373.87006 218.46275 0.5 0.5 0.5 0.5 0.5 0.5 0.5 0.7668787 
Car 0.5 3 0 890.2484 157.15105 925.5435 173.94492 0.5 0.5 0.5 0.5 0.5 0.5 0.5 0.75397444 
Car 0.5 3 0 1034.0948 160.06989 1048.7742 175.61069 0.5 0.5 0.5 0.5 0.5 0.5 0.5 0.74133486 
Car 0.5 3 0 825.71277 161.47043 846.0835 171.29361 0.5 0.5 0.5 0.5 0.5 0.5 0.5 0.70524305 
Car 0.5 3 0 331.0196 180.31703 349.9953 197.84727 0.5 0.5 0.5 0.5 0.5 0.5 0.5 0.6640947 
Car 0.5 3 0 707.1026 162.2427 749.752 201.07555 0.5 0.5 0.5 0.5 0.5 0.5 0.5 0.64189535 
Car 0.5 3 0 861.18134 160.40182 887.54675 172.92502 0.5 0.5 0.5 0.5 0.5 0.5 0.5 0.62740695 
Car 0.5 3 0 312.67896 191.18123 332.41748 204.12137 0.5 0.5 0.5 0.5 0.5 0.5 0.5 0.51303005 
