Pedestrian 0.5 3 0 1051.2161 156.54291 1118.701 304.79428 0.5 0.5 0.5 0.5 0.5 0.5 0.5 0.9979285 
Car 0.5 3 0 205.7636 189.46043 344.3124 239.3474 0.5 0.5 0.5 0.5 0.5 0.5 0.5 0.9911471 
Car 0.5 3 0 519.9526 175.71565 568.1868 200.60101 0.5 0.5 0.5 0.5 0.5 0.5 0.5 0.98995143 
Car 0.5 3 0 571.58813 178.36069 624.0807 206.44315 0.5 0.5 0.5 0.5 0.5 0.5 0.5 0.9869191 
Car 0.5 3 0 435.03885 181.79836 518.8577 219.3951 0.5 0.5 0.5 0.5 0.5 0.5 0.5 0.98672616 
Car 0.5 3 0 352.1105 182.23404 415.84384 211.81616 0.5 0.5 0.5 0.5 0.5 0.5 0.5 0.95113397 
Car 0.5 3 0 722.75323 176.36034 742.39923 192.744 0.5 0.5 0.5 0.5 0.5 0.5 0.5 0.9466362 
Car 0.5 3 0 1181.5148 165.8233 1214.8588 180.01842 0.5 0.5 0.5 0.5 0.5 0.5 0.5 0.93459135 
Car 0.5 3 0 994.7448 168.26509 1016.70557 179.97942 0.5 0.5 0.5 0.5 0.5 0.5 0.5 0.87709236 
Car 0.5 3 0 702.423 178.70195 721.51404 187.88757 0.5 0.5 0.5 0.5 0.5 0.5 0.5 0.8565581 
Car 0.5 3 0 1046.7294 167.59627 1080.103 180.76843 0.5 0.5 0.5 0.5 0.5 0.5 0.5 0.8530046 
Car 0.5 3 0 602.25525 174.54533 630.3518 193.97925 0.5 0.5 0.5 0.5 0.5 0.5 0.5 0.83763707 
Car 0.5 3 0 847.80383 167.13692 885.0916 179.844 0.5 0.5 0.5 0.5 0.5 0.5 0.5 0.82959294 
Car 0.5 3 0 0.7172429 175.39966 73.40026 239.77835 0.5 0.5 0.5 0.5 0.5 0.5 0.5 0.8287385 
Car 0.5 3 0 70.16506 176.60226 150.28493 213.96736 0.5 0.5 0.5 0.5 0.5 0.5 0.5 0.6927419 
Car 0.5 3 0 1157.4183 167.17484 1182.3553 179.31096 0.5 0.5 0.5 0.5 0.5 0.5 0.5 0.6840651 
Car 0.5 3 0 877.94543 167.93451 920.05896 179.27794 0.5 0.5 0.5 0.5 0.5 0.5 0.5 0.65394115 
Car 0.5 3 0 637.4254 177.8211 655.779 192.22021 0.5 0.5 0.5 0.5 0.5 0.5 0.5 0.63142633 
Car 0.5 3 0 1007.8662 167.8646 1027.2593 179.62238 0.5 0.5 0.5 0.5 0.5 0.5 0.5 0.6114234 
Car 0.5 3 0 1014.35614 168.23369 1048.9999 181.83078 0.5 0.5 0.5 0.5 0.5 0.5 0.5 0.57784915 
Car 0.5 3 0 925.9246 167.43849 947.03125 179.23308 0.5 0.5 0.5 0.5 0.5 0.5 0.5 0.5453889 
