Car 0.5 3 0 659.23785 175.58896 713.65643 206.95523 0.5 0.5 0.5 0.5 0.5 0.5 0.5 0.986852 
Car 0.5 3 0 337.91486 186.4975 388.37616 229.1851 0.5 0.5 0.5 0.5 0.5 0.5 0.5 0.9764544 
Car 0.5 3 0 1153.6447 157.17072 1182.6195 177.35133 0.5 0.5 0.5 0.5 0.5 0.5 0.5 0.9734105 
Car 0.5 3 0 1122.8408 159.58054 1155.4806 177.8848 0.5 0.5 0.5 0.5 0.5 0.5 0.5 0.9675066 
Car 0.5 3 0 1093.5178 161.17108 1122.4115 177.79642 0.5 0.5 0.5 0.5 0.5 0.5 0.5 0.96497136 
Car 0.5 3 0 731.4715 175.91412 750.5363 188.93776 0.5 0.5 0.5 0.5 0.5 0.5 0.5 0.9492655 
Car 0.5 3 0 1037.0188 160.6988 1067.2228 178.35349 0.5 0.5 0.5 0.5 0.5 0.5 0.5 0.9480832 
Car 0.5 3 0 1185.6256 155.34573 1236.8994 173.9971 0.5 0.5 0.5 0.5 0.5 0.5 0.5 0.9467692 
Car 0.5 3 0 1013.54803 162.2438 1038.4825 177.19829 0.5 0.5 0.5 0.5 0.5 0.5 0.5 0.91370714 
Car 0.5 3 0 830.99384 163.80313 865.2517 176.1843 0.5 0.5 0.5 0.5 0.5 0.5 0.5 0.8868673 
Car 0.5 3 0 891.03107 161.47269 923.40515 176.49533 0.5 0.5 0.5 0.5 0.5 0.5 0.5 0.8654801 
Car 0.5 3 0 804.6468 162.76926 830.41364 176.85158 0.5 0.5 0.5 0.5 0.5 0.5 0.5 0.85045594 
Car 0.5 3 0 648.33026 176.2871 659.1767 186.91264 0.5 0.5 0.5 0.5 0.5 0.5 0.5 0.7915761 
Car 0.5 3 0 319.16046 199.5306 337.00897 213.46931 0.5 0.5 0.5 0.5 0.5 0.5 0.5 0.75800043 
Car 0.5 3 0 701.33673 173.68517 723.0358 192.45244 0.5 0.5 0.5 0.5 0.5 0.5 0.5 0.7250011 
Car 0.5 3 0 859.29956 163.33934 890.4105 176.21805 0.5 0.5 0.5 0.5 0.5 0.5 0.5 0.72308016 
Car 0.5 3 0 836.2881 162.85228 886.052 176.15822 0.5 0.5 0.5 0.5 0.5 0.5 0.5 0.7082478 
Car 0.5 3 0 979.48804 163.60931 1014.13116 180.14264 0.5 0.5 0.5 0.5 0.5 0.5 0.5 0.6495241 
Car 0.5 3 0 830.028 164.45035 849.6968 175.39015 0.5 0.5 0.5 0.5 0.5 0.5 0.5 0.63137347 
Car 0.5 3 0 687.70056 175.36682 715.4822 203.32298 0.5 0.5 0.5 0.5 0.5 0.5 0.5 0.5990667 
Car 0.5 3 0 628.6288 178.95016 639.4332 187.50584 0.5 0.5 0.5 0.5 0.5 0.5 0.5 0.5941205 
