Car 0.5 3 0 136.254 192.31337 393.4977 287.8032 0.5 0.5 0.5 0.5 0.5 0.5 0.5 0.99654347 
Car 0.5 3 0 625.0955 173.67935 673.3115 203.31587 0.5 0.5 0.5 0.5 0.5 0.5 0.5 0.98590744 
Car 0.5 3 0 331.04044 182.378 401.9466 218.67285 0.5 0.5 0.5 0.5 0.5 0.5 0.5 0.98485917 
Car 0.5 3 0 1169.1434 153.86147 1203.5464 174.50423 0.5 0.5 0.5 0.5 0.5 0.5 0.5 0.9814772 
Car 0.5 3 0 1201.3472 152.45546 1241.5327 172.8955 0.5 0.5 0.5 0.5 0.5 0.5 0.5 0.97874534 
Car 0.5 3 0 1105.5743 157.5762 1135.6091 175.2633 0.5 0.5 0.5 0.5 0.5 0.5 0.5 0.96142244 
Car 0.5 3 0 1135.6967 155.44122 1173.02 173.534 0.5 0.5 0.5 0.5 0.5 0.5 0.5 0.9581293 
Car 0.5 3 0 1045.1519 157.42474 1071.6233 174.15036 0.5 0.5 0.5 0.5 0.5 0.5 0.5 0.94665736 
Car 0.5 3 0 830.80426 157.08183 886.09467 171.53036 0.5 0.5 0.5 0.5 0.5 0.5 0.5 0.9053401 
Car 0.5 3 0 430.48315 162.24902 501.68134 210.13933 0.5 0.5 0.5 0.5 0.5 0.5 0.5 0.86910325 
Car 0.5 3 0 890.68463 155.30162 919.8125 171.73402 0.5 0.5 0.5 0.5 0.5 0.5 0.5 0.83127046 
Car 0.5 3 0 1031.2758 157.47554 1047.0208 172.39445 0.5 0.5 0.5 0.5 0.5 0.5 0.5 0.8089433 
Car 0.5 3 0 681.77057 167.88957 697.53436 190.15732 0.5 0.5 0.5 0.5 0.5 0.5 0.5 0.7213899 
Car 0.5 3 0 824.3861 158.34084 858.87445 170.7162 0.5 0.5 0.5 0.5 0.5 0.5 0.5 0.7168646 
Car 0.5 3 0 742.82715 168.41565 751.0831 187.11755 0.5 0.5 0.5 0.5 0.5 0.5 0.5 0.6888878 
Car 0.5 3 0 947.8326 167.94559 968.60974 177.86172 0.5 0.5 0.5 0.5 0.5 0.5 0.5 0.54563236 
Car 0.5 3 0 860.50555 157.59732 887.0225 170.15727 0.5 0.5 0.5 0.5 0.5 0.5 0.5 0.5325234 
