Car 0.5 3 0 362.15332 182.81139 432.11887 220.57506 0.5 0.5 0.5 0.5 0.5 0.5 0.5 0.9974081 
Car 0.5 3 0 2.0471866 201.14606 37.93964 268.37692 0.5 0.5 0.5 0.5 0.5 0.5 0.5 0.98881555 
Car 0.5 3 0 574.8431 167.1185 681.242 242.41214 0.5 0.5 0.5 0.5 0.5 0.5 0.5 0.9822698 
Car 0.5 3 0 1136.1362 157.46172 1172.2495 176.2468 0.5 0.5 0.5 0.5 0.5 0.5 0.5 0.9785501 
Car 0.5 3 0 1170.2416 156.13243 1200.9232 178.24545 0.5 0.5 0.5 0.5 0.5 0.5 0.5 0.97755927 
Car 0.5 3 0 540.54297 179.83731 562.58655 196.03448 0.5 0.5 0.5 0.5 0.5 0.5 0.5 0.9695886 
Car 0.5 3 0 1202.091 155.99007 1241.2677 174.3781 0.5 0.5 0.5 0.5 0.5 0.5 0.5 0.96190083 
Car 0.5 3 0 489.22372 179.77649 530.1521 206.59782 0.5 0.5 0.5 0.5 0.5 0.5 0.5 0.95764226 
Car 0.5 3 0 1104.3976 159.42964 1137.4331 177.21683 0.5 0.5 0.5 0.5 0.5 0.5 0.5 0.95078224 
Car 0.5 3 0 689.62683 171.7579 711.59784 188.8335 0.5 0.5 0.5 0.5 0.5 0.5 0.5 0.9437584 
Car 0.5 3 0 1044.0833 159.18233 1075.437 176.83582 0.5 0.5 0.5 0.5 0.5 0.5 0.5 0.93586427 
Car 0.5 3 0 730.6271 170.79631 751.053 187.32437 0.5 0.5 0.5 0.5 0.5 0.5 0.5 0.93393594 
Car 0.5 3 0 708.0448 171.71826 724.2935 184.29532 0.5 0.5 0.5 0.5 0.5 0.5 0.5 0.92649263 
Car 0.5 3 0 295.41507 192.93195 314.16348 208.2352 0.5 0.5 0.5 0.5 0.5 0.5 0.5 0.90814805 
Car 0.5 3 0 826.63 160.35023 875.2116 173.27226 0.5 0.5 0.5 0.5 0.5 0.5 0.5 0.8719078 
Car 0.5 3 0 671.1043 175.09123 689.93823 191.12796 0.5 0.5 0.5 0.5 0.5 0.5 0.5 0.8610201 
Car 0.5 3 0 859.7666 160.23764 888.5647 172.66876 0.5 0.5 0.5 0.5 0.5 0.5 0.5 0.7660643 
Car 0.5 3 0 889.96313 157.11578 925.7748 173.7972 0.5 0.5 0.5 0.5 0.5 0.5 0.5 0.74811614 
Car 0.5 3 0 1034.2594 160.0414 1049.1737 175.77245 0.5 0.5 0.5 0.5 0.5 0.5 0.5 0.73614895 
Car 0.5 3 0 825.7451 161.29858 845.8861 171.38284 0.5 0.5 0.5 0.5 0.5 0.5 0.5 0.7075348 
Car 0.5 3 0 330.8903 180.3971 350.2179 198.23529 0.5 0.5 0.5 0.5 0.5 0.5 0.5 0.6793088 
Car 0.5 3 0 476.57373 175.08887 493.5012 191.00792 0.5 0.5 0.5 0.5 0.5 0.5 0.5 0.66985136 
Car 0.5 3 0 312.90918 191.26146 332.34723 204.11916 0.5 0.5 0.5 0.5 0.5 0.5 0.5 0.5446469 
