Car 0.5 3 0 0.33439013 283.8301 66.43757 375.0 0.5 0.5 0.5 0.5 0.5 0.5 0.5 0.9932395 
Car 0.5 3 0 312.23117 184.74185 395.63315 227.6493 0.5 0.5 0.5 0.5 0.5 0.5 0.5 0.99312323 
Car 0.5 3 0 1170.3387 155.97908 1202.3213 178.052 0.5 0.5 0.5 0.5 0.5 0.5 0.5 0.9800831 
Car 0.5 3 0 641.3082 165.671 715.14166 222.5072 0.5 0.5 0.5 0.5 0.5 0.5 0.5 0.9797891 
Car 0.5 3 0 1136.1008 157.51224 1172.3867 176.27454 0.5 0.5 0.5 0.5 0.5 0.5 0.5 0.9788639 
Car 0.5 3 0 1202.1896 155.90471 1241.4307 174.44249 0.5 0.5 0.5 0.5 0.5 0.5 0.5 0.9665214 
Car 0.5 3 0 534.59485 178.77843 561.9476 197.14319 0.5 0.5 0.5 0.5 0.5 0.5 0.5 0.964774 
Car 0.5 3 0 1104.53 159.42137 1137.6041 177.13496 0.5 0.5 0.5 0.5 0.5 0.5 0.5 0.94932824 
Car 0.5 3 0 465.41614 179.24022 515.4214 208.482 0.5 0.5 0.5 0.5 0.5 0.5 0.5 0.94788253 
Car 0.5 3 0 1044.0089 159.11104 1076.2633 176.93002 0.5 0.5 0.5 0.5 0.5 0.5 0.5 0.9329969 
Car 0.5 3 0 726.9821 170.8203 746.09 185.27928 0.5 0.5 0.5 0.5 0.5 0.5 0.5 0.92771995 
Car 0.5 3 0 826.5807 160.32727 876.73804 173.12462 0.5 0.5 0.5 0.5 0.5 0.5 0.5 0.89883447 
Car 0.5 3 0 295.63297 193.20432 316.65884 208.45789 0.5 0.5 0.5 0.5 0.5 0.5 0.5 0.8289256 
Car 0.5 3 0 890.06525 157.07451 925.7226 173.82736 0.5 0.5 0.5 0.5 0.5 0.5 0.5 0.768037 
Car 0.5 3 0 966.633 157.50952 1048.2161 180.07162 0.5 0.5 0.5 0.5 0.5 0.5 0.5 0.7553627 
Car 0.5 3 0 859.53186 160.26732 888.46423 172.6931 0.5 0.5 0.5 0.5 0.5 0.5 0.5 0.74052185 
Car 0.5 3 0 825.55554 161.40839 845.9413 171.4194 0.5 0.5 0.5 0.5 0.5 0.5 0.5 0.7161119 
Car 0.5 3 0 1034.4299 160.16223 1049.1965 175.99362 0.5 0.5 0.5 0.5 0.5 0.5 0.5 0.7109591 
