Car 0.5 3 0 0.26935482 217.91737 27.954037 260.04047 0.5 0.5 0.5 0.5 0.5 0.5 0.5 0.9834735 
Car 0.5 3 0 1168.7488 156.75528 1202.5507 177.74585 0.5 0.5 0.5 0.5 0.5 0.5 0.5 0.98089314 
Car 0.5 3 0 1135.4633 159.8707 1170.8953 176.43822 0.5 0.5 0.5 0.5 0.5 0.5 0.5 0.9765186 
Car 0.5 3 0 1201.5029 157.31017 1240.1478 176.33534 0.5 0.5 0.5 0.5 0.5 0.5 0.5 0.9608861 
Car 0.5 3 0 1105.3984 159.82997 1136.7073 177.84084 0.5 0.5 0.5 0.5 0.5 0.5 0.5 0.9435358 
Car 0.5 3 0 1043.9832 159.83885 1077.6085 177.64534 0.5 0.5 0.5 0.5 0.5 0.5 0.5 0.93561846 
Car 0.5 3 0 888.89026 158.16194 925.7609 175.12912 0.5 0.5 0.5 0.5 0.5 0.5 0.5 0.8944207 
Car 0.5 3 0 827.6736 160.90031 877.62787 172.27551 0.5 0.5 0.5 0.5 0.5 0.5 0.5 0.89399487 
Car 0.5 3 0 733.7168 170.91145 755.68494 189.3355 0.5 0.5 0.5 0.5 0.5 0.5 0.5 0.8904307 
Car 0.5 3 0 219.27377 170.51259 351.19565 233.3175 0.5 0.5 0.5 0.5 0.5 0.5 0.5 0.8842705 
Car 0.5 3 0 824.22095 161.62798 843.72595 172.23708 0.5 0.5 0.5 0.5 0.5 0.5 0.5 0.8295994 
Car 0.5 3 0 724.4338 168.81847 741.686 183.40462 0.5 0.5 0.5 0.5 0.5 0.5 0.5 0.79270786 
Car 0.5 3 0 1034.8527 160.7342 1047.3278 174.85947 0.5 0.5 0.5 0.5 0.5 0.5 0.5 0.74503845 
Car 0.5 3 0 859.4164 160.53464 889.0387 174.03284 0.5 0.5 0.5 0.5 0.5 0.5 0.5 0.6979193 
Pedestrian 0.5 3 0 358.84274 186.19505 375.10867 220.03394 0.5 0.5 0.5 0.5 0.5 0.5 0.5 0.68832606 
Car 0.5 3 0 969.5074 161.45361 1000.98474 178.68907 0.5 0.5 0.5 0.5 0.5 0.5 0.5 0.6858671 
Car 0.5 3 0 435.5416 166.43175 501.1048 212.70241 0.5 0.5 0.5 0.5 0.5 0.5 0.5 0.6178988 
