Car 0.5 3 0 445.72726 171.71315 522.5706 205.95581 0.5 0.5 0.5 0.5 0.5 0.5 0.5 0.99194217 
Pedestrian 0.5 3 0 862.60974 168.39224 887.566 228.31714 0.5 0.5 0.5 0.5 0.5 0.5 0.5 0.98312426 
Car 0.5 3 0 33.303204 175.13306 138.69093 213.40442 0.5 0.5 0.5 0.5 0.5 0.5 0.5 0.9642905 
Car 0.5 3 0 927.385 167.0951 957.30396 179.52356 0.5 0.5 0.5 0.5 0.5 0.5 0.5 0.9340331 
Car 0.5 3 0 672.5764 172.20438 700.76495 189.07613 0.5 0.5 0.5 0.5 0.5 0.5 0.5 0.92110044 
Car 0.5 3 0 782.00885 170.91524 820.888 190.28082 0.5 0.5 0.5 0.5 0.5 0.5 0.5 0.9112535 
Car 0.5 3 0 283.20984 178.89755 343.5928 213.46353 0.5 0.5 0.5 0.5 0.5 0.5 0.5 0.9060837 
Car 0.5 3 0 617.1263 174.69046 642.04675 189.43025 0.5 0.5 0.5 0.5 0.5 0.5 0.5 0.81587064 
Car 0.5 3 0 469.31073 166.46077 519.5759 188.50885 0.5 0.5 0.5 0.5 0.5 0.5 0.5 0.76754063 
Car 0.5 3 0 580.8965 173.884 634.81177 199.50377 0.5 0.5 0.5 0.5 0.5 0.5 0.5 0.75628227 
Car 0.5 3 0 708.16846 172.51901 726.1603 186.35446 0.5 0.5 0.5 0.5 0.5 0.5 0.5 0.75459266 
Car 0.5 3 0 843.1668 169.7464 860.70593 184.57805 0.5 0.5 0.5 0.5 0.5 0.5 0.5 0.72987926 
Car 0.5 3 0 601.3927 174.15857 640.073 194.69289 0.5 0.5 0.5 0.5 0.5 0.5 0.5 0.557649 
Car 0.5 3 0 987.0886 169.7592 1010.0412 179.31947 0.5 0.5 0.5 0.5 0.5 0.5 0.5 0.54003286 
Car 0.5 3 0 828.16125 169.78395 860.6567 186.3803 0.5 0.5 0.5 0.5 0.5 0.5 0.5 0.5122148 
Car 0.5 3 0 225.20503 176.88422 341.6343 213.27689 0.5 0.5 0.5 0.5 0.5 0.5 0.5 0.51217127 
