Car 0.5 3 0 454.06912 173.60527 529.83154 203.22798 0.5 0.5 0.5 0.5 0.5 0.5 0.5 0.99487525 
Car 0.5 3 0 238.81836 174.44556 318.385 211.5654 0.5 0.5 0.5 0.5 0.5 0.5 0.5 0.9910381 
Car 0.5 3 0 661.1611 175.59743 692.0964 188.16689 0.5 0.5 0.5 0.5 0.5 0.5 0.5 0.97741264 
Pedestrian 0.5 3 0 852.84564 172.17696 873.6082 224.3772 0.5 0.5 0.5 0.5 0.5 0.5 0.5 0.9679441 
Car 0.5 3 0 532.2542 167.04251 592.7851 193.81148 0.5 0.5 0.5 0.5 0.5 0.5 0.5 0.9514657 
Car 0.5 3 0 593.7086 175.22028 643.76526 199.92189 0.5 0.5 0.5 0.5 0.5 0.5 0.5 0.93100953 
Car 0.5 3 0 890.4844 175.76674 907.3635 188.98325 0.5 0.5 0.5 0.5 0.5 0.5 0.5 0.80827326 
Car 0.5 3 0 812.3019 172.44487 843.6701 191.14563 0.5 0.5 0.5 0.5 0.5 0.5 0.5 0.79231125 
Car 0.5 3 0 714.6606 174.665 737.3183 187.16013 0.5 0.5 0.5 0.5 0.5 0.5 0.5 0.7674713 
Car 0.5 3 0 793.1687 174.78302 827.9617 194.91113 0.5 0.5 0.5 0.5 0.5 0.5 0.5 0.7040129 
Car 0.5 3 0 866.26416 172.60739 885.70123 190.37004 0.5 0.5 0.5 0.5 0.5 0.5 0.5 0.66996545 
Car 0.5 3 0 744.613 173.43074 763.9617 186.3985 0.5 0.5 0.5 0.5 0.5 0.5 0.5 0.6554119 
Car 0.5 3 0 988.0524 172.69199 1023.1773 181.80402 0.5 0.5 0.5 0.5 0.5 0.5 0.5 0.6463213 
Car 0.5 3 0 959.0527 170.66357 990.4159 181.67581 0.5 0.5 0.5 0.5 0.5 0.5 0.5 0.57655257 
Car 0.5 3 0 824.1134 172.40935 842.89716 187.64575 0.5 0.5 0.5 0.5 0.5 0.5 0.5 0.5053143 
