Car 0.5 3 0 1169.8652 167.9766 1201.921 190.14696 0.5 0.5 0.5 0.5 0.5 0.5 0.5 0.9842732 
Car 0.5 3 0 0.58774096 180.89027 38.35009 273.64716 0.5 0.5 0.5 0.5 0.5 0.5 0.5 0.9804074 
Car 0.5 3 0 1201.2493 168.09251 1241.3297 188.24135 0.5 0.5 0.5 0.5 0.5 0.5 0.5 0.9737606 
Car 0.5 3 0 727.1547 181.79315 745.7888 196.69652 0.5 0.5 0.5 0.5 0.5 0.5 0.5 0.9710098 
Car 0.5 3 0 1134.4646 170.88278 1170.6316 187.67197 0.5 0.5 0.5 0.5 0.5 0.5 0.5 0.9572874 
Car 0.5 3 0 1105.0392 169.91032 1140.7228 188.74625 0.5 0.5 0.5 0.5 0.5 0.5 0.5 0.9393917 
Car 0.5 3 0 676.4828 183.14915 692.5968 196.0845 0.5 0.5 0.5 0.5 0.5 0.5 0.5 0.918851 
Car 0.5 3 0 709.37714 180.5648 726.14923 193.40164 0.5 0.5 0.5 0.5 0.5 0.5 0.5 0.9019105 
Car 0.5 3 0 269.8749 171.6596 394.8105 241.58415 0.5 0.5 0.5 0.5 0.5 0.5 0.5 0.83808756 
Car 0.5 3 0 445.34314 191.78984 467.71603 252.79503 0.5 0.5 0.5 0.5 0.5 0.5 0.5 0.8379302 
Car 0.5 3 0 887.1905 169.3701 922.2584 186.06961 0.5 0.5 0.5 0.5 0.5 0.5 0.5 0.82527196 
Car 0.5 3 0 825.7161 170.91496 878.9633 184.533 0.5 0.5 0.5 0.5 0.5 0.5 0.5 0.81888187 
Car 0.5 3 0 1054.1609 170.35638 1074.1792 188.40013 0.5 0.5 0.5 0.5 0.5 0.5 0.5 0.7235637 
Car 0.5 3 0 823.1429 172.16795 843.8165 182.18762 0.5 0.5 0.5 0.5 0.5 0.5 0.5 0.6081596 
Car 0.5 3 0 832.6656 172.12447 860.666 184.0846 0.5 0.5 0.5 0.5 0.5 0.5 0.5 0.58092844 
Car 0.5 3 0 968.6557 173.5849 1004.2306 186.75078 0.5 0.5 0.5 0.5 0.5 0.5 0.5 0.57862955 
Car 0.5 3 0 861.03845 171.75812 883.8558 183.08731 0.5 0.5 0.5 0.5 0.5 0.5 0.5 0.53867847 
