Car 0.5 3 0 699.9306 171.48923 739.71735 201.2682 0.5 0.5 0.5 0.5 0.5 0.5 0.5 0.99517894 
Car 0.5 3 0 3.5632217 196.2803 163.31091 263.36215 0.5 0.5 0.5 0.5 0.5 0.5 0.5 0.99508613 
Car 0.5 3 0 312.5696 184.59966 408.05984 227.021 0.5 0.5 0.5 0.5 0.5 0.5 0.5 0.9896898 
Car 0.5 3 0 1169.894 155.93605 1202.0652 178.1851 0.5 0.5 0.5 0.5 0.5 0.5 0.5 0.9737133 
Car 0.5 3 0 1136.3264 157.54272 1172.3448 176.1276 0.5 0.5 0.5 0.5 0.5 0.5 0.5 0.9734123 
Car 0.5 3 0 1201.9639 156.0212 1241.2706 174.38913 0.5 0.5 0.5 0.5 0.5 0.5 0.5 0.9583079 
Car 0.5 3 0 1104.3998 159.45439 1137.2715 176.92587 0.5 0.5 0.5 0.5 0.5 0.5 0.5 0.9335836 
Car 0.5 3 0 1044.3771 159.14221 1073.8042 176.84155 0.5 0.5 0.5 0.5 0.5 0.5 0.5 0.9119525 
Car 0.5 3 0 826.11633 160.39084 875.3543 173.10893 0.5 0.5 0.5 0.5 0.5 0.5 0.5 0.8983262 
Car 0.5 3 0 456.22363 171.92833 508.7055 207.35555 0.5 0.5 0.5 0.5 0.5 0.5 0.5 0.88011134 
Car 0.5 3 0 1033.5121 160.56895 1048.0681 175.80849 0.5 0.5 0.5 0.5 0.5 0.5 0.5 0.8189467 
Car 0.5 3 0 522.20294 170.22014 555.89557 200.6005 0.5 0.5 0.5 0.5 0.5 0.5 0.5 0.80910444 
Car 0.5 3 0 890.245 157.0999 926.31213 173.78604 0.5 0.5 0.5 0.5 0.5 0.5 0.5 0.7987173 
Car 0.5 3 0 295.5784 192.90407 313.85565 208.68758 0.5 0.5 0.5 0.5 0.5 0.5 0.5 0.79578185 
Car 0.5 3 0 859.8781 160.20438 888.3855 172.53818 0.5 0.5 0.5 0.5 0.5 0.5 0.5 0.77439576 
Car 0.5 3 0 825.53534 161.39273 846.3568 171.34985 0.5 0.5 0.5 0.5 0.5 0.5 0.5 0.66050166 
Car 0.5 3 0 733.5433 166.86816 758.04004 186.69836 0.5 0.5 0.5 0.5 0.5 0.5 0.5 0.61408335 
Car 0.5 3 0 656.7443 169.07031 676.40015 184.4389 0.5 0.5 0.5 0.5 0.5 0.5 0.5 0.57539433 
