Car 0.5 3 0 953.00476 177.06996 1235.8817 326.15402 0.5 0.5 0.5 0.5 0.5 0.5 0.5 0.9961617 
Pedestrian 0.5 3 0 954.9751 157.7026 1002.9227 242.0209 0.5 0.5 0.5 0.5 0.5 0.5 0.5 0.95710224 
Car 0.5 3 0 0.0 185.3132 38.363987 230.81314 0.5 0.5 0.5 0.5 0.5 0.5 0.5 0.9503612 
Car 0.5 3 0 77.09398 171.3491 164.92317 216.48782 0.5 0.5 0.5 0.5 0.5 0.5 0.5 0.9125262 
Car 0.5 3 0 334.2956 175.47224 358.06696 187.65813 0.5 0.5 0.5 0.5 0.5 0.5 0.5 0.89678276 
Car 0.5 3 0 144.01259 170.58943 216.29858 207.99652 0.5 0.5 0.5 0.5 0.5 0.5 0.5 0.84959924 
Car 0.5 3 0 667.66394 168.15291 698.7951 177.97897 0.5 0.5 0.5 0.5 0.5 0.5 0.5 0.83302915 
Pedestrian 0.5 3 0 527.6663 168.2957 538.5216 203.10274 0.5 0.5 0.5 0.5 0.5 0.5 0.5 0.8300532 
Car 0.5 3 0 0.0 164.34912 117.36902 224.03929 0.5 0.5 0.5 0.5 0.5 0.5 0.5 0.8026679 
Car 0.5 3 0 735.51465 169.12181 773.1046 183.4238 0.5 0.5 0.5 0.5 0.5 0.5 0.5 0.7397275 
Car 0.5 3 0 226.82448 175.34094 260.385 187.45963 0.5 0.5 0.5 0.5 0.5 0.5 0.5 0.72318935 
Car 0.5 3 0 749.15717 169.50125 770.9011 179.88408 0.5 0.5 0.5 0.5 0.5 0.5 0.5 0.7153601 
Pedestrian 0.5 3 0 618.93475 171.63348 627.8671 197.47375 0.5 0.5 0.5 0.5 0.5 0.5 0.5 0.67390364 
Car 0.5 3 0 1203.8268 184.44415 1241.9836 226.61937 0.5 0.5 0.5 0.5 0.5 0.5 0.5 0.6475671 
Pedestrian 0.5 3 0 594.861 170.9867 605.1342 198.69557 0.5 0.5 0.5 0.5 0.5 0.5 0.5 0.6317628 
Pedestrian 0.5 3 0 1002.71014 167.20416 1022.9078 191.54256 0.5 0.5 0.5 0.5 0.5 0.5 0.5 0.6202039 
Pedestrian 0.5 3 0 539.13794 165.6233 555.2177 203.40251 0.5 0.5 0.5 0.5 0.5 0.5 0.5 0.5638605 
Car 0.5 3 0 48.361504 173.04219 134.57391 219.20068 0.5 0.5 0.5 0.5 0.5 0.5 0.5 0.5449133 
Pedestrian 0.5 3 0 569.3915 169.64839 580.0243 199.64091 0.5 0.5 0.5 0.5 0.5 0.5 0.5 0.5199036 
Car 0.5 3 0 314.20157 173.93053 337.1307 190.38039 0.5 0.5 0.5 0.5 0.5 0.5 0.5 0.5194625 
