Car 0.5 3 0 292.53958 183.58588 339.32227 216.25725 0.5 0.5 0.5 0.5 0.5 0.5 0.5 0.9661679 
Car 0.5 3 0 320.03137 184.12372 364.28146 211.89827 0.5 0.5 0.5 0.5 0.5 0.5 0.5 0.95236087 
Car 0.5 3 0 431.6696 182.68677 462.80878 193.16975 0.5 0.5 0.5 0.5 0.5 0.5 0.5 0.909473 
Pedestrian 0.5 3 0 895.56195 160.2522 916.24445 223.81479 0.5 0.5 0.5 0.5 0.5 0.5 0.5 0.90676284 
Car 0.5 3 0 700.58887 173.73448 731.9523 202.49329 0.5 0.5 0.5 0.5 0.5 0.5 0.5 0.8897933 
Car 0.5 3 0 320.11124 178.87668 393.67413 205.9251 0.5 0.5 0.5 0.5 0.5 0.5 0.5 0.8154322 
Car 0.5 3 0 362.2325 175.77348 414.4295 204.81804 0.5 0.5 0.5 0.5 0.5 0.5 0.5 0.7866743 
Car 0.5 3 0 762.708 174.95334 799.84436 191.58855 0.5 0.5 0.5 0.5 0.5 0.5 0.5 0.7814906 
Car 0.5 3 0 387.97964 180.94695 414.49252 202.82722 0.5 0.5 0.5 0.5 0.5 0.5 0.5 0.7367911 
Car 0.5 3 0 616.52686 174.04884 634.6166 184.52505 0.5 0.5 0.5 0.5 0.5 0.5 0.5 0.71791095 
Car 0.5 3 0 235.84549 183.94524 336.1518 218.23341 0.5 0.5 0.5 0.5 0.5 0.5 0.5 0.65748596 
Car 0.5 3 0 468.04044 176.58704 483.59805 189.19612 0.5 0.5 0.5 0.5 0.5 0.5 0.5 0.63608736 
Car 0.5 3 0 502.3599 178.47899 519.77 190.65251 0.5 0.5 0.5 0.5 0.5 0.5 0.5 0.6260895 
Pedestrian 0.5 3 0 684.4741 183.32796 696.45416 218.34976 0.5 0.5 0.5 0.5 0.5 0.5 0.5 0.59114784 
Car 0.5 3 0 484.29715 176.77277 498.05182 189.73474 0.5 0.5 0.5 0.5 0.5 0.5 0.5 0.58745015 
Pedestrian 0.5 3 0 662.6085 176.47313 678.10925 209.76846 0.5 0.5 0.5 0.5 0.5 0.5 0.5 0.57854456 
Car 0.5 3 0 397.778 181.91342 416.38947 199.55835 0.5 0.5 0.5 0.5 0.5 0.5 0.5 0.5414661 
Car 0.5 3 0 534.872 178.53873 547.86896 191.69395 0.5 0.5 0.5 0.5 0.5 0.5 0.5 0.52163005 
Car 0.5 3 0 850.6151 171.12239 896.1533 197.2504 0.5 0.5 0.5 0.5 0.5 0.5 0.5 0.5138387 
