Pedestrian 0.5 3 0 1016.4202 156.32301 1055.755 235.91986 0.5 0.5 0.5 0.5 0.5 0.5 0.5 0.9853875 
Car 0.5 3 0 275.9341 180.93225 333.17654 214.44733 0.5 0.5 0.5 0.5 0.5 0.5 0.5 0.9520348 
Cyclist 0.5 3 0 1011.7445 194.66565 1058.4717 245.95067 0.5 0.5 0.5 0.5 0.5 0.5 0.5 0.95185965 
Car 0.5 3 0 732.80725 172.43349 768.95135 209.09583 0.5 0.5 0.5 0.5 0.5 0.5 0.5 0.9402698 
Car 0.5 3 0 197.56224 180.8296 303.06372 225.77437 0.5 0.5 0.5 0.5 0.5 0.5 0.5 0.9208651 
Pedestrian 0.5 3 0 697.0531 174.94807 711.6158 224.63358 0.5 0.5 0.5 0.5 0.5 0.5 0.5 0.8708541 
Car 0.5 3 0 367.71832 179.1057 396.1666 200.1814 0.5 0.5 0.5 0.5 0.5 0.5 0.5 0.8578909 
Car 0.5 3 0 281.69357 176.6561 366.13437 208.67365 0.5 0.5 0.5 0.5 0.5 0.5 0.5 0.8105317 
Car 0.5 3 0 22.795443 186.63387 65.52563 228.51698 0.5 0.5 0.5 0.5 0.5 0.5 0.5 0.80218107 
Car 0.5 3 0 330.47665 172.14699 388.8 205.51266 0.5 0.5 0.5 0.5 0.5 0.5 0.5 0.79330766 
Car 0.5 3 0 397.1833 175.37779 441.37515 191.2637 0.5 0.5 0.5 0.5 0.5 0.5 0.5 0.79197645 
Car 0.5 3 0 246.78609 181.09128 309.74982 219.3051 0.5 0.5 0.5 0.5 0.5 0.5 0.5 0.64865094 
Car 0.5 3 0 453.75742 178.55545 472.82916 190.12267 0.5 0.5 0.5 0.5 0.5 0.5 0.5 0.6320743 
Car 0.5 3 0 740.34784 165.83778 777.884 203.75044 0.5 0.5 0.5 0.5 0.5 0.5 0.5 0.59903 
Pedestrian 0.5 3 0 683.29193 181.34882 695.5149 216.1311 0.5 0.5 0.5 0.5 0.5 0.5 0.5 0.5575227 
Car 0.5 3 0 440.39853 177.71074 472.7144 191.96336 0.5 0.5 0.5 0.5 0.5 0.5 0.5 0.5016673 
