Car 0.5 3 0 119.552246 190.46072 285.92694 250.19705 0.5 0.5 0.5 0.5 0.5 0.5 0.5 0.9770098 
Car 0.5 3 0 1170.1758 155.9313 1202.9395 177.83372 0.5 0.5 0.5 0.5 0.5 0.5 0.5 0.97613335 
Car 0.5 3 0 1136.1351 157.92842 1171.9401 175.95938 0.5 0.5 0.5 0.5 0.5 0.5 0.5 0.969651 
Car 0.5 3 0 723.702 169.22511 751.5389 192.95947 0.5 0.5 0.5 0.5 0.5 0.5 0.5 0.96626383 
Car 0.5 3 0 1201.9344 155.81381 1241.2385 174.33238 0.5 0.5 0.5 0.5 0.5 0.5 0.5 0.9606447 
Car 0.5 3 0 1043.696 159.20718 1074.6016 176.71147 0.5 0.5 0.5 0.5 0.5 0.5 0.5 0.9382839 
Car 0.5 3 0 1104.239 159.33025 1136.9945 177.04355 0.5 0.5 0.5 0.5 0.5 0.5 0.5 0.9362408 
Car 0.5 3 0 826.6387 160.3573 874.8994 173.3244 0.5 0.5 0.5 0.5 0.5 0.5 0.5 0.8847678 
Car 0.5 3 0 382.9779 170.71956 458.29358 217.67421 0.5 0.5 0.5 0.5 0.5 0.5 0.5 0.8473824 
Car 0.5 3 0 295.0041 193.18294 315.88016 207.82689 0.5 0.5 0.5 0.5 0.5 0.5 0.5 0.84560305 
Car 0.5 3 0 476.75513 174.58391 496.26056 191.37921 0.5 0.5 0.5 0.5 0.5 0.5 0.5 0.8435745 
Car 0.5 3 0 890.424 157.10376 926.03375 173.835 0.5 0.5 0.5 0.5 0.5 0.5 0.5 0.79405195 
Car 0.5 3 0 354.8356 182.76817 386.8385 203.26985 0.5 0.5 0.5 0.5 0.5 0.5 0.5 0.7593551 
Car 0.5 3 0 825.8264 161.32553 845.79724 171.42337 0.5 0.5 0.5 0.5 0.5 0.5 0.5 0.7553618 
Car 0.5 3 0 1034.4567 160.40656 1049.0336 175.85431 0.5 0.5 0.5 0.5 0.5 0.5 0.5 0.7543412 
Car 0.5 3 0 729.55194 167.61313 750.5334 180.84273 0.5 0.5 0.5 0.5 0.5 0.5 0.5 0.68712586 
Car 0.5 3 0 494.3284 167.15178 539.71936 205.36699 0.5 0.5 0.5 0.5 0.5 0.5 0.5 0.6714961 
Car 0.5 3 0 330.75476 179.53802 350.94556 197.70203 0.5 0.5 0.5 0.5 0.5 0.5 0.5 0.65934676 
Car 0.5 3 0 861.0825 160.42668 886.64795 171.9107 0.5 0.5 0.5 0.5 0.5 0.5 0.5 0.6314613 
Pedestrian 0.5 3 0 360.2416 188.23506 372.7405 218.97604 0.5 0.5 0.5 0.5 0.5 0.5 0.5 0.58956444 
Car 0.5 3 0 717.29987 170.40863 728.61566 182.84389 0.5 0.5 0.5 0.5 0.5 0.5 0.5 0.5548983 
