Car 0.5 3 0 275.12402 188.11894 379.25223 235.75352 0.5 0.5 0.5 0.5 0.5 0.5 0.5 0.98250335 
Car 0.5 3 0 1158.0634 158.31071 1188.7634 178.98933 0.5 0.5 0.5 0.5 0.5 0.5 0.5 0.97480416 
Car 0.5 3 0 1039.0933 161.96558 1070.4275 180.02425 0.5 0.5 0.5 0.5 0.5 0.5 0.5 0.9715408 
Car 0.5 3 0 1095.4597 162.291 1127.3197 179.31076 0.5 0.5 0.5 0.5 0.5 0.5 0.5 0.96498734 
Car 0.5 3 0 660.6074 177.59401 689.42255 202.91978 0.5 0.5 0.5 0.5 0.5 0.5 0.5 0.9544295 
Car 0.5 3 0 1189.0415 158.06488 1229.5023 176.13069 0.5 0.5 0.5 0.5 0.5 0.5 0.5 0.95331144 
Car 0.5 3 0 684.5439 176.04826 726.37964 204.18419 0.5 0.5 0.5 0.5 0.5 0.5 0.5 0.946525 
Car 0.5 3 0 1126.2751 161.4754 1159.598 178.55028 0.5 0.5 0.5 0.5 0.5 0.5 0.5 0.94156617 
Car 0.5 3 0 1014.0602 162.93665 1041.9119 179.78583 0.5 0.5 0.5 0.5 0.5 0.5 0.5 0.9311614 
Car 0.5 3 0 829.8763 164.34319 858.3917 177.1018 0.5 0.5 0.5 0.5 0.5 0.5 0.5 0.9107316 
Car 0.5 3 0 727.9168 176.48872 744.47974 189.32475 0.5 0.5 0.5 0.5 0.5 0.5 0.5 0.8704761 
Car 0.5 3 0 800.5059 164.12589 829.10583 178.80017 0.5 0.5 0.5 0.5 0.5 0.5 0.5 0.8650471 
Car 0.5 3 0 480.7895 183.31305 496.79706 213.50282 0.5 0.5 0.5 0.5 0.5 0.5 0.5 0.8123664 
Car 0.5 3 0 891.50824 161.73065 926.7433 177.55899 0.5 0.5 0.5 0.5 0.5 0.5 0.5 0.8118199 
Car 0.5 3 0 861.0153 164.0241 891.69324 177.45511 0.5 0.5 0.5 0.5 0.5 0.5 0.5 0.79693407 
Car 0.5 3 0 986.6283 164.31857 1016.57776 180.97379 0.5 0.5 0.5 0.5 0.5 0.5 0.5 0.64138293 
Car 0.5 3 0 926.85236 162.79604 941.9105 174.88586 0.5 0.5 0.5 0.5 0.5 0.5 0.5 0.62471443 
Car 0.5 3 0 838.0184 163.59303 884.98334 176.65744 0.5 0.5 0.5 0.5 0.5 0.5 0.5 0.5298934 
Car 0.5 3 0 840.549 164.49112 864.60474 175.50479 0.5 0.5 0.5 0.5 0.5 0.5 0.5 0.5194421 
