Car 0.5 3 0 1057.7184 186.64137 1241.9349 285.13425 0.5 0.5 0.5 0.5 0.5 0.5 0.5 0.9935853 
Car 0.5 3 0 891.4461 175.70465 1068.0365 281.1309 0.5 0.5 0.5 0.5 0.5 0.5 0.5 0.99231577 
Car 0.5 3 0 0.54414946 196.72255 23.138054 239.19177 0.5 0.5 0.5 0.5 0.5 0.5 0.5 0.9809429 
Car 0.5 3 0 157.75047 173.51843 232.27568 213.1189 0.5 0.5 0.5 0.5 0.5 0.5 0.5 0.9462261 
Car 0.5 3 0 682.79724 170.20975 713.8193 181.45781 0.5 0.5 0.5 0.5 0.5 0.5 0.5 0.9146003 
Car 0.5 3 0 220.40977 171.3732 272.55954 206.98923 0.5 0.5 0.5 0.5 0.5 0.5 0.5 0.8966084 
Car 0.5 3 0 271.21164 175.70325 308.47345 187.40065 0.5 0.5 0.5 0.5 0.5 0.5 0.5 0.8725989 
Car 0.5 3 0 340.86514 172.91408 375.1424 190.97917 0.5 0.5 0.5 0.5 0.5 0.5 0.5 0.8200678 
Car 0.5 3 0 353.5829 174.91565 380.71112 190.86986 0.5 0.5 0.5 0.5 0.5 0.5 0.5 0.73029035 
Car 0.5 3 0 867.29913 161.40471 945.3531 237.9498 0.5 0.5 0.5 0.5 0.5 0.5 0.5 0.7208552 
Car 0.5 3 0 448.5696 174.63246 476.63205 191.20914 0.5 0.5 0.5 0.5 0.5 0.5 0.5 0.7149721 
Car 0.5 3 0 93.12628 162.17162 195.1679 218.26851 0.5 0.5 0.5 0.5 0.5 0.5 0.5 0.70618 
Pedestrian 0.5 3 0 554.6591 171.71028 564.7941 201.96886 0.5 0.5 0.5 0.5 0.5 0.5 0.5 0.69828904 
Car 0.5 3 0 372.87668 176.75537 389.8407 188.00389 0.5 0.5 0.5 0.5 0.5 0.5 0.5 0.6866191 
Pedestrian 0.5 3 0 899.9008 162.54698 929.8536 208.51454 0.5 0.5 0.5 0.5 0.5 0.5 0.5 0.66943264 
Car 0.5 3 0 458.55844 175.89119 476.74283 188.14394 0.5 0.5 0.5 0.5 0.5 0.5 0.5 0.64045745 
Car 0.5 3 0 7.8332047 162.64432 139.66408 229.34734 0.5 0.5 0.5 0.5 0.5 0.5 0.5 0.6009692 
Car 0.5 3 0 322.268 168.8931 387.07986 192.812 0.5 0.5 0.5 0.5 0.5 0.5 0.5 0.5741336 
Pedestrian 0.5 3 0 573.93994 172.83032 585.0392 201.33289 0.5 0.5 0.5 0.5 0.5 0.5 0.5 0.536282 
Car 0.5 3 0 880.8486 166.47234 997.2006 251.60799 0.5 0.5 0.5 0.5 0.5 0.5 0.5 0.51223904 
