Car 0.5 3 0 1170.0519 159.99672 1200.4282 181.3946 0.5 0.5 0.5 0.5 0.5 0.5 0.5 0.98804116 
Car 0.5 3 0 1202.289 161.32251 1241.3942 179.64877 0.5 0.5 0.5 0.5 0.5 0.5 0.5 0.9681184 
Car 0.5 3 0 1135.0388 163.84148 1170.8705 179.88869 0.5 0.5 0.5 0.5 0.5 0.5 0.5 0.95942533 
Car 0.5 3 0 0.22411862 174.30058 121.986115 267.84634 0.5 0.5 0.5 0.5 0.5 0.5 0.5 0.9587879 
Car 0.5 3 0 732.95105 174.68568 751.9276 191.02617 0.5 0.5 0.5 0.5 0.5 0.5 0.5 0.9513374 
Car 0.5 3 0 1105.9689 163.89778 1135.4847 180.63283 0.5 0.5 0.5 0.5 0.5 0.5 0.5 0.9486812 
Car 0.5 3 0 1043.6748 163.59253 1081.843 182.36385 0.5 0.5 0.5 0.5 0.5 0.5 0.5 0.93413043 
Car 0.5 3 0 714.4638 174.30714 734.2829 189.04596 0.5 0.5 0.5 0.5 0.5 0.5 0.5 0.9208462 
Car 0.5 3 0 475.68964 179.22887 498.08957 197.11818 0.5 0.5 0.5 0.5 0.5 0.5 0.5 0.91885585 
Car 0.5 3 0 830.06537 163.95732 875.77704 176.67305 0.5 0.5 0.5 0.5 0.5 0.5 0.5 0.8545839 
Car 0.5 3 0 681.85693 176.84637 696.7238 190.42804 0.5 0.5 0.5 0.5 0.5 0.5 0.5 0.83519876 
Car 0.5 3 0 889.0513 162.16238 926.3428 178.96922 0.5 0.5 0.5 0.5 0.5 0.5 0.5 0.80388796 
Car 0.5 3 0 823.8718 165.02707 842.0295 175.63042 0.5 0.5 0.5 0.5 0.5 0.5 0.5 0.7795791 
Car 0.5 3 0 113.81585 149.58026 500.59616 355.53873 0.5 0.5 0.5 0.5 0.5 0.5 0.5 0.72293264 
Car 0.5 3 0 859.2811 163.98015 887.8624 176.92665 0.5 0.5 0.5 0.5 0.5 0.5 0.5 0.6588204 
Car 0.5 3 0 837.80347 164.89929 859.6967 176.46799 0.5 0.5 0.5 0.5 0.5 0.5 0.5 0.65734357 
Car 0.5 3 0 927.7998 162.89273 943.3573 177.5696 0.5 0.5 0.5 0.5 0.5 0.5 0.5 0.59129983 
Car 0.5 3 0 658.7403 174.23915 676.2222 188.71603 0.5 0.5 0.5 0.5 0.5 0.5 0.5 0.54581976 
