Car 0.5 3 0 222.9773 195.91776 499.15775 324.27823 0.5 0.5 0.5 0.5 0.5 0.5 0.5 0.99718934 
Car 0.5 3 0 18.622623 189.90585 236.28786 259.90094 0.5 0.5 0.5 0.5 0.5 0.5 0.5 0.9837119 
Car 0.5 3 0 489.63623 178.87682 523.9167 206.00629 0.5 0.5 0.5 0.5 0.5 0.5 0.5 0.98064846 
Car 0.5 3 0 1170.368 156.04916 1202.0352 177.77196 0.5 0.5 0.5 0.5 0.5 0.5 0.5 0.9773787 
Car 0.5 3 0 1136.0879 157.58965 1172.4149 176.18723 0.5 0.5 0.5 0.5 0.5 0.5 0.5 0.97707134 
Car 0.5 3 0 639.80054 172.54132 681.3316 201.98102 0.5 0.5 0.5 0.5 0.5 0.5 0.5 0.96659017 
Car 0.5 3 0 1202.1658 155.87141 1241.2687 174.40208 0.5 0.5 0.5 0.5 0.5 0.5 0.5 0.96294206 
Car 0.5 3 0 402.91626 182.63434 463.67102 210.5651 0.5 0.5 0.5 0.5 0.5 0.5 0.5 0.953141 
Car 0.5 3 0 681.25275 173.14397 696.96387 184.42061 0.5 0.5 0.5 0.5 0.5 0.5 0.5 0.94759774 
Car 0.5 3 0 1104.4263 159.2933 1137.4376 177.17937 0.5 0.5 0.5 0.5 0.5 0.5 0.5 0.94150317 
Car 0.5 3 0 1044.0907 159.08871 1076.6648 176.8637 0.5 0.5 0.5 0.5 0.5 0.5 0.5 0.9187722 
Car 0.5 3 0 826.44244 160.40266 876.491 173.26704 0.5 0.5 0.5 0.5 0.5 0.5 0.5 0.88268405 
Car 0.5 3 0 748.95496 168.58476 758.5274 187.7665 0.5 0.5 0.5 0.5 0.5 0.5 0.5 0.81195235 
Car 0.5 3 0 1033.9371 160.23557 1048.7373 175.85136 0.5 0.5 0.5 0.5 0.5 0.5 0.5 0.75446105 
Car 0.5 3 0 890.33777 157.17174 925.1504 173.92477 0.5 0.5 0.5 0.5 0.5 0.5 0.5 0.74321663 
Car 0.5 3 0 825.9336 161.43878 846.0714 171.39847 0.5 0.5 0.5 0.5 0.5 0.5 0.5 0.65642405 
Car 0.5 3 0 861.1478 160.32771 887.5701 173.07108 0.5 0.5 0.5 0.5 0.5 0.5 0.5 0.63987327 
Car 0.5 3 0 474.95663 175.62854 493.29153 191.9454 0.5 0.5 0.5 0.5 0.5 0.5 0.5 0.61642116 
Car 0.5 3 0 331.04343 178.88707 351.89316 196.0733 0.5 0.5 0.5 0.5 0.5 0.5 0.5 0.5431767 
