Car 0.5 3 0 325.81976 183.64537 383.76392 209.68979 0.5 0.5 0.5 0.5 0.5 0.5 0.5 0.9803889 
Pedestrian 0.5 3 0 847.91284 156.3338 870.36584 214.76161 0.5 0.5 0.5 0.5 0.5 0.5 0.5 0.9266909 
Car 0.5 3 0 337.04535 176.8569 411.55676 204.5953 0.5 0.5 0.5 0.5 0.5 0.5 0.5 0.88760346 
Pedestrian 0.5 3 0 650.67285 170.74771 667.3783 205.49226 0.5 0.5 0.5 0.5 0.5 0.5 0.5 0.84292454 
Car 0.5 3 0 432.54297 181.15456 458.90015 194.82617 0.5 0.5 0.5 0.5 0.5 0.5 0.5 0.82366604 
Car 0.5 3 0 371.68915 176.67386 417.1487 204.02734 0.5 0.5 0.5 0.5 0.5 0.5 0.5 0.8144599 
Pedestrian 0.5 3 0 667.931 175.22833 679.31635 209.92221 0.5 0.5 0.5 0.5 0.5 0.5 0.5 0.784249 
Car 0.5 3 0 236.71204 186.18617 338.65463 225.17001 0.5 0.5 0.5 0.5 0.5 0.5 0.5 0.75838786 
Car 0.5 3 0 307.57733 185.12036 345.85788 211.53024 0.5 0.5 0.5 0.5 0.5 0.5 0.5 0.74314946 
Car 0.5 3 0 689.44116 169.42972 723.82166 197.59142 0.5 0.5 0.5 0.5 0.5 0.5 0.5 0.7313661 
Car 0.5 3 0 393.40262 179.81322 419.84634 204.72691 0.5 0.5 0.5 0.5 0.5 0.5 0.5 0.7078721 
Car 0.5 3 0 413.94513 178.62552 432.06543 196.40233 0.5 0.5 0.5 0.5 0.5 0.5 0.5 0.68186677 
Car 0.5 3 0 700.64655 164.26526 731.17053 193.83186 0.5 0.5 0.5 0.5 0.5 0.5 0.5 0.5938675 
Pedestrian 0.5 3 0 690.1575 173.53206 710.70233 236.35634 0.5 0.5 0.5 0.5 0.5 0.5 0.5 0.54945344 
Car 0.5 3 0 745.4505 168.81566 773.298 181.42732 0.5 0.5 0.5 0.5 0.5 0.5 0.5 0.5396694 
Pedestrian 0.5 3 0 629.7191 174.88347 636.85583 189.34679 0.5 0.5 0.5 0.5 0.5 0.5 0.5 0.5088136 
