Car 0.5 3 0 545.67377 175.67474 577.5988 191.7882 0.5 0.5 0.5 0.5 0.5 0.5 0.5 0.95999235 
Car 0.5 3 0 719.4187 169.34024 746.8129 183.13573 0.5 0.5 0.5 0.5 0.5 0.5 0.5 0.9371356 
Car 0.5 3 0 393.2819 178.50447 445.46317 194.74458 0.5 0.5 0.5 0.5 0.5 0.5 0.5 0.93191326 
Car 0.5 3 0 690.5099 172.61678 718.0256 185.0837 0.5 0.5 0.5 0.5 0.5 0.5 0.5 0.87143624 
Car 0.5 3 0 634.6093 173.64891 661.1049 185.90598 0.5 0.5 0.5 0.5 0.5 0.5 0.5 0.8655043 
Car 0.5 3 0 262.1077 180.48616 321.6287 206.38281 0.5 0.5 0.5 0.5 0.5 0.5 0.5 0.8455678 
Car 0.5 3 0 344.99252 178.73901 398.67816 192.77846 0.5 0.5 0.5 0.5 0.5 0.5 0.5 0.72652036 
Car 0.5 3 0 760.6708 167.09802 800.21484 183.79657 0.5 0.5 0.5 0.5 0.5 0.5 0.5 0.62835306 
Car 0.5 3 0 673.3936 172.34547 684.71704 183.22926 0.5 0.5 0.5 0.5 0.5 0.5 0.5 0.55605435 
Car 0.5 3 0 90.15257 173.31224 173.44153 207.87517 0.5 0.5 0.5 0.5 0.5 0.5 0.5 0.54683346 
Car 0.5 3 0 356.32263 177.96924 437.8277 195.2298 0.5 0.5 0.5 0.5 0.5 0.5 0.5 0.5112228 
