Car 0.5 3 0 655.8987 174.36952 678.4888 198.17178 0.5 0.5 0.5 0.5 0.5 0.5 0.5 0.9796932 
Car 0.5 3 0 1170.2509 156.03899 1202.1184 178.17627 0.5 0.5 0.5 0.5 0.5 0.5 0.5 0.97893906 
Car 0.5 3 0 1136.2875 157.73505 1172.032 176.12473 0.5 0.5 0.5 0.5 0.5 0.5 0.5 0.97345644 
Car 0.5 3 0 1202.0582 155.3107 1241.5306 174.28583 0.5 0.5 0.5 0.5 0.5 0.5 0.5 0.9631969 
Car 0.5 3 0 497.05615 180.6599 527.7525 203.45493 0.5 0.5 0.5 0.5 0.5 0.5 0.5 0.9515087 
Car 0.5 3 0 672.95685 172.94937 726.9559 208.88847 0.5 0.5 0.5 0.5 0.5 0.5 0.5 0.94578403 
Car 0.5 3 0 1104.4844 159.55585 1136.9417 177.13026 0.5 0.5 0.5 0.5 0.5 0.5 0.5 0.9432976 
Car 0.5 3 0 1044.3231 159.12523 1075.5048 176.82852 0.5 0.5 0.5 0.5 0.5 0.5 0.5 0.92278254 
Car 0.5 3 0 826.2663 160.35469 876.17896 173.17632 0.5 0.5 0.5 0.5 0.5 0.5 0.5 0.8988666 
Car 0.5 3 0 1034.0975 160.24826 1048.9136 175.87926 0.5 0.5 0.5 0.5 0.5 0.5 0.5 0.8209855 
Car 0.5 3 0 889.9996 156.91862 925.10345 173.90422 0.5 0.5 0.5 0.5 0.5 0.5 0.5 0.7383742 
Car 0.5 3 0 825.74677 161.39163 845.9724 171.4062 0.5 0.5 0.5 0.5 0.5 0.5 0.5 0.73658574 
Car 0.5 3 0 0.0 325.3424 43.612667 374.17737 0.5 0.5 0.5 0.5 0.5 0.5 0.5 0.7356898 
Car 0.5 3 0 861.00977 160.3486 887.60986 172.90056 0.5 0.5 0.5 0.5 0.5 0.5 0.5 0.64303964 
Car 0.5 3 0 479.1049 177.11143 498.404 191.23656 0.5 0.5 0.5 0.5 0.5 0.5 0.5 0.64250934 
Car 0.5 3 0 545.1416 180.622 563.85376 195.43143 0.5 0.5 0.5 0.5 0.5 0.5 0.5 0.62802523 
Car 0.5 3 0 969.01227 161.31679 999.88275 177.63084 0.5 0.5 0.5 0.5 0.5 0.5 0.5 0.59768564 
Car 0.5 3 0 716.1911 171.85046 733.2382 183.54672 0.5 0.5 0.5 0.5 0.5 0.5 0.5 0.55594975 
