Car 0.5 3 0 56.440224 188.6758 219.49963 258.0391 0.5 0.5 0.5 0.5 0.5 0.5 0.5 0.99651116 
Car 0.5 3 0 1170.6953 156.44893 1200.3042 178.24025 0.5 0.5 0.5 0.5 0.5 0.5 0.5 0.9824783 
Car 0.5 3 0 1136.21 157.68666 1172.5155 176.25977 0.5 0.5 0.5 0.5 0.5 0.5 0.5 0.9776473 
Car 0.5 3 0 506.9245 179.12941 538.3399 203.18541 0.5 0.5 0.5 0.5 0.5 0.5 0.5 0.9759261 
Car 0.5 3 0 336.38702 183.18546 494.74463 255.41696 0.5 0.5 0.5 0.5 0.5 0.5 0.5 0.9728966 
Car 0.5 3 0 1202.1372 155.96696 1241.0762 174.40422 0.5 0.5 0.5 0.5 0.5 0.5 0.5 0.96065694 
Car 0.5 3 0 1104.4198 159.42781 1137.1797 177.1253 0.5 0.5 0.5 0.5 0.5 0.5 0.5 0.9526617 
Car 0.5 3 0 714.02997 167.1705 751.7682 199.30237 0.5 0.5 0.5 0.5 0.5 0.5 0.5 0.93806136 
Car 0.5 3 0 1044.2739 159.13333 1076.4958 176.8502 0.5 0.5 0.5 0.5 0.5 0.5 0.5 0.9282015 
Car 0.5 3 0 684.0191 172.37535 706.5465 187.3333 0.5 0.5 0.5 0.5 0.5 0.5 0.5 0.91232497 
Car 0.5 3 0 826.21796 160.29292 876.3665 173.26831 0.5 0.5 0.5 0.5 0.5 0.5 0.5 0.8933954 
Car 0.5 3 0 295.5281 192.96762 313.9308 208.45831 0.5 0.5 0.5 0.5 0.5 0.5 0.5 0.87528116 
Car 0.5 3 0 543.96375 160.99968 668.0844 245.48334 0.5 0.5 0.5 0.5 0.5 0.5 0.5 0.82534415 
Car 0.5 3 0 330.86703 179.60782 351.1328 199.23434 0.5 0.5 0.5 0.5 0.5 0.5 0.5 0.7743801 
Car 0.5 3 0 1034.5254 160.16492 1049.309 175.84622 0.5 0.5 0.5 0.5 0.5 0.5 0.5 0.77236456 
Car 0.5 3 0 890.1273 157.15646 925.69135 173.89601 0.5 0.5 0.5 0.5 0.5 0.5 0.5 0.7454321 
Car 0.5 3 0 476.28864 174.90828 497.32248 191.7573 0.5 0.5 0.5 0.5 0.5 0.5 0.5 0.7420984 
Car 0.5 3 0 825.636 161.40858 845.96515 171.42816 0.5 0.5 0.5 0.5 0.5 0.5 0.5 0.70720345 
Car 0.5 3 0 861.22864 160.36855 887.6001 172.86385 0.5 0.5 0.5 0.5 0.5 0.5 0.5 0.64907396 
Car 0.5 3 0 970.08405 161.5655 1001.1233 175.95796 0.5 0.5 0.5 0.5 0.5 0.5 0.5 0.51836383 
