Car 0.5 3 0 798.0346 171.28128 848.87604 221.05759 0.5 0.5 0.5 0.5 0.5 0.5 0.5 0.97905785 
Car 0.5 3 0 855.86664 172.73985 927.28516 222.5912 0.5 0.5 0.5 0.5 0.5 0.5 0.5 0.969215 
Car 0.5 3 0 315.87057 177.09903 353.65582 206.81227 0.5 0.5 0.5 0.5 0.5 0.5 0.5 0.94937485 
Car 0.5 3 0 165.98782 178.34453 259.74054 221.98427 0.5 0.5 0.5 0.5 0.5 0.5 0.5 0.9119052 
Car 0.5 3 0 753.49585 169.65073 772.6958 178.34116 0.5 0.5 0.5 0.5 0.5 0.5 0.5 0.7991666 
Car 0.5 3 0 590.77374 172.03995 613.2089 187.067 0.5 0.5 0.5 0.5 0.5 0.5 0.5 0.7927176 
Car 0.5 3 0 225.05965 166.62784 332.94794 210.03517 0.5 0.5 0.5 0.5 0.5 0.5 0.5 0.72707725 
Car 0.5 3 0 35.60226 180.51955 202.82542 246.1732 0.5 0.5 0.5 0.5 0.5 0.5 0.5 0.71306765 
Car 0.5 3 0 300.6754 175.81761 341.4723 206.56203 0.5 0.5 0.5 0.5 0.5 0.5 0.5 0.68379563 
Pedestrian 0.5 3 0 639.9787 172.61578 648.68 192.08765 0.5 0.5 0.5 0.5 0.5 0.5 0.5 0.5741803 
Car 0.5 3 0 571.81885 167.81726 583.8089 184.82451 0.5 0.5 0.5 0.5 0.5 0.5 0.5 0.5709364 
Car 0.5 3 0 198.39136 173.54137 266.248 211.21275 0.5 0.5 0.5 0.5 0.5 0.5 0.5 0.5261508 
Pedestrian 0.5 3 0 357.01752 179.80861 368.92114 202.31842 0.5 0.5 0.5 0.5 0.5 0.5 0.5 0.52572256 
