Car 0.5 3 0 123.32211 189.24081 247.32773 248.38986 0.5 0.5 0.5 0.5 0.5 0.5 0.5 0.99258375 
Car 0.5 3 0 213.6071 188.07535 427.9508 278.48093 0.5 0.5 0.5 0.5 0.5 0.5 0.5 0.9925478 
Car 0.5 3 0 1170.2645 156.06381 1201.3948 178.1525 0.5 0.5 0.5 0.5 0.5 0.5 0.5 0.9791023 
Car 0.5 3 0 1136.2078 157.65337 1172.4591 176.23715 0.5 0.5 0.5 0.5 0.5 0.5 0.5 0.9774714 
Car 0.5 3 0 394.84952 181.9868 468.95297 215.96828 0.5 0.5 0.5 0.5 0.5 0.5 0.5 0.9640804 
Car 0.5 3 0 1201.8383 155.6751 1241.1262 174.5177 0.5 0.5 0.5 0.5 0.5 0.5 0.5 0.96182084 
Car 0.5 3 0 1104.7795 159.17654 1136.543 177.24847 0.5 0.5 0.5 0.5 0.5 0.5 0.5 0.9434534 
Car 0.5 3 0 1044.0986 159.04758 1073.7881 176.68883 0.5 0.5 0.5 0.5 0.5 0.5 0.5 0.93490684 
Car 0.5 3 0 475.5807 161.35466 639.1858 260.81046 0.5 0.5 0.5 0.5 0.5 0.5 0.5 0.9339333 
Car 0.5 3 0 705.8176 166.29999 747.6974 201.87512 0.5 0.5 0.5 0.5 0.5 0.5 0.5 0.9246707 
Car 0.5 3 0 682.71106 172.38258 707.50604 186.83556 0.5 0.5 0.5 0.5 0.5 0.5 0.5 0.9078512 
Car 0.5 3 0 825.80347 160.33447 876.70807 173.27037 0.5 0.5 0.5 0.5 0.5 0.5 0.5 0.8983017 
Car 0.5 3 0 1033.8593 160.28291 1048.674 175.92949 0.5 0.5 0.5 0.5 0.5 0.5 0.5 0.7969146 
Car 0.5 3 0 890.20624 157.12308 925.11743 174.09315 0.5 0.5 0.5 0.5 0.5 0.5 0.5 0.73217773 
Car 0.5 3 0 825.7638 161.37415 846.0922 171.47256 0.5 0.5 0.5 0.5 0.5 0.5 0.5 0.727902 
Car 0.5 3 0 861.18585 160.32976 887.4625 172.86859 0.5 0.5 0.5 0.5 0.5 0.5 0.5 0.6213836 
Car 0.5 3 0 970.3537 161.5616 1001.01965 175.70532 0.5 0.5 0.5 0.5 0.5 0.5 0.5 0.52014667 
