Car 0.5 3 0 1.8079338 205.07896 236.04485 325.58594 0.5 0.5 0.5 0.5 0.5 0.5 0.5 0.99566513 
Car 0.5 3 0 399.1979 181.49814 458.70682 215.68831 0.5 0.5 0.5 0.5 0.5 0.5 0.5 0.99150133 
Car 0.5 3 0 587.65796 173.82642 648.29694 210.03908 0.5 0.5 0.5 0.5 0.5 0.5 0.5 0.9878687 
Car 0.5 3 0 0.87598056 186.66771 133.8508 223.07442 0.5 0.5 0.5 0.5 0.5 0.5 0.5 0.9820011 
Car 0.5 3 0 1166.9973 154.05455 1199.5704 174.24718 0.5 0.5 0.5 0.5 0.5 0.5 0.5 0.97796774 
Car 0.5 3 0 1044.4541 157.21654 1080.1909 176.58649 0.5 0.5 0.5 0.5 0.5 0.5 0.5 0.9753097 
Car 0.5 3 0 1198.5537 153.09587 1240.0936 172.68721 0.5 0.5 0.5 0.5 0.5 0.5 0.5 0.9721246 
Car 0.5 3 0 1102.923 157.75116 1135.8684 175.76535 0.5 0.5 0.5 0.5 0.5 0.5 0.5 0.9570925 
Car 0.5 3 0 1133.5548 154.48486 1172.0552 174.38309 0.5 0.5 0.5 0.5 0.5 0.5 0.5 0.9467913 
Car 0.5 3 0 723.8387 168.67209 750.693 190.69858 0.5 0.5 0.5 0.5 0.5 0.5 0.5 0.935522 
Car 0.5 3 0 300.18942 191.67833 319.54932 205.03923 0.5 0.5 0.5 0.5 0.5 0.5 0.5 0.9261708 
Car 0.5 3 0 830.7236 157.47055 886.7224 171.82611 0.5 0.5 0.5 0.5 0.5 0.5 0.5 0.8872514 
Car 0.5 3 0 1018.8098 158.55095 1046.9523 174.95218 0.5 0.5 0.5 0.5 0.5 0.5 0.5 0.8866261 
Car 0.5 3 0 890.5468 155.88666 927.41406 172.97594 0.5 0.5 0.5 0.5 0.5 0.5 0.5 0.87678635 
Car 0.5 3 0 826.59406 158.9427 858.469 171.02144 0.5 0.5 0.5 0.5 0.5 0.5 0.5 0.7780369 
Car 0.5 3 0 968.5785 162.92542 985.19025 178.74571 0.5 0.5 0.5 0.5 0.5 0.5 0.5 0.68876815 
Car 0.5 3 0 334.52988 176.7768 357.2852 195.91798 0.5 0.5 0.5 0.5 0.5 0.5 0.5 0.68804467 
Car 0.5 3 0 948.08203 169.22523 968.0964 178.33743 0.5 0.5 0.5 0.5 0.5 0.5 0.5 0.6578978 
Car 0.5 3 0 636.12537 171.79675 654.82837 184.30498 0.5 0.5 0.5 0.5 0.5 0.5 0.5 0.59607965 
Car 0.5 3 0 317.4241 187.09285 336.0611 201.03244 0.5 0.5 0.5 0.5 0.5 0.5 0.5 0.588449 
Pedestrian 0.5 3 0 184.90887 194.8325 199.4927 237.50871 0.5 0.5 0.5 0.5 0.5 0.5 0.5 0.5359239 
Car 0.5 3 0 469.40295 163.67967 528.96356 205.83917 0.5 0.5 0.5 0.5 0.5 0.5 0.5 0.5131532 
