Car 0.5 3 0 905.67706 176.21234 1107.2487 292.1528 0.5 0.5 0.5 0.5 0.5 0.5 0.5 0.99325067 
Car 0.5 3 0 1100.158 183.45493 1239.5604 291.0851 0.5 0.5 0.5 0.5 0.5 0.5 0.5 0.98974854 
Car 0.5 3 0 205.44551 171.56963 256.37238 207.07466 0.5 0.5 0.5 0.5 0.5 0.5 0.5 0.9368573 
Car 0.5 3 0 678.3049 169.36255 706.6437 180.21744 0.5 0.5 0.5 0.5 0.5 0.5 0.5 0.9027088 
Car 0.5 3 0 130.10133 173.6908 201.97116 213.78175 0.5 0.5 0.5 0.5 0.5 0.5 0.5 0.877529 
Car 0.5 3 0 7.1549134 165.39514 109.969 229.87099 0.5 0.5 0.5 0.5 0.5 0.5 0.5 0.8424969 
Car 0.5 3 0 333.628 174.26718 368.5237 191.57558 0.5 0.5 0.5 0.5 0.5 0.5 0.5 0.8158281 
Car 0.5 3 0 363.6021 176.71405 379.9589 188.07756 0.5 0.5 0.5 0.5 0.5 0.5 0.5 0.811819 
Car 0.5 3 0 167.94115 173.6366 213.0445 207.9878 0.5 0.5 0.5 0.5 0.5 0.5 0.5 0.80957377 
Car 0.5 3 0 53.793793 163.19936 193.49959 220.7132 0.5 0.5 0.5 0.5 0.5 0.5 0.5 0.76795214 
Pedestrian 0.5 3 0 913.56805 162.02492 950.0691 229.7067 0.5 0.5 0.5 0.5 0.5 0.5 0.5 0.76752484 
Car 0.5 3 0 442.78546 174.37665 469.1924 188.632 0.5 0.5 0.5 0.5 0.5 0.5 0.5 0.76742566 
Car 0.5 3 0 873.5219 163.65958 955.1836 242.12914 0.5 0.5 0.5 0.5 0.5 0.5 0.5 0.69440186 
Pedestrian 0.5 3 0 584.05707 166.69942 595.61285 199.94571 0.5 0.5 0.5 0.5 0.5 0.5 0.5 0.69357747 
Pedestrian 0.5 3 0 546.29706 169.90446 556.0901 202.28888 0.5 0.5 0.5 0.5 0.5 0.5 0.5 0.689759 
Car 0.5 3 0 454.99545 175.20657 468.8926 186.55891 0.5 0.5 0.5 0.5 0.5 0.5 0.5 0.6875897 
Car 0.5 3 0 407.38116 173.35304 418.53882 184.98183 0.5 0.5 0.5 0.5 0.5 0.5 0.5 0.5790475 
Car 0.5 3 0 316.75305 169.54478 377.13058 191.65683 0.5 0.5 0.5 0.5 0.5 0.5 0.5 0.51120216 
Pedestrian 0.5 3 0 957.6795 168.49242 972.615 181.01997 0.5 0.5 0.5 0.5 0.5 0.5 0.5 0.5089628 
