Car 0.5 3 0 206.72925 190.2106 351.52545 241.69452 0.5 0.5 0.5 0.5 0.5 0.5 0.5 0.9984628 
Pedestrian 0.5 3 0 1149.933 155.58939 1239.0131 337.13644 0.5 0.5 0.5 0.5 0.5 0.5 0.5 0.99524176 
Car 0.5 3 0 439.1034 180.39201 521.13 220.67903 0.5 0.5 0.5 0.5 0.5 0.5 0.5 0.9908234 
Car 0.5 3 0 573.5341 175.42155 625.5095 206.1835 0.5 0.5 0.5 0.5 0.5 0.5 0.5 0.9880862 
Car 0.5 3 0 500.49783 176.21245 546.1705 202.261 0.5 0.5 0.5 0.5 0.5 0.5 0.5 0.9817422 
Car 0.5 3 0 308.47717 183.35548 372.5813 214.6325 0.5 0.5 0.5 0.5 0.5 0.5 0.5 0.97988224 
Car 0.5 3 0 715.66626 176.10216 737.9153 193.07573 0.5 0.5 0.5 0.5 0.5 0.5 0.5 0.9592205 
Car 0.5 3 0 1044.3136 167.11156 1077.0995 180.39128 0.5 0.5 0.5 0.5 0.5 0.5 0.5 0.90995413 
Car 0.5 3 0 625.04456 178.05978 644.83624 192.47725 0.5 0.5 0.5 0.5 0.5 0.5 0.5 0.86157376 
Car 0.5 3 0 693.59973 178.6152 709.7447 186.25766 0.5 0.5 0.5 0.5 0.5 0.5 0.5 0.8121219 
Car 0.5 3 0 1103.5148 166.43272 1129.6658 179.25455 0.5 0.5 0.5 0.5 0.5 0.5 0.5 0.76102245 
Car 0.5 3 0 840.4288 166.4401 861.2854 177.824 0.5 0.5 0.5 0.5 0.5 0.5 0.5 0.6917344 
Car 0.5 3 0 1084.8053 166.56822 1106.5337 178.0416 0.5 0.5 0.5 0.5 0.5 0.5 0.5 0.6809212 
Car 0.5 3 0 42.047318 171.79335 110.86688 216.25436 0.5 0.5 0.5 0.5 0.5 0.5 0.5 0.6618867 
Car 0.5 3 0 1056.9706 168.11389 1083.4358 179.80301 0.5 0.5 0.5 0.5 0.5 0.5 0.5 0.6020551 
Car 0.5 3 0 1119.5299 167.59828 1134.6204 178.3967 0.5 0.5 0.5 0.5 0.5 0.5 0.5 0.58826876 
Car 0.5 3 0 919.19714 167.24779 940.8346 179.23393 0.5 0.5 0.5 0.5 0.5 0.5 0.5 0.55757445 
Car 0.5 3 0 1111.175 166.95844 1154.1895 178.91939 0.5 0.5 0.5 0.5 0.5 0.5 0.5 0.50295216 
