Car 0.5 3 0 1120.4198 158.05849 1154.4998 177.8568 0.5 0.5 0.5 0.5 0.5 0.5 0.5 0.98208594 
Car 0.5 3 0 653.183 174.75984 707.08514 205.94684 0.5 0.5 0.5 0.5 0.5 0.5 0.5 0.98097926 
Car 0.5 3 0 1152.6332 156.52814 1181.7979 176.2796 0.5 0.5 0.5 0.5 0.5 0.5 0.5 0.97064596 
Car 0.5 3 0 732.69073 174.11415 752.03595 187.53392 0.5 0.5 0.5 0.5 0.5 0.5 0.5 0.9630846 
Car 0.5 3 0 1184.1422 154.50113 1237.286 172.94739 0.5 0.5 0.5 0.5 0.5 0.5 0.5 0.96193093 
Car 0.5 3 0 1035.5398 159.8745 1066.1725 177.59955 0.5 0.5 0.5 0.5 0.5 0.5 0.5 0.9613253 
Car 0.5 3 0 1090.0842 159.72038 1122.8544 177.88367 0.5 0.5 0.5 0.5 0.5 0.5 0.5 0.94917196 
Car 0.5 3 0 890.0681 160.6377 918.72546 175.15797 0.5 0.5 0.5 0.5 0.5 0.5 0.5 0.89669347 
Car 0.5 3 0 1011.7415 160.80045 1037.3694 176.82445 0.5 0.5 0.5 0.5 0.5 0.5 0.5 0.89151096 
Car 0.5 3 0 831.1877 161.94579 872.9395 175.21065 0.5 0.5 0.5 0.5 0.5 0.5 0.5 0.8584848 
Car 0.5 3 0 696.438 172.45662 721.9564 192.53058 0.5 0.5 0.5 0.5 0.5 0.5 0.5 0.81413126 
Car 0.5 3 0 803.67664 162.18762 828.7677 175.07628 0.5 0.5 0.5 0.5 0.5 0.5 0.5 0.79790294 
Car 0.5 3 0 629.41003 177.91393 640.62634 187.66736 0.5 0.5 0.5 0.5 0.5 0.5 0.5 0.78382564 
Car 0.5 3 0 831.1756 162.79855 853.8554 173.90097 0.5 0.5 0.5 0.5 0.5 0.5 0.5 0.77996683 
Car 0.5 3 0 858.3282 162.19807 889.7115 174.84047 0.5 0.5 0.5 0.5 0.5 0.5 0.5 0.687025 
Car 0.5 3 0 547.08185 171.82687 568.221 197.23962 0.5 0.5 0.5 0.5 0.5 0.5 0.5 0.6519526 
Car 0.5 3 0 975.3375 162.22333 1013.0914 179.19495 0.5 0.5 0.5 0.5 0.5 0.5 0.5 0.6400881 
Car 0.5 3 0 802.93066 162.05122 820.0998 172.29121 0.5 0.5 0.5 0.5 0.5 0.5 0.5 0.5048695 
