Car 0.5 3 0 551.65186 175.05774 624.5833 216.36801 0.5 0.5 0.5 0.5 0.5 0.5 0.5 0.993893 
Car 0.5 3 0 1169.7444 156.00017 1201.6038 178.84843 0.5 0.5 0.5 0.5 0.5 0.5 0.5 0.9832118 
Car 0.5 3 0 1136.0276 157.75441 1171.9185 176.063 0.5 0.5 0.5 0.5 0.5 0.5 0.5 0.97287774 
Car 0.5 3 0 468.07135 181.24234 513.7392 207.50987 0.5 0.5 0.5 0.5 0.5 0.5 0.5 0.96687096 
Car 0.5 3 0 1202.0535 155.89839 1241.037 174.30562 0.5 0.5 0.5 0.5 0.5 0.5 0.5 0.9652383 
Car 0.5 3 0 1104.2823 159.30495 1137.2535 177.15463 0.5 0.5 0.5 0.5 0.5 0.5 0.5 0.9471841 
Car 0.5 3 0 1043.9036 159.05473 1073.7423 176.56676 0.5 0.5 0.5 0.5 0.5 0.5 0.5 0.9343438 
Car 0.5 3 0 520.8658 178.85147 547.4557 198.76344 0.5 0.5 0.5 0.5 0.5 0.5 0.5 0.90795195 
Car 0.5 3 0 826.64844 160.35707 875.0954 173.16635 0.5 0.5 0.5 0.5 0.5 0.5 0.5 0.877629 
Car 0.5 3 0 732.03046 167.32755 759.5826 192.29012 0.5 0.5 0.5 0.5 0.5 0.5 0.5 0.85035485 
Car 0.5 3 0 890.2912 157.27393 924.6992 173.84375 0.5 0.5 0.5 0.5 0.5 0.5 0.5 0.7281802 
Car 0.5 3 0 824.1798 161.21321 843.57733 171.81644 0.5 0.5 0.5 0.5 0.5 0.5 0.5 0.7211274 
Car 0.5 3 0 1034.4366 159.99445 1049.1166 175.8089 0.5 0.5 0.5 0.5 0.5 0.5 0.5 0.71174854 
Car 0.5 3 0 664.2399 160.83551 730.1142 213.61632 0.5 0.5 0.5 0.5 0.5 0.5 0.5 0.68377584 
Car 0.5 3 0 861.90027 160.46295 886.7219 172.42276 0.5 0.5 0.5 0.5 0.5 0.5 0.5 0.6029509 
Car 0.5 3 0 969.70483 161.31494 1001.5173 176.31216 0.5 0.5 0.5 0.5 0.5 0.5 0.5 0.5488671 
