Car 0.5 3 0 567.8521 175.653 670.27234 235.50218 0.5 0.5 0.5 0.5 0.5 0.5 0.5 0.996618 
Car 0.5 3 0 1170.4672 155.90279 1202.6554 177.71324 0.5 0.5 0.5 0.5 0.5 0.5 0.5 0.9753339 
Car 0.5 3 0 1136.3864 158.13799 1171.9783 175.93352 0.5 0.5 0.5 0.5 0.5 0.5 0.5 0.9668123 
Car 0.5 3 0 1201.6595 155.09052 1241.5132 174.34799 0.5 0.5 0.5 0.5 0.5 0.5 0.5 0.9607645 
Car 0.5 3 0 690.61237 172.15698 714.2091 189.22778 0.5 0.5 0.5 0.5 0.5 0.5 0.5 0.95042264 
Car 0.5 3 0 1104.7633 159.23657 1137.1677 177.02379 0.5 0.5 0.5 0.5 0.5 0.5 0.5 0.93167317 
Car 0.5 3 0 1044.3179 159.17688 1075.4836 176.77559 0.5 0.5 0.5 0.5 0.5 0.5 0.5 0.9239291 
Car 0.5 3 0 826.34985 160.34306 876.64966 173.05258 0.5 0.5 0.5 0.5 0.5 0.5 0.5 0.9023671 
Car 0.5 3 0 518.71594 178.97032 542.4466 198.79024 0.5 0.5 0.5 0.5 0.5 0.5 0.5 0.87400234 
Car 0.5 3 0 295.59357 193.12529 315.24405 207.64526 0.5 0.5 0.5 0.5 0.5 0.5 0.5 0.8192605 
Car 0.5 3 0 1034.0027 160.10938 1048.7565 175.98499 0.5 0.5 0.5 0.5 0.5 0.5 0.5 0.7870139 
Car 0.5 3 0 890.40826 156.8724 926.1835 173.77316 0.5 0.5 0.5 0.5 0.5 0.5 0.5 0.7814535 
Car 0.5 3 0 643.03046 174.40218 669.6853 194.60837 0.5 0.5 0.5 0.5 0.5 0.5 0.5 0.70782965 
Car 0.5 3 0 825.8334 161.35115 846.2854 171.22977 0.5 0.5 0.5 0.5 0.5 0.5 0.5 0.682194 
Car 0.5 3 0 861.5126 160.38054 887.416 172.93112 0.5 0.5 0.5 0.5 0.5 0.5 0.5 0.6056164 
Car 0.5 3 0 969.30444 161.64885 1000.1363 177.70357 0.5 0.5 0.5 0.5 0.5 0.5 0.5 0.58444506 
Car 0.5 3 0 543.6063 179.25674 564.8784 193.82965 0.5 0.5 0.5 0.5 0.5 0.5 0.5 0.5588267 
Car 0.5 3 0 670.76196 173.57352 686.4232 183.79259 0.5 0.5 0.5 0.5 0.5 0.5 0.5 0.5073617 
