Car 0.5 3 0 36.354774 196.37216 349.77173 305.87573 0.5 0.5 0.5 0.5 0.5 0.5 0.5 0.9980692 
Car 0.5 3 0 352.63638 182.09053 424.26556 218.81514 0.5 0.5 0.5 0.5 0.5 0.5 0.5 0.9960969 
Car 0.5 3 0 1169.6853 153.31693 1200.6135 174.63234 0.5 0.5 0.5 0.5 0.5 0.5 0.5 0.98798954 
Car 0.5 3 0 614.497 172.19432 667.7143 206.18797 0.5 0.5 0.5 0.5 0.5 0.5 0.5 0.9859757 
Car 0.5 3 0 1200.8986 152.04312 1241.11 172.61967 0.5 0.5 0.5 0.5 0.5 0.5 0.5 0.9767721 
Car 0.5 3 0 737.28766 166.56032 752.38934 188.45142 0.5 0.5 0.5 0.5 0.5 0.5 0.5 0.97402376 
Car 0.5 3 0 1134.4224 155.61295 1171.4347 173.13618 0.5 0.5 0.5 0.5 0.5 0.5 0.5 0.95738167 
Car 0.5 3 0 1104.0773 157.24553 1136.4281 175.08432 0.5 0.5 0.5 0.5 0.5 0.5 0.5 0.95307404 
Car 0.5 3 0 1044.0016 156.91745 1073.4512 174.56778 0.5 0.5 0.5 0.5 0.5 0.5 0.5 0.93760014 
Car 0.5 3 0 830.27826 156.98758 886.2086 171.38017 0.5 0.5 0.5 0.5 0.5 0.5 0.5 0.91382885 
Car 0.5 3 0 890.80145 155.14307 919.9112 171.6165 0.5 0.5 0.5 0.5 0.5 0.5 0.5 0.8551813 
Car 0.5 3 0 296.9397 191.05301 316.68613 206.00992 0.5 0.5 0.5 0.5 0.5 0.5 0.5 0.84250516 
Car 0.5 3 0 824.67303 158.29813 858.43567 170.823 0.5 0.5 0.5 0.5 0.5 0.5 0.5 0.74338573 
Car 0.5 3 0 1027.8761 157.7231 1046.4424 171.58272 0.5 0.5 0.5 0.5 0.5 0.5 0.5 0.7406775 
Car 0.5 3 0 332.17346 177.28915 354.55432 196.87938 0.5 0.5 0.5 0.5 0.5 0.5 0.5 0.6411213 
Car 0.5 3 0 445.83847 162.56314 509.72702 208.34998 0.5 0.5 0.5 0.5 0.5 0.5 0.5 0.61802936 
Car 0.5 3 0 507.50546 172.04309 528.5759 192.19855 0.5 0.5 0.5 0.5 0.5 0.5 0.5 0.56026495 
Car 0.5 3 0 947.23126 167.62303 968.2499 177.52634 0.5 0.5 0.5 0.5 0.5 0.5 0.5 0.5111153 
