Car 0.5 3 0 204.45058 181.85393 335.9098 225.98036 0.5 0.5 0.5 0.5 0.5 0.5 0.5 0.99630773 
Car 0.5 3 0 571.298 176.54706 623.82684 202.53452 0.5 0.5 0.5 0.5 0.5 0.5 0.5 0.99458826 
Pedestrian 0.5 3 0 887.52716 166.47676 924.78955 247.70384 0.5 0.5 0.5 0.5 0.5 0.5 0.5 0.99161583 
Car 0.5 3 0 432.69095 177.11604 514.1091 212.17906 0.5 0.5 0.5 0.5 0.5 0.5 0.5 0.9900754 
Car 0.5 3 0 614.80835 174.42148 647.35736 194.64276 0.5 0.5 0.5 0.5 0.5 0.5 0.5 0.98135734 
Car 0.5 3 0 532.0708 177.15741 568.7819 197.01149 0.5 0.5 0.5 0.5 0.5 0.5 0.5 0.97749555 
Car 0.5 3 0 297.18417 169.47263 400.15356 207.83546 0.5 0.5 0.5 0.5 0.5 0.5 0.5 0.9659299 
Car 0.5 3 0 764.0949 173.20442 799.60675 191.3681 0.5 0.5 0.5 0.5 0.5 0.5 0.5 0.89897615 
Pedestrian 0.5 3 0 827.03204 158.40666 837.42487 188.6471 0.5 0.5 0.5 0.5 0.5 0.5 0.5 0.8126238 
Car 0.5 3 0 1011.86383 170.10056 1046.3259 181.84312 0.5 0.5 0.5 0.5 0.5 0.5 0.5 0.8026869 
Car 0.5 3 0 661.7922 174.20926 681.47876 189.76468 0.5 0.5 0.5 0.5 0.5 0.5 0.5 0.79245585 
Car 0.5 3 0 1087.1158 171.6216 1107.6218 181.48793 0.5 0.5 0.5 0.5 0.5 0.5 0.5 0.66968197 
Car 0.5 3 0 1165.2825 169.81311 1192.8625 181.75462 0.5 0.5 0.5 0.5 0.5 0.5 0.5 0.6609528 
Car 0.5 3 0 1103.2429 170.80028 1124.2175 180.70366 0.5 0.5 0.5 0.5 0.5 0.5 0.5 0.61879873 
Car 0.5 3 0 1121.1808 169.75087 1136.0505 180.18944 0.5 0.5 0.5 0.5 0.5 0.5 0.5 0.52964747 
Car 0.5 3 0 1067.334 169.88602 1105.3674 181.8375 0.5 0.5 0.5 0.5 0.5 0.5 0.5 0.51169246 
