Car 0.5 3 0 1170.412 155.95612 1203.0299 177.86617 0.5 0.5 0.5 0.5 0.5 0.5 0.5 0.97801137 
Car 0.5 3 0 1201.725 154.88948 1241.4044 174.32066 0.5 0.5 0.5 0.5 0.5 0.5 0.5 0.9672688 
Car 0.5 3 0 1136.3663 158.17079 1171.8152 175.88562 0.5 0.5 0.5 0.5 0.5 0.5 0.5 0.96676105 
Car 0.5 3 0 635.78864 173.1851 707.4642 218.10077 0.5 0.5 0.5 0.5 0.5 0.5 0.5 0.9530922 
Car 0.5 3 0 692.01544 172.27225 715.14484 189.1052 0.5 0.5 0.5 0.5 0.5 0.5 0.5 0.95269793 
Car 0.5 3 0 1104.3728 159.3758 1137.2352 177.10674 0.5 0.5 0.5 0.5 0.5 0.5 0.5 0.94219977 
Car 0.5 3 0 1044.379 159.13376 1075.6251 176.87956 0.5 0.5 0.5 0.5 0.5 0.5 0.5 0.9294263 
Car 0.5 3 0 826.5891 160.18695 876.9283 172.99536 0.5 0.5 0.5 0.5 0.5 0.5 0.5 0.9091547 
Car 0.5 3 0 510.519 179.40347 535.87585 202.22145 0.5 0.5 0.5 0.5 0.5 0.5 0.5 0.8949885 
Car 0.5 3 0 890.2986 156.92653 925.53406 173.72906 0.5 0.5 0.5 0.5 0.5 0.5 0.5 0.7596845 
Car 0.5 3 0 1033.7722 160.13411 1048.5153 176.1754 0.5 0.5 0.5 0.5 0.5 0.5 0.5 0.75800514 
Car 0.5 3 0 859.8063 160.25731 888.5949 172.51698 0.5 0.5 0.5 0.5 0.5 0.5 0.5 0.7425355 
Car 0.5 3 0 825.638 161.24486 845.8527 171.26474 0.5 0.5 0.5 0.5 0.5 0.5 0.5 0.69351965 
Car 0.5 3 0 544.27576 179.56357 564.73474 194.35391 0.5 0.5 0.5 0.5 0.5 0.5 0.5 0.62283224 
