Car 0.5 3 0 260.4058 177.02509 341.45944 214.44618 0.5 0.5 0.5 0.5 0.5 0.5 0.5 0.9844885 
Car 0.5 3 0 441.87766 171.25063 521.03516 203.84843 0.5 0.5 0.5 0.5 0.5 0.5 0.5 0.9785704 
Car 0.5 3 0 581.4467 171.69296 632.56415 199.04799 0.5 0.5 0.5 0.5 0.5 0.5 0.5 0.9740491 
Pedestrian 0.5 3 0 867.70215 168.63054 890.40356 232.2828 0.5 0.5 0.5 0.5 0.5 0.5 0.5 0.9700909 
Car 0.5 3 0 662.1455 171.9212 688.33954 189.22322 0.5 0.5 0.5 0.5 0.5 0.5 0.5 0.94992477 
Car 0.5 3 0 776.7461 170.16153 816.87805 190.56049 0.5 0.5 0.5 0.5 0.5 0.5 0.5 0.9330214 
Car 0.5 3 0 921.2725 166.61215 951.26514 178.07928 0.5 0.5 0.5 0.5 0.5 0.5 0.5 0.9076484 
Car 0.5 3 0 421.84656 165.6941 493.84418 196.89372 0.5 0.5 0.5 0.5 0.5 0.5 0.5 0.88434815 
Pedestrian 0.5 3 0 567.6117 169.78389 579.23 202.77539 0.5 0.5 0.5 0.5 0.5 0.5 0.5 0.7670656 
Car 0.5 3 0 699.6939 172.22058 719.2046 184.80066 0.5 0.5 0.5 0.5 0.5 0.5 0.5 0.73535717 
Car 0.5 3 0 1037.9834 170.88321 1055.0448 180.81021 0.5 0.5 0.5 0.5 0.5 0.5 0.5 0.65172404 
Car 0.5 3 0 977.4673 168.81264 1002.5476 179.0836 0.5 0.5 0.5 0.5 0.5 0.5 0.5 0.6346054 
Car 0.5 3 0 1131.8278 170.46257 1152.0729 180.94894 0.5 0.5 0.5 0.5 0.5 0.5 0.5 0.60800594 
Car 0.5 3 0 837.9939 169.29582 854.1302 185.1671 0.5 0.5 0.5 0.5 0.5 0.5 0.5 0.57093525 
Car 0.5 3 0 1013.53265 170.03676 1039.1241 182.41591 0.5 0.5 0.5 0.5 0.5 0.5 0.5 0.55748564 
