Car 0.5 3 0 253.94623 174.30775 356.73392 209.26045 0.5 0.5 0.5 0.5 0.5 0.5 0.5 0.995767 
Car 0.5 3 0 457.35443 171.62398 532.539 201.13243 0.5 0.5 0.5 0.5 0.5 0.5 0.5 0.993753 
Pedestrian 0.5 3 0 850.0631 169.1513 870.2236 216.88025 0.5 0.5 0.5 0.5 0.5 0.5 0.5 0.98189086 
Car 0.5 3 0 686.14685 174.11797 714.64154 186.74287 0.5 0.5 0.5 0.5 0.5 0.5 0.5 0.96117944 
Car 0.5 3 0 570.15735 167.04549 625.04803 190.71124 0.5 0.5 0.5 0.5 0.5 0.5 0.5 0.93205005 
Car 0.5 3 0 811.7329 172.00731 849.17737 191.76958 0.5 0.5 0.5 0.5 0.5 0.5 0.5 0.886656 
Car 0.5 3 0 330.5731 170.74016 370.02444 188.88661 0.5 0.5 0.5 0.5 0.5 0.5 0.5 0.84631795 
Car 0.5 3 0 733.1759 172.77832 757.55347 187.96317 0.5 0.5 0.5 0.5 0.5 0.5 0.5 0.8283326 
Car 0.5 3 0 585.01056 170.02194 647.4593 195.89816 0.5 0.5 0.5 0.5 0.5 0.5 0.5 0.7615134 
Car 0.5 3 0 986.3572 169.62791 1010.00946 180.30397 0.5 0.5 0.5 0.5 0.5 0.5 0.5 0.63871527 
Car 0.5 3 0 762.0361 175.30334 779.4599 185.19258 0.5 0.5 0.5 0.5 0.5 0.5 0.5 0.5424086 
Car 0.5 3 0 0.8348291 166.89728 83.85953 204.40108 0.5 0.5 0.5 0.5 0.5 0.5 0.5 0.50423837 
