Car 0.5 3 0 611.4643 187.02702 656.5567 219.185 0.5 0.5 0.5 0.5 0.5 0.5 0.5 0.985414 
Car 0.5 3 0 1154.3107 179.50264 1192.2997 200.7792 0.5 0.5 0.5 0.5 0.5 0.5 0.5 0.9829237 
Car 0.5 3 0 1017.7035 180.00655 1048.7152 198.27753 0.5 0.5 0.5 0.5 0.5 0.5 0.5 0.9618084 
Car 0.5 3 0 1188.6908 179.4488 1235.8038 199.92271 0.5 0.5 0.5 0.5 0.5 0.5 0.5 0.9605853 
Car 0.5 3 0 1117.138 178.4401 1158.6152 200.13174 0.5 0.5 0.5 0.5 0.5 0.5 0.5 0.95874584 
Car 0.5 3 0 989.90326 179.47452 1018.40027 196.74069 0.5 0.5 0.5 0.5 0.5 0.5 0.5 0.937575 
Car 0.5 3 0 205.6199 202.88873 229.40033 217.53944 0.5 0.5 0.5 0.5 0.5 0.5 0.5 0.9125384 
Car 0.5 3 0 746.988 175.05403 776.88446 190.074 0.5 0.5 0.5 0.5 0.5 0.5 0.5 0.885182 
Car 0.5 3 0 413.4265 186.47226 432.4045 202.55278 0.5 0.5 0.5 0.5 0.5 0.5 0.5 0.829357 
Car 0.5 3 0 746.21893 176.81644 761.1132 188.99202 0.5 0.5 0.5 0.5 0.5 0.5 0.5 0.82709616 
Car 0.5 3 0 1047.9854 179.38333 1076.2596 198.18427 0.5 0.5 0.5 0.5 0.5 0.5 0.5 0.82152617 
Car 0.5 3 0 785.4063 177.62694 820.05786 188.75948 0.5 0.5 0.5 0.5 0.5 0.5 0.5 0.8085626 
Pedestrian 0.5 3 0 233.8587 190.87726 251.88806 238.63503 0.5 0.5 0.5 0.5 0.5 0.5 0.5 0.8072465 
Car 0.5 3 0 849.927 175.77101 882.68524 192.23186 0.5 0.5 0.5 0.5 0.5 0.5 0.5 0.8054518 
Car 0.5 3 0 782.9683 177.97214 803.55756 188.41925 0.5 0.5 0.5 0.5 0.5 0.5 0.5 0.68767726 
Car 0.5 3 0 415.0083 185.773 449.4161 203.10405 0.5 0.5 0.5 0.5 0.5 0.5 0.5 0.6858454 
Car 0.5 3 0 643.7389 177.21513 663.29114 197.83177 0.5 0.5 0.5 0.5 0.5 0.5 0.5 0.63788307 
Car 0.5 3 0 898.188 180.36041 938.0413 195.48862 0.5 0.5 0.5 0.5 0.5 0.5 0.5 0.59919965 
Car 0.5 3 0 206.47545 200.45819 251.47125 218.7992 0.5 0.5 0.5 0.5 0.5 0.5 0.5 0.5516806 
Car 0.5 3 0 759.81915 174.84187 779.82605 189.26613 0.5 0.5 0.5 0.5 0.5 0.5 0.5 0.537061 
Pedestrian 0.5 3 0 374.95566 196.87032 385.45233 223.88896 0.5 0.5 0.5 0.5 0.5 0.5 0.5 0.5012919 
