Car 0.5 3 0 577.236 173.88824 642.4908 211.47617 0.5 0.5 0.5 0.5 0.5 0.5 0.5 0.9839135 
Car 0.5 3 0 1170.0282 156.01306 1201.5009 178.09789 0.5 0.5 0.5 0.5 0.5 0.5 0.5 0.9788776 
Car 0.5 3 0 1136.2183 157.67258 1172.1312 176.06657 0.5 0.5 0.5 0.5 0.5 0.5 0.5 0.97484255 
Car 0.5 3 0 218.59204 189.95319 281.98047 239.47026 0.5 0.5 0.5 0.5 0.5 0.5 0.5 0.96761537 
Car 0.5 3 0 1201.8762 155.71675 1241.077 174.32211 0.5 0.5 0.5 0.5 0.5 0.5 0.5 0.96079224 
Car 0.5 3 0 1104.2449 159.53226 1137.5327 177.20407 0.5 0.5 0.5 0.5 0.5 0.5 0.5 0.9394746 
Car 0.5 3 0 1044.0203 158.98451 1075.3728 176.88094 0.5 0.5 0.5 0.5 0.5 0.5 0.5 0.9347647 
Car 0.5 3 0 826.1382 160.35631 875.84607 173.29912 0.5 0.5 0.5 0.5 0.5 0.5 0.5 0.89750445 
Car 0.5 3 0 539.15796 172.94057 567.27747 197.16005 0.5 0.5 0.5 0.5 0.5 0.5 0.5 0.88185495 
Car 0.5 3 0 514.5581 179.35481 542.4364 201.17926 0.5 0.5 0.5 0.5 0.5 0.5 0.5 0.8702225 
Car 0.5 3 0 734.08093 167.63577 760.12317 190.85922 0.5 0.5 0.5 0.5 0.5 0.5 0.5 0.8476378 
Car 0.5 3 0 859.6101 160.2454 888.6725 172.71095 0.5 0.5 0.5 0.5 0.5 0.5 0.5 0.7358265 
Car 0.5 3 0 890.2347 157.15425 925.2377 173.80573 0.5 0.5 0.5 0.5 0.5 0.5 0.5 0.7268282 
Car 0.5 3 0 825.64417 161.43494 846.0281 171.4294 0.5 0.5 0.5 0.5 0.5 0.5 0.5 0.7120493 
Car 0.5 3 0 1034.4053 160.47359 1047.8646 175.35722 0.5 0.5 0.5 0.5 0.5 0.5 0.5 0.6468823 
Car 0.5 3 0 681.00073 161.49234 737.1422 208.86841 0.5 0.5 0.5 0.5 0.5 0.5 0.5 0.6140891 
