Car 0.5 3 0 286.0597 187.7521 468.2251 264.77612 0.5 0.5 0.5 0.5 0.5 0.5 0.5 0.99015886 
Car 0.5 3 0 247.763 184.25298 336.66348 231.10384 0.5 0.5 0.5 0.5 0.5 0.5 0.5 0.98514056 
Car 0.5 3 0 643.48505 172.7849 681.4542 199.87401 0.5 0.5 0.5 0.5 0.5 0.5 0.5 0.98293704 
Car 0.5 3 0 1171.147 154.342 1203.9027 174.02876 0.5 0.5 0.5 0.5 0.5 0.5 0.5 0.9805288 
Car 0.5 3 0 1201.5469 152.94398 1241.6526 173.2304 0.5 0.5 0.5 0.5 0.5 0.5 0.5 0.97726655 
Car 0.5 3 0 1136.2544 154.60193 1174.1128 173.9797 0.5 0.5 0.5 0.5 0.5 0.5 0.5 0.9550628 
Car 0.5 3 0 1104.5293 157.46175 1138.0746 175.5294 0.5 0.5 0.5 0.5 0.5 0.5 0.5 0.9542239 
Car 0.5 3 0 1044.0701 157.2672 1073.7789 175.31104 0.5 0.5 0.5 0.5 0.5 0.5 0.5 0.9097775 
Car 0.5 3 0 830.4584 157.21501 885.8508 171.70323 0.5 0.5 0.5 0.5 0.5 0.5 0.5 0.90220165 
Car 0.5 3 0 684.8662 169.45303 709.7598 189.05022 0.5 0.5 0.5 0.5 0.5 0.5 0.5 0.8967417 
Car 0.5 3 0 890.01874 154.71635 926.21655 172.2052 0.5 0.5 0.5 0.5 0.5 0.5 0.5 0.77976215 
Car 0.5 3 0 1034.887 158.0879 1049.1381 173.77191 0.5 0.5 0.5 0.5 0.5 0.5 0.5 0.7056587 
Car 0.5 3 0 401.48355 161.10318 481.15 210.72826 0.5 0.5 0.5 0.5 0.5 0.5 0.5 0.6683474 
Car 0.5 3 0 969.6291 159.48157 1000.39606 177.47931 0.5 0.5 0.5 0.5 0.5 0.5 0.5 0.6669315 
Car 0.5 3 0 618.3742 171.92366 639.0805 182.15634 0.5 0.5 0.5 0.5 0.5 0.5 0.5 0.6421601 
Car 0.5 3 0 947.08673 168.5328 968.59143 178.06725 0.5 0.5 0.5 0.5 0.5 0.5 0.5 0.64005077 
Car 0.5 3 0 480.53326 172.77484 495.283 189.21501 0.5 0.5 0.5 0.5 0.5 0.5 0.5 0.5370345 
Car 0.5 3 0 824.7162 158.6908 859.6005 171.05913 0.5 0.5 0.5 0.5 0.5 0.5 0.5 0.53524315 
