Car 0.5 3 0 609.5202 185.23732 653.6184 216.97116 0.5 0.5 0.5 0.5 0.5 0.5 0.5 0.98932624 
Car 0.5 3 0 1151.4963 178.3329 1189.97 199.88344 0.5 0.5 0.5 0.5 0.5 0.5 0.5 0.9814015 
Car 0.5 3 0 1014.3154 179.04442 1042.2522 197.04172 0.5 0.5 0.5 0.5 0.5 0.5 0.5 0.95675915 
Car 0.5 3 0 984.76996 178.29378 1014.862 196.1037 0.5 0.5 0.5 0.5 0.5 0.5 0.5 0.95104223 
Car 0.5 3 0 1189.5931 179.64116 1232.9917 198.81195 0.5 0.5 0.5 0.5 0.5 0.5 0.5 0.92862874 
Car 0.5 3 0 740.78955 173.43553 774.9874 188.43971 0.5 0.5 0.5 0.5 0.5 0.5 0.5 0.9260335 
Car 0.5 3 0 1123.7529 177.35901 1154.2095 198.71 0.5 0.5 0.5 0.5 0.5 0.5 0.5 0.89788324 
Car 0.5 3 0 193.75331 201.28607 227.88301 218.71657 0.5 0.5 0.5 0.5 0.5 0.5 0.5 0.8818959 
Car 0.5 3 0 845.9753 175.21976 874.4645 190.36761 0.5 0.5 0.5 0.5 0.5 0.5 0.5 0.8381341 
Car 0.5 3 0 785.60767 176.14366 820.691 187.76944 0.5 0.5 0.5 0.5 0.5 0.5 0.5 0.83684766 
Car 0.5 3 0 778.53656 176.97925 797.6799 186.41628 0.5 0.5 0.5 0.5 0.5 0.5 0.5 0.80974543 
Car 0.5 3 0 1042.3729 179.72815 1072.7034 197.2352 0.5 0.5 0.5 0.5 0.5 0.5 0.5 0.7941207 
Car 0.5 3 0 638.1404 177.15614 656.177 201.88191 0.5 0.5 0.5 0.5 0.5 0.5 0.5 0.71936417 
Car 0.5 3 0 741.05505 175.06062 756.8283 186.94765 0.5 0.5 0.5 0.5 0.5 0.5 0.5 0.7105475 
Car 0.5 3 0 408.4446 186.10594 426.79028 202.82106 0.5 0.5 0.5 0.5 0.5 0.5 0.5 0.6616235 
Car 0.5 3 0 894.1568 178.21953 929.88245 194.15237 0.5 0.5 0.5 0.5 0.5 0.5 0.5 0.6519501 
Car 0.5 3 0 410.66385 186.45776 444.05298 204.14424 0.5 0.5 0.5 0.5 0.5 0.5 0.5 0.58502674 
Car 0.5 3 0 468.56342 185.79515 481.73703 195.37872 0.5 0.5 0.5 0.5 0.5 0.5 0.5 0.54840904 
Car 0.5 3 0 1077.1593 185.82703 1095.378 201.11295 0.5 0.5 0.5 0.5 0.5 0.5 0.5 0.52559364 
Car 0.5 3 0 875.2887 177.13585 901.1376 191.323 0.5 0.5 0.5 0.5 0.5 0.5 0.5 0.5196056 
Pedestrian 0.5 3 0 364.68845 195.63243 375.30472 223.04602 0.5 0.5 0.5 0.5 0.5 0.5 0.5 0.50998676 
Pedestrian 0.5 3 0 221.08545 197.17868 237.04291 239.949 0.5 0.5 0.5 0.5 0.5 0.5 0.5 0.5093341 
