Car 0.5 3 0 1.0311745 203.45956 238.8299 348.13342 0.5 0.5 0.5 0.5 0.5 0.5 0.5 0.99743456 
Car 0.5 3 0 1167.9708 157.38704 1203.9977 178.78171 0.5 0.5 0.5 0.5 0.5 0.5 0.5 0.9856631 
Car 0.5 3 0 1202.2162 157.85289 1240.408 176.38719 0.5 0.5 0.5 0.5 0.5 0.5 0.5 0.96622413 
Car 0.5 3 0 1135.9929 160.95004 1171.0801 177.01422 0.5 0.5 0.5 0.5 0.5 0.5 0.5 0.96419764 
Car 0.5 3 0 129.8683 172.52324 296.9171 244.60568 0.5 0.5 0.5 0.5 0.5 0.5 0.5 0.93585414 
Car 0.5 3 0 1105.3588 160.29729 1137.6709 178.3124 0.5 0.5 0.5 0.5 0.5 0.5 0.5 0.9111512 
Car 0.5 3 0 720.9169 170.54245 738.31696 185.59322 0.5 0.5 0.5 0.5 0.5 0.5 0.5 0.90153974 
Car 0.5 3 0 1043.3586 160.67047 1076.2017 178.09583 0.5 0.5 0.5 0.5 0.5 0.5 0.5 0.89873254 
Car 0.5 3 0 733.1293 172.6343 755.17163 189.38676 0.5 0.5 0.5 0.5 0.5 0.5 0.5 0.8905013 
Car 0.5 3 0 686.094 174.14917 697.26526 188.07071 0.5 0.5 0.5 0.5 0.5 0.5 0.5 0.8587733 
Car 0.5 3 0 829.1909 161.48961 880.5858 174.39755 0.5 0.5 0.5 0.5 0.5 0.5 0.5 0.8372287 
Car 0.5 3 0 295.83154 194.11142 315.02078 209.55307 0.5 0.5 0.5 0.5 0.5 0.5 0.5 0.8348392 
Car 0.5 3 0 403.84076 166.59995 481.07822 217.24728 0.5 0.5 0.5 0.5 0.5 0.5 0.5 0.8254933 
Car 0.5 3 0 480.8755 176.93617 499.2159 193.06796 0.5 0.5 0.5 0.5 0.5 0.5 0.5 0.7828505 
Car 0.5 3 0 888.53485 159.04874 925.15314 175.56233 0.5 0.5 0.5 0.5 0.5 0.5 0.5 0.77819085 
Car 0.5 3 0 824.2155 162.67935 844.24207 172.58916 0.5 0.5 0.5 0.5 0.5 0.5 0.5 0.717757 
Car 0.5 3 0 330.10953 180.59872 350.32657 200.11737 0.5 0.5 0.5 0.5 0.5 0.5 0.5 0.67162097 
Car 0.5 3 0 1035.83 162.06674 1047.2822 175.80179 0.5 0.5 0.5 0.5 0.5 0.5 0.5 0.6611267 
Car 0.5 3 0 858.815 161.2215 886.6345 174.41057 0.5 0.5 0.5 0.5 0.5 0.5 0.5 0.6212503 
Pedestrian 0.5 3 0 356.45145 185.68195 376.09137 219.39908 0.5 0.5 0.5 0.5 0.5 0.5 0.5 0.5514457 
Car 0.5 3 0 837.3008 162.82674 859.2106 173.69102 0.5 0.5 0.5 0.5 0.5 0.5 0.5 0.5461898 
Car 0.5 3 0 351.97977 183.83633 386.8042 204.96071 0.5 0.5 0.5 0.5 0.5 0.5 0.5 0.5407808 
