Cyclist 0.5 3 0 808.8806 227.3628 1068.7977 373.80304 0.5 0.5 0.5 0.5 0.5 0.5 0.5 0.99768794 
Pedestrian 0.5 3 0 896.97003 135.4014 985.23535 369.96252 0.5 0.5 0.5 0.5 0.5 0.5 0.5 0.99694914 
Pedestrian 0.5 3 0 792.9251 163.781 854.03186 320.26883 0.5 0.5 0.5 0.5 0.5 0.5 0.5 0.9873848 
Pedestrian 0.5 3 0 733.9279 176.43864 779.78156 298.27783 0.5 0.5 0.5 0.5 0.5 0.5 0.5 0.98564154 
Car 0.5 3 0 0.18052895 213.07063 65.0977 292.49432 0.5 0.5 0.5 0.5 0.5 0.5 0.5 0.9749348 
Car 0.5 3 0 358.3202 186.47243 421.33362 219.3667 0.5 0.5 0.5 0.5 0.5 0.5 0.5 0.93998855 
Car 0.5 3 0 592.38464 176.65044 621.37994 201.78545 0.5 0.5 0.5 0.5 0.5 0.5 0.5 0.9109588 
Car 0.5 3 0 497.74524 181.9781 520.3921 197.72922 0.5 0.5 0.5 0.5 0.5 0.5 0.5 0.90328234 
Cyclist 0.5 3 0 1018.0898 199.53226 1083.5167 256.22037 0.5 0.5 0.5 0.5 0.5 0.5 0.5 0.84245074 
Pedestrian 0.5 3 0 830.60364 145.8904 877.42584 233.02852 0.5 0.5 0.5 0.5 0.5 0.5 0.5 0.8421479 
Pedestrian 0.5 3 0 56.566532 196.50381 83.22695 241.80962 0.5 0.5 0.5 0.5 0.5 0.5 0.5 0.82694846 
Cyclist 0.5 3 0 762.89246 231.6981 823.2845 310.31873 0.5 0.5 0.5 0.5 0.5 0.5 0.5 0.67206514 
Pedestrian 0.5 3 0 96.389854 196.22754 111.553444 233.94171 0.5 0.5 0.5 0.5 0.5 0.5 0.5 0.50880957 
