Pedestrian 0.5 3 0 685.6276 158.37859 707.26434 216.87645 0.5 0.5 0.5 0.5 0.5 0.5 0.5 0.99580187 
Car 0.5 3 0 577.9847 171.83357 603.3845 195.88872 0.5 0.5 0.5 0.5 0.5 0.5 0.5 0.9653315 
Car 0.5 3 0 492.81757 175.30064 511.87534 189.85852 0.5 0.5 0.5 0.5 0.5 0.5 0.5 0.77131283 
Pedestrian 0.5 3 0 48.086353 164.02354 66.208305 178.62479 0.5 0.5 0.5 0.5 0.5 0.5 0.5 0.7342026 
Car 0.5 3 0 464.97473 173.08347 493.1957 191.09775 0.5 0.5 0.5 0.5 0.5 0.5 0.5 0.6602382 
Pedestrian 0.5 3 0 115.78163 166.0583 127.55047 176.76962 0.5 0.5 0.5 0.5 0.5 0.5 0.5 0.6092235 
Pedestrian 0.5 3 0 77.766556 163.13858 96.99503 177.18796 0.5 0.5 0.5 0.5 0.5 0.5 0.5 0.6001877 
Pedestrian 0.5 3 0 9.787163 163.19746 30.03158 179.09535 0.5 0.5 0.5 0.5 0.5 0.5 0.5 0.5721285 
Pedestrian 0.5 3 0 34.985302 168.55617 48.201874 179.95998 0.5 0.5 0.5 0.5 0.5 0.5 0.5 0.55709404 
Cyclist 0.5 3 0 687.8302 177.96062 704.69507 219.29324 0.5 0.5 0.5 0.5 0.5 0.5 0.5 0.50599855 
