Pedestrian 0.5 3 0 1106.278 157.11082 1239.659 374.78882 0.5 0.5 0.5 0.5 0.5 0.5 0.5 0.9981205 
Pedestrian 0.5 3 0 850.8993 185.62521 938.9296 373.9855 0.5 0.5 0.5 0.5 0.5 0.5 0.5 0.99798644 
Car 0.5 3 0 330.6032 189.25636 378.4676 221.6092 0.5 0.5 0.5 0.5 0.5 0.5 0.5 0.95216644 
Car 0.5 3 0 593.4318 182.62756 622.54675 207.83284 0.5 0.5 0.5 0.5 0.5 0.5 0.5 0.9517725 
Cyclist 0.5 3 0 926.3756 255.44693 1068.1031 374.60446 0.5 0.5 0.5 0.5 0.5 0.5 0.5 0.93979466 
Car 0.5 3 0 478.15598 186.78366 507.08737 204.75293 0.5 0.5 0.5 0.5 0.5 0.5 0.5 0.92912173 
Pedestrian 0.5 3 0 987.1217 124.40354 1142.7004 282.7515 0.5 0.5 0.5 0.5 0.5 0.5 0.5 0.9160055 
Car 0.5 3 0 264.1082 194.73296 358.80637 241.29312 0.5 0.5 0.5 0.5 0.5 0.5 0.5 0.90636635 
Pedestrian 0.5 3 0 40.364628 195.21898 62.609524 244.02937 0.5 0.5 0.5 0.5 0.5 0.5 0.5 0.74183834 
Car 0.5 3 0 543.638 185.01085 554.01575 194.28671 0.5 0.5 0.5 0.5 0.5 0.5 0.5 0.6986287 
Car 0.5 3 0 16.95524 204.24039 71.02289 225.46655 0.5 0.5 0.5 0.5 0.5 0.5 0.5 0.50432074 
