Cyclist 0.5 3 0 766.2118 221.58205 961.42316 338.0891 0.5 0.5 0.5 0.5 0.5 0.5 0.5 0.99781847 
Pedestrian 0.5 3 0 834.3652 136.70604 913.14984 336.6506 0.5 0.5 0.5 0.5 0.5 0.5 0.5 0.99601305 
Pedestrian 0.5 3 0 38.075535 177.86926 88.31837 326.59286 0.5 0.5 0.5 0.5 0.5 0.5 0.5 0.9936806 
Pedestrian 0.5 3 0 715.3678 170.17737 751.0344 278.89645 0.5 0.5 0.5 0.5 0.5 0.5 0.5 0.99158794 
Pedestrian 0.5 3 0 763.8803 161.86937 812.1659 288.5039 0.5 0.5 0.5 0.5 0.5 0.5 0.5 0.97815335 
Car 0.5 3 0 0.0 200.02003 161.68227 281.41196 0.5 0.5 0.5 0.5 0.5 0.5 0.5 0.9691795 
Pedestrian 0.5 3 0 794.96277 146.1865 832.6571 260.71643 0.5 0.5 0.5 0.5 0.5 0.5 0.5 0.95934284 
Car 0.5 3 0 500.03537 179.95259 522.09955 195.85558 0.5 0.5 0.5 0.5 0.5 0.5 0.5 0.9353905 
Car 0.5 3 0 379.52512 184.43874 436.33255 216.0168 0.5 0.5 0.5 0.5 0.5 0.5 0.5 0.9322108 
Car 0.5 3 0 591.9912 174.5068 619.586 199.48079 0.5 0.5 0.5 0.5 0.5 0.5 0.5 0.9301669 
Cyclist 0.5 3 0 975.38385 190.91031 1028.7467 243.8593 0.5 0.5 0.5 0.5 0.5 0.5 0.5 0.8610161 
Car 0.5 3 0 0.0 211.35576 49.090836 294.75003 0.5 0.5 0.5 0.5 0.5 0.5 0.5 0.77833074 
Car 0.5 3 0 531.1631 177.68594 542.792 187.45071 0.5 0.5 0.5 0.5 0.5 0.5 0.5 0.6588662 
Car 0.5 3 0 550.471 180.1731 568.43164 191.13098 0.5 0.5 0.5 0.5 0.5 0.5 0.5 0.5647501 
