Car 0.5 3 0 313.14938 183.93123 478.19818 298.2662 0.5 0.5 0.5 0.5 0.5 0.5 0.5 0.99447626 
Car 0.5 3 0 40.39384 198.56305 196.05692 264.93314 0.5 0.5 0.5 0.5 0.5 0.5 0.5 0.98024565 
Pedestrian 0.5 3 0 682.0248 164.89851 708.7412 232.70607 0.5 0.5 0.5 0.5 0.5 0.5 0.5 0.9466284 
Cyclist 0.5 3 0 665.05035 194.56927 721.4452 236.34235 0.5 0.5 0.5 0.5 0.5 0.5 0.5 0.92279935 
Pedestrian 0.5 3 0 648.3787 174.52446 665.06494 227.65944 0.5 0.5 0.5 0.5 0.5 0.5 0.5 0.90783817 
Car 0.5 3 0 452.01697 181.51338 483.41904 202.64177 0.5 0.5 0.5 0.5 0.5 0.5 0.5 0.8902339 
Pedestrian 0.5 3 0 666.3061 172.93283 687.7307 227.19022 0.5 0.5 0.5 0.5 0.5 0.5 0.5 0.84820974 
Car 0.5 3 0 580.3028 177.41866 609.05457 201.62029 0.5 0.5 0.5 0.5 0.5 0.5 0.5 0.8328003 
Pedestrian 0.5 3 0 280.3841 181.59421 290.14893 213.35245 0.5 0.5 0.5 0.5 0.5 0.5 0.5 0.72771436 
Car 0.5 3 0 517.8424 181.28568 532.5535 190.85254 0.5 0.5 0.5 0.5 0.5 0.5 0.5 0.6802393 
Cyclist 0.5 3 0 695.83545 195.90158 722.6978 236.29593 0.5 0.5 0.5 0.5 0.5 0.5 0.5 0.5448505 
Pedestrian 0.5 3 0 249.82405 191.99612 262.44293 215.78297 0.5 0.5 0.5 0.5 0.5 0.5 0.5 0.51014096 
