Car 0.5 3 0 0.0 189.4745 295.64197 371.98056 0.5 0.5 0.5 0.5 0.5 0.5 0.5 0.99590826 
Pedestrian 0.5 3 0 771.58826 153.82773 813.7317 288.2098 0.5 0.5 0.5 0.5 0.5 0.5 0.5 0.99338573 
Cyclist 0.5 3 0 725.87585 209.04147 849.6489 286.2235 0.5 0.5 0.5 0.5 0.5 0.5 0.5 0.9859569 
Pedestrian 0.5 3 0 690.1047 171.58508 715.07574 258.08862 0.5 0.5 0.5 0.5 0.5 0.5 0.5 0.9847727 
Car 0.5 3 0 588.19183 175.86363 617.26697 201.39961 0.5 0.5 0.5 0.5 0.5 0.5 0.5 0.9671698 
Pedestrian 0.5 3 0 719.50946 166.62877 757.3835 264.73892 0.5 0.5 0.5 0.5 0.5 0.5 0.5 0.96631104 
Car 0.5 3 0 213.91403 198.93222 277.03293 249.65904 0.5 0.5 0.5 0.5 0.5 0.5 0.5 0.9503423 
Car 0.5 3 0 406.14355 184.63185 453.35468 213.17796 0.5 0.5 0.5 0.5 0.5 0.5 0.5 0.93226737 
Pedestrian 0.5 3 0 748.633 153.75296 775.1851 214.92532 0.5 0.5 0.5 0.5 0.5 0.5 0.5 0.9184185 
Car 0.5 3 0 508.5163 180.75359 526.45966 194.3595 0.5 0.5 0.5 0.5 0.5 0.5 0.5 0.8864774 
