Car 0.5 3 0 479.46283 186.04207 615.08057 244.6269 0.5 0.5 0.5 0.5 0.5 0.5 0.5 0.9946219 
Car 0.5 3 0 1.4531031 180.14684 154.18893 324.40964 0.5 0.5 0.5 0.5 0.5 0.5 0.5 0.99191004 
Car 0.5 3 0 867.5152 184.96317 937.37695 242.87372 0.5 0.5 0.5 0.5 0.5 0.5 0.5 0.9917921 
Car 0.5 3 0 931.6573 187.50171 961.1601 213.09798 0.5 0.5 0.5 0.5 0.5 0.5 0.5 0.9847743 
Car 0.5 3 0 752.2246 184.9451 797.47064 213.11739 0.5 0.5 0.5 0.5 0.5 0.5 0.5 0.8817842 
Car 0.5 3 0 679.6253 188.5612 754.35455 220.80957 0.5 0.5 0.5 0.5 0.5 0.5 0.5 0.8380943 
Car 0.5 3 0 793.1846 186.27402 816.94073 207.8617 0.5 0.5 0.5 0.5 0.5 0.5 0.5 0.71004766 
Car 0.5 3 0 813.0406 185.60753 835.43585 205.57188 0.5 0.5 0.5 0.5 0.5 0.5 0.5 0.6684561 
Car 0.5 3 0 860.01825 180.80983 873.22675 188.97723 0.5 0.5 0.5 0.5 0.5 0.5 0.5 0.5948594 
Pedestrian 0.5 3 0 562.37244 191.6425 576.4814 208.26212 0.5 0.5 0.5 0.5 0.5 0.5 0.5 0.53781754 
