Car 0.5 3 0 0.0 263.13553 189.27805 373.75266 0.5 0.5 0.5 0.5 0.5 0.5 0.5 0.9933681 
Cyclist 0.5 3 0 743.7622 215.84763 894.92584 308.64365 0.5 0.5 0.5 0.5 0.5 0.5 0.5 0.9930882 
Pedestrian 0.5 3 0 703.6183 173.30711 730.4858 265.063 0.5 0.5 0.5 0.5 0.5 0.5 0.5 0.98417133 
Pedestrian 0.5 3 0 798.5502 147.28519 855.5029 305.4678 0.5 0.5 0.5 0.5 0.5 0.5 0.5 0.9756883 
Pedestrian 0.5 3 0 739.4291 166.75854 781.9659 281.24564 0.5 0.5 0.5 0.5 0.5 0.5 0.5 0.9730513 
Car 0.5 3 0 395.11722 183.80927 445.80606 212.65381 0.5 0.5 0.5 0.5 0.5 0.5 0.5 0.95324 
Car 0.5 3 0 42.74737 196.30733 229.6474 282.96008 0.5 0.5 0.5 0.5 0.5 0.5 0.5 0.9471212 
Car 0.5 3 0 502.88467 180.0099 524.91437 194.67485 0.5 0.5 0.5 0.5 0.5 0.5 0.5 0.9188 
Pedestrian 0.5 3 0 126.235054 178.24028 165.2919 300.41803 0.5 0.5 0.5 0.5 0.5 0.5 0.5 0.88489753 
Pedestrian 0.5 3 0 770.5016 150.8822 803.3248 232.76724 0.5 0.5 0.5 0.5 0.5 0.5 0.5 0.8719969 
Car 0.5 3 0 591.3261 175.42117 618.168 200.11427 0.5 0.5 0.5 0.5 0.5 0.5 0.5 0.8506563 
Cyclist 0.5 3 0 939.27325 191.2008 983.5613 238.26137 0.5 0.5 0.5 0.5 0.5 0.5 0.5 0.8364155 
