Cyclist 0.5 3 0 707.0208 197.3758 786.5214 257.64365 0.5 0.5 0.5 0.5 0.5 0.5 0.5 0.9772257 
Car 0.5 3 0 0.0 175.16005 397.63376 371.81982 0.5 0.5 0.5 0.5 0.5 0.5 0.5 0.9732127 
Pedestrian 0.5 3 0 731.2252 161.03453 764.2973 256.87164 0.5 0.5 0.5 0.5 0.5 0.5 0.5 0.9718422 
Pedestrian 0.5 3 0 695.3671 165.66154 725.2372 245.8232 0.5 0.5 0.5 0.5 0.5 0.5 0.5 0.95725256 
Pedestrian 0.5 3 0 672.2052 169.47665 691.71 239.44017 0.5 0.5 0.5 0.5 0.5 0.5 0.5 0.93197054 
Car 0.5 3 0 585.19977 170.37865 614.0338 196.05028 0.5 0.5 0.5 0.5 0.5 0.5 0.5 0.90455276 
Car 0.5 3 0 432.87482 177.5112 466.70273 199.87279 0.5 0.5 0.5 0.5 0.5 0.5 0.5 0.8770358 
Pedestrian 0.5 3 0 719.05194 154.97191 739.6416 201.94102 0.5 0.5 0.5 0.5 0.5 0.5 0.5 0.8567033 
Car 0.5 3 0 508.8609 175.38335 528.3562 187.91096 0.5 0.5 0.5 0.5 0.5 0.5 0.5 0.5663374 
Cyclist 0.5 3 0 696.3366 199.50604 736.60974 254.00572 0.5 0.5 0.5 0.5 0.5 0.5 0.5 0.55418086 
