Car -1 -1 -10 198.000000 181.000000 352.000000 246.000000 1.486426 1.591078 3.856946 -8.525034 1.821482 18.553448 1.740585 0.997849
Car -1 -1 -10 967.000000 212.000000 1242.000000 370.000000 1.486272 1.612362 3.941258 3.881356 1.788795 4.576505 1.601376 0.996968
Pedestrian -1 -1 -10 406.000000 170.000000 427.000000 234.000000 1.719019 0.610216 0.747701 -5.056674 1.605969 19.017700 0.242558 0.982950
Car -1 -1 -10 810.000000 169.000000 908.000000 200.000000 1.535745 1.642556 4.190825 12.559109 1.090573 36.765940 -2.706771 0.982672
Car -1 -1 -10 579.000000 171.000000 667.000000 207.000000 1.534933 1.622530 3.917645 0.041035 1.570251 33.103622 -2.614687 0.976504
Car -1 -1 -10 553.000000 174.000000 601.000000 203.000000 1.534826 1.547896 3.390172 -1.944077 1.890039 38.082382 -2.307619 0.971183
Car -1 -1 -10 1085.000000 161.000000 1141.000000 197.000000 1.521799 1.570427 3.635469 25.010273 0.571505 35.813934 -0.287972 0.970230
Cyclist -1 -1 -10 973.000000 193.000000 1085.000000 253.000000 1.722171 0.605540 1.576638 14.125231 1.734853 24.512542 -0.488225 0.958835
Pedestrian -1 -1 -10 1008.000000 172.000000 1059.000000 254.000000 1.754085 0.592874 0.824549 6.988699 1.398241 12.046642 1.015840 0.793001
Pedestrian -1 -1 -10 396.000000 176.000000 409.000000 201.000000 1.749201 0.567837 0.739134 -11.411028 1.842351 39.532028 0.454910 0.513693
