Pedestrian 0.5 3 0 577.51917 173.40501 610.53406 251.23633 0.5 0.5 0.5 0.5 0.5 0.5 0.5 0.9989191 
Car 0.5 3 0 666.86426 178.8929 762.9945 272.2673 0.5 0.5 0.5 0.5 0.5 0.5 0.5 0.9969097 
Car 0.5 3 0 316.523 192.49562 395.9683 265.23608 0.5 0.5 0.5 0.5 0.5 0.5 0.5 0.9960461 
Car 0.5 3 0 726.8515 175.50397 961.9797 326.007 0.5 0.5 0.5 0.5 0.5 0.5 0.5 0.99418795 
Car 0.5 3 0 0.0 220.40828 130.70258 370.92053 0.5 0.5 0.5 0.5 0.5 0.5 0.5 0.9941765 
Pedestrian 0.5 3 0 1091.0957 153.38576 1156.9298 305.63385 0.5 0.5 0.5 0.5 0.5 0.5 0.5 0.9939838 
Car 0.5 3 0 369.64975 184.6043 427.4323 240.91154 0.5 0.5 0.5 0.5 0.5 0.5 0.5 0.9939341 
Car 0.5 3 0 644.36096 181.05534 697.9044 240.67332 0.5 0.5 0.5 0.5 0.5 0.5 0.5 0.96840477 
Car 0.5 3 0 89.56187 180.63437 328.78918 326.73926 0.5 0.5 0.5 0.5 0.5 0.5 0.5 0.96753466 
Pedestrian 0.5 3 0 511.05603 171.11618 524.9109 204.13226 0.5 0.5 0.5 0.5 0.5 0.5 0.5 0.93955326 
Car 0.5 3 0 613.64557 175.67815 641.03625 209.33226 0.5 0.5 0.5 0.5 0.5 0.5 0.5 0.9158804 
Car 0.5 3 0 628.2906 174.1045 656.5135 219.90866 0.5 0.5 0.5 0.5 0.5 0.5 0.5 0.9152088 
Car 0.5 3 0 419.09116 177.73222 474.65115 212.76654 0.5 0.5 0.5 0.5 0.5 0.5 0.5 0.8751368 
Car 0.5 3 0 630.29755 176.87762 689.7109 224.0853 0.5 0.5 0.5 0.5 0.5 0.5 0.5 0.86388975 
Car 0.5 3 0 557.78253 165.74657 587.34265 200.45053 0.5 0.5 0.5 0.5 0.5 0.5 0.5 0.85842586 
Car 0.5 3 0 542.6835 169.00275 560.71796 180.35904 0.5 0.5 0.5 0.5 0.5 0.5 0.5 0.84190816 
Cyclist 0.5 3 0 581.997 214.3697 604.16534 275.8768 0.5 0.5 0.5 0.5 0.5 0.5 0.5 0.7836906 
Car 0.5 3 0 610.30817 175.62917 630.10297 206.54752 0.5 0.5 0.5 0.5 0.5 0.5 0.5 0.70276153 
Car 0.5 3 0 638.92773 178.95612 669.0366 229.08559 0.5 0.5 0.5 0.5 0.5 0.5 0.5 0.6177923 
Car 0.5 3 0 612.1783 174.8939 666.4525 216.46608 0.5 0.5 0.5 0.5 0.5 0.5 0.5 0.6058619 
Car 0.5 3 0 598.79364 173.22867 618.3572 201.22537 0.5 0.5 0.5 0.5 0.5 0.5 0.5 0.5641229 
Car 0.5 3 0 530.982 173.33087 543.0131 184.18964 0.5 0.5 0.5 0.5 0.5 0.5 0.5 0.56253564 
Car 0.5 3 0 606.16534 175.21751 623.804 202.515 0.5 0.5 0.5 0.5 0.5 0.5 0.5 0.55271804 
Car 0.5 3 0 523.2836 172.5742 541.86926 186.01938 0.5 0.5 0.5 0.5 0.5 0.5 0.5 0.524808 
