Pedestrian 0.5 3 0 728.91003 183.28412 800.58716 331.18677 0.5 0.5 0.5 0.5 0.5 0.5 0.5 0.9951008 
Cyclist 0.5 3 0 722.2599 252.86734 826.33386 359.16803 0.5 0.5 0.5 0.5 0.5 0.5 0.5 0.98934317 
Cyclist 0.5 3 0 816.8305 198.27768 891.81683 253.50008 0.5 0.5 0.5 0.5 0.5 0.5 0.5 0.9516566 
Cyclist 0.5 3 0 558.33594 216.93185 612.7045 265.04965 0.5 0.5 0.5 0.5 0.5 0.5 0.5 0.9460261 
Car 0.5 3 0 307.98602 166.8685 411.1971 264.19238 0.5 0.5 0.5 0.5 0.5 0.5 0.5 0.9428533 
Car 0.5 3 0 537.4285 175.04024 600.98175 216.50673 0.5 0.5 0.5 0.5 0.5 0.5 0.5 0.9426359 
Cyclist 0.5 3 0 521.48883 206.02061 558.1839 257.94055 0.5 0.5 0.5 0.5 0.5 0.5 0.5 0.88767195 
Car 0.5 3 0 277.25125 192.05504 312.64142 213.11165 0.5 0.5 0.5 0.5 0.5 0.5 0.5 0.6666696 
Cyclist 0.5 3 0 534.282 205.38518 604.8768 262.44324 0.5 0.5 0.5 0.5 0.5 0.5 0.5 0.66582906 
Pedestrian 0.5 3 0 431.1507 183.76486 444.2314 214.56224 0.5 0.5 0.5 0.5 0.5 0.5 0.5 0.6465237 
