Car 0.5 3 0 3.9316084 202.17036 208.45158 370.9123 0.5 0.5 0.5 0.5 0.5 0.5 0.5 0.99757165 
Pedestrian 0.5 3 0 563.0631 169.8619 596.48126 256.7762 0.5 0.5 0.5 0.5 0.5 0.5 0.5 0.99737084 
Car 0.5 3 0 683.49255 169.92587 855.39636 287.1915 0.5 0.5 0.5 0.5 0.5 0.5 0.5 0.9969729 
Car 0.5 3 0 638.25916 174.882 710.93964 253.28508 0.5 0.5 0.5 0.5 0.5 0.5 0.5 0.9956892 
Car 0.5 3 0 364.6488 181.04301 418.19507 230.58252 0.5 0.5 0.5 0.5 0.5 0.5 0.5 0.99480563 
Car 0.5 3 0 333.81302 188.78963 394.48535 251.7364 0.5 0.5 0.5 0.5 0.5 0.5 0.5 0.99446565 
Car 0.5 3 0 862.03735 204.92085 1240.3341 372.53183 0.5 0.5 0.5 0.5 0.5 0.5 0.5 0.99130577 
Car 0.5 3 0 617.70044 175.69069 664.6614 229.96442 0.5 0.5 0.5 0.5 0.5 0.5 0.5 0.98609656 
Pedestrian 0.5 3 0 954.37537 155.0969 1005.2724 252.48032 0.5 0.5 0.5 0.5 0.5 0.5 0.5 0.9813555 
Pedestrian 0.5 3 0 495.01907 167.71404 507.12524 198.44415 0.5 0.5 0.5 0.5 0.5 0.5 0.5 0.9549377 
Car 0.5 3 0 406.51093 174.67633 460.82037 208.03235 0.5 0.5 0.5 0.5 0.5 0.5 0.5 0.95096177 
Car 0.5 3 0 177.9509 173.31584 343.64456 297.39154 0.5 0.5 0.5 0.5 0.5 0.5 0.5 0.92702836 
Car 0.5 3 0 606.536 171.767 631.16394 212.30618 0.5 0.5 0.5 0.5 0.5 0.5 0.5 0.9103425 
Car 0.5 3 0 534.57477 162.97173 569.1827 196.53554 0.5 0.5 0.5 0.5 0.5 0.5 0.5 0.8826342 
Car 0.5 3 0 592.0129 170.81252 615.5827 200.94661 0.5 0.5 0.5 0.5 0.5 0.5 0.5 0.857347 
Car 0.5 3 0 607.05133 173.82457 653.8193 215.64793 0.5 0.5 0.5 0.5 0.5 0.5 0.5 0.79873234 
Car 0.5 3 0 520.7655 165.80273 537.4044 176.4081 0.5 0.5 0.5 0.5 0.5 0.5 0.5 0.7810059 
Car 0.5 3 0 503.9104 168.00494 519.7791 182.10765 0.5 0.5 0.5 0.5 0.5 0.5 0.5 0.7540499 
Car 0.5 3 0 600.8644 169.52312 625.109 204.04257 0.5 0.5 0.5 0.5 0.5 0.5 0.5 0.6055424 
Car 0.5 3 0 348.5016 184.4415 403.65518 237.34491 0.5 0.5 0.5 0.5 0.5 0.5 0.5 0.58581734 
