Pedestrian 0.5 3 0 864.9141 183.28273 906.8031 277.8292 0.5 0.5 0.5 0.5 0.5 0.5 0.5 0.99124396 
Car 0.5 3 0 17.652235 181.83298 90.94078 208.05257 0.5 0.5 0.5 0.5 0.5 0.5 0.5 0.98974776 
Car 0.5 3 0 821.773 183.13329 868.05383 218.93407 0.5 0.5 0.5 0.5 0.5 0.5 0.5 0.9799902 
Pedestrian 0.5 3 0 452.01398 176.60233 486.5868 285.6634 0.5 0.5 0.5 0.5 0.5 0.5 0.5 0.9706382 
Car 0.5 3 0 979.6477 187.4577 1001.7225 214.2434 0.5 0.5 0.5 0.5 0.5 0.5 0.5 0.91950405 
Car 0.5 3 0 927.2781 176.29509 982.3472 228.53506 0.5 0.5 0.5 0.5 0.5 0.5 0.5 0.8999913 
Car 0.5 3 0 883.72314 180.11879 901.3611 193.04976 0.5 0.5 0.5 0.5 0.5 0.5 0.5 0.81893474 
Car 0.5 3 0 0.0 177.36504 26.852133 206.4255 0.5 0.5 0.5 0.5 0.5 0.5 0.5 0.8113107 
Pedestrian 0.5 3 0 93.52855 174.55258 116.894295 214.66867 0.5 0.5 0.5 0.5 0.5 0.5 0.5 0.8093543 
Car 0.5 3 0 1004.10535 145.2005 1240.6746 370.25296 0.5 0.5 0.5 0.5 0.5 0.5 0.5 0.7654945 
Car 0.5 3 0 847.86993 182.55507 876.50775 212.91573 0.5 0.5 0.5 0.5 0.5 0.5 0.5 0.54581046 
Cyclist 0.5 3 0 870.10205 225.88927 889.01434 288.2298 0.5 0.5 0.5 0.5 0.5 0.5 0.5 0.5080886 
