Pedestrian 0.5 3 0 771.79266 185.51826 857.75903 346.9636 0.5 0.5 0.5 0.5 0.5 0.5 0.5 0.9982906 
Cyclist 0.5 3 0 1071.0281 200.851 1209.8899 278.00552 0.5 0.5 0.5 0.5 0.5 0.5 0.5 0.997962 
Cyclist 0.5 3 0 765.33704 260.91748 877.3491 370.14197 0.5 0.5 0.5 0.5 0.5 0.5 0.5 0.9943288 
Car 0.5 3 0 491.02655 179.37971 548.5411 217.80443 0.5 0.5 0.5 0.5 0.5 0.5 0.5 0.9125422 
Cyclist 0.5 3 0 511.86096 215.9002 559.1794 258.79645 0.5 0.5 0.5 0.5 0.5 0.5 0.5 0.9072675 
Cyclist 0.5 3 0 480.79666 212.1723 510.3726 254.49467 0.5 0.5 0.5 0.5 0.5 0.5 0.5 0.82104516 
Pedestrian 0.5 3 0 511.5741 185.73796 533.8793 221.03703 0.5 0.5 0.5 0.5 0.5 0.5 0.5 0.75818074 
Car 0.5 3 0 219.21054 198.76256 262.7334 221.60612 0.5 0.5 0.5 0.5 0.5 0.5 0.5 0.70609176 
Car 0.5 3 0 143.48164 202.31439 180.74763 221.88208 0.5 0.5 0.5 0.5 0.5 0.5 0.5 0.7018895 
Car 0.5 3 0 126.39058 203.1686 171.73434 223.43967 0.5 0.5 0.5 0.5 0.5 0.5 0.5 0.6709958 
Cyclist 0.5 3 0 738.64935 201.46071 782.1535 244.46767 0.5 0.5 0.5 0.5 0.5 0.5 0.5 0.6463835 
Car 0.5 3 0 285.92242 171.95116 408.8497 269.9734 0.5 0.5 0.5 0.5 0.5 0.5 0.5 0.6171028 
