Cyclist 0.5 3 0 1042.5968 197.54282 1181.8927 272.01996 0.5 0.5 0.5 0.5 0.5 0.5 0.5 0.9994393 
Pedestrian 0.5 3 0 778.80743 177.48029 858.33356 336.95477 0.5 0.5 0.5 0.5 0.5 0.5 0.5 0.99736905 
Cyclist 0.5 3 0 772.485 253.65112 882.8591 369.66904 0.5 0.5 0.5 0.5 0.5 0.5 0.5 0.99120075 
Car 0.5 3 0 482.97165 174.09694 541.0125 212.90617 0.5 0.5 0.5 0.5 0.5 0.5 0.5 0.9514725 
Cyclist 0.5 3 0 727.74316 195.82318 783.24585 239.87927 0.5 0.5 0.5 0.5 0.5 0.5 0.5 0.9464462 
Car 0.5 3 0 205.67664 192.10953 253.46457 219.90631 0.5 0.5 0.5 0.5 0.5 0.5 0.5 0.81676716 
Cyclist 0.5 3 0 505.16434 207.58534 549.74866 251.8059 0.5 0.5 0.5 0.5 0.5 0.5 0.5 0.7865455 
Cyclist 0.5 3 0 477.9476 205.13222 503.12714 247.60878 0.5 0.5 0.5 0.5 0.5 0.5 0.5 0.75181305 
Car 0.5 3 0 137.76012 195.84177 175.0293 214.7923 0.5 0.5 0.5 0.5 0.5 0.5 0.5 0.7180872 
Cyclist 0.5 3 0 754.5009 199.48125 785.71704 242.47038 0.5 0.5 0.5 0.5 0.5 0.5 0.5 0.6401746 
Car 0.5 3 0 281.07437 165.51906 412.6185 264.34164 0.5 0.5 0.5 0.5 0.5 0.5 0.5 0.5560104 
