Pedestrian 0.5 3 0 709.22675 182.51097 746.999 275.85846 0.5 0.5 0.5 0.5 0.5 0.5 0.5 0.9983327 
Car 0.5 3 0 766.0033 191.50601 878.7616 262.89493 0.5 0.5 0.5 0.5 0.5 0.5 0.5 0.99688405 
Car 0.5 3 0 414.1487 178.83293 490.48096 232.5141 0.5 0.5 0.5 0.5 0.5 0.5 0.5 0.9864254 
Car 0.5 3 0 647.0108 182.65471 702.3064 228.06139 0.5 0.5 0.5 0.5 0.5 0.5 0.5 0.98131555 
Car 0.5 3 0 690.9928 190.20264 776.8476 242.14886 0.5 0.5 0.5 0.5 0.5 0.5 0.5 0.9599817 
Car 0.5 3 0 620.67084 184.04686 657.6372 217.9713 0.5 0.5 0.5 0.5 0.5 0.5 0.5 0.94495165 
Car 0.5 3 0 550.0502 171.45377 590.93994 212.08177 0.5 0.5 0.5 0.5 0.5 0.5 0.5 0.9259818 
Car 0.5 3 0 0.03998564 275.53552 19.051975 335.798 0.5 0.5 0.5 0.5 0.5 0.5 0.5 0.906805 
Car 0.5 3 0 596.23615 181.3815 619.8877 208.89705 0.5 0.5 0.5 0.5 0.5 0.5 0.5 0.9020761 
Car 0.5 3 0 607.23584 183.67311 639.9243 212.38147 0.5 0.5 0.5 0.5 0.5 0.5 0.5 0.85344553 
Car 0.5 3 0 589.8 179.23267 609.4212 204.56331 0.5 0.5 0.5 0.5 0.5 0.5 0.5 0.8183231 
Car 0.5 3 0 450.09634 174.10796 497.13766 198.00256 0.5 0.5 0.5 0.5 0.5 0.5 0.5 0.73894125 
Pedestrian 0.5 3 0 507.8035 172.33679 513.9946 190.04544 0.5 0.5 0.5 0.5 0.5 0.5 0.5 0.7075912 
Pedestrian 0.5 3 0 437.22025 168.23691 450.66644 182.13573 0.5 0.5 0.5 0.5 0.5 0.5 0.5 0.66456944 
Car 0.5 3 0 536.6114 173.00365 550.4308 186.2392 0.5 0.5 0.5 0.5 0.5 0.5 0.5 0.56941104 
Car 0.5 3 0 731.324 190.83359 774.60114 238.97461 0.5 0.5 0.5 0.5 0.5 0.5 0.5 0.53556484 
