Pedestrian 0.5 3 0 585.1462 177.14105 618.777 265.61566 0.5 0.5 0.5 0.5 0.5 0.5 0.5 0.9965327 
Car 0.5 3 0 297.51425 197.93028 389.5863 283.19293 0.5 0.5 0.5 0.5 0.5 0.5 0.5 0.9944641 
Car 0.5 3 0 758.1767 177.74294 1060.5648 363.15253 0.5 0.5 0.5 0.5 0.5 0.5 0.5 0.9936859 
Car 0.5 3 0 363.49112 189.06561 429.98505 251.06558 0.5 0.5 0.5 0.5 0.5 0.5 0.5 0.99273443 
Car 0.5 3 0 684.41925 183.00005 798.686 276.31396 0.5 0.5 0.5 0.5 0.5 0.5 0.5 0.98848736 
Car 0.5 3 0 658.9906 186.28381 714.42725 250.34247 0.5 0.5 0.5 0.5 0.5 0.5 0.5 0.9732711 
Car 0.5 3 0 625.3704 176.54291 668.0585 213.68166 0.5 0.5 0.5 0.5 0.5 0.5 0.5 0.9662429 
Pedestrian 0.5 3 0 518.50165 174.29701 531.84515 207.05077 0.5 0.5 0.5 0.5 0.5 0.5 0.5 0.9492997 
Car 0.5 3 0 2.2975714 180.50635 310.66202 356.6948 0.5 0.5 0.5 0.5 0.5 0.5 0.5 0.94263947 
Pedestrian 0.5 3 0 385.73215 173.37494 397.07962 189.76622 0.5 0.5 0.5 0.5 0.5 0.5 0.5 0.9117434 
Car 0.5 3 0 643.59955 180.29684 670.57965 234.6626 0.5 0.5 0.5 0.5 0.5 0.5 0.5 0.9086502 
Car 0.5 3 0 569.4019 170.30055 597.30505 202.8219 0.5 0.5 0.5 0.5 0.5 0.5 0.5 0.876144 
Car 0.5 3 0 615.7119 176.11734 632.24054 203.99037 0.5 0.5 0.5 0.5 0.5 0.5 0.5 0.8703006 
Car 0.5 3 0 553.838 173.23006 570.8417 183.49597 0.5 0.5 0.5 0.5 0.5 0.5 0.5 0.85887057 
Pedestrian 0.5 3 0 328.52298 173.20712 346.99084 198.25249 0.5 0.5 0.5 0.5 0.5 0.5 0.5 0.8092691 
Car 0.5 3 0 646.31976 179.07912 694.821 235.02675 0.5 0.5 0.5 0.5 0.5 0.5 0.5 0.79892564 
Car 0.5 3 0 625.79474 178.06372 647.20337 211.32834 0.5 0.5 0.5 0.5 0.5 0.5 0.5 0.5465581 
Car 0.5 3 0 423.05673 176.23656 488.5706 217.77313 0.5 0.5 0.5 0.5 0.5 0.5 0.5 0.54296696 
Car 0.5 3 0 607.7226 175.73883 628.4906 200.6683 0.5 0.5 0.5 0.5 0.5 0.5 0.5 0.52499807 
