Pedestrian 0.5 3 0 660.6813 169.22621 734.1619 320.03125 0.5 0.5 0.5 0.5 0.5 0.5 0.5 0.9987717 
Cyclist 0.5 3 0 649.6747 232.16129 751.69135 339.8018 0.5 0.5 0.5 0.5 0.5 0.5 0.5 0.9902694 
Cyclist 0.5 3 0 915.64215 188.89618 1014.4006 258.3344 0.5 0.5 0.5 0.5 0.5 0.5 0.5 0.98988664 
Cyclist 0.5 3 0 569.087 204.95479 608.44403 260.46207 0.5 0.5 0.5 0.5 0.5 0.5 0.5 0.930695 
Car 0.5 3 0 586.9901 165.22682 658.21344 208.48691 0.5 0.5 0.5 0.5 0.5 0.5 0.5 0.8965827 
Cyclist 0.5 3 0 612.56104 201.99178 658.8175 266.335 0.5 0.5 0.5 0.5 0.5 0.5 0.5 0.8619785 
Pedestrian 0.5 3 0 482.02878 174.48907 492.8314 206.15678 0.5 0.5 0.5 0.5 0.5 0.5 0.5 0.80765563 
Car 0.5 3 0 312.04285 183.12167 349.1195 214.37256 0.5 0.5 0.5 0.5 0.5 0.5 0.5 0.7626751 
Car 0.5 3 0 349.34866 166.07812 430.55667 252.3667 0.5 0.5 0.5 0.5 0.5 0.5 0.5 0.7619427 
Pedestrian 0.5 3 0 398.6523 175.32861 416.426 191.37662 0.5 0.5 0.5 0.5 0.5 0.5 0.5 0.5507178 
