Pedestrian 0.5 3 0 828.88226 180.74254 872.4094 273.94122 0.5 0.5 0.5 0.5 0.5 0.5 0.5 0.9977647 
Car 0.5 3 0 940.94995 191.42744 972.4105 236.2638 0.5 0.5 0.5 0.5 0.5 0.5 0.5 0.99390715 
Car 0.5 3 0 906.9018 189.80211 956.89795 227.73834 0.5 0.5 0.5 0.5 0.5 0.5 0.5 0.9920332 
Pedestrian 0.5 3 0 165.17656 161.51035 233.52037 348.14972 0.5 0.5 0.5 0.5 0.5 0.5 0.5 0.9854027 
Car 0.5 3 0 878.3521 183.10146 920.1107 217.60158 0.5 0.5 0.5 0.5 0.5 0.5 0.5 0.9731897 
Car 0.5 3 0 813.14087 172.96948 859.6891 219.19464 0.5 0.5 0.5 0.5 0.5 0.5 0.5 0.9302578 
Car 0.5 3 0 701.61285 179.26663 751.45575 216.81207 0.5 0.5 0.5 0.5 0.5 0.5 0.5 0.9227739 
Car 0.5 3 0 927.7618 188.48132 964.68176 233.00279 0.5 0.5 0.5 0.5 0.5 0.5 0.5 0.8799821 
Cyclist 0.5 3 0 835.84515 225.63918 862.3725 283.45508 0.5 0.5 0.5 0.5 0.5 0.5 0.5 0.7409817 
Car 0.5 3 0 793.708 178.20697 803.78546 189.02406 0.5 0.5 0.5 0.5 0.5 0.5 0.5 0.6913678 
Car 0.5 3 0 800.0793 178.07082 816.449 192.40424 0.5 0.5 0.5 0.5 0.5 0.5 0.5 0.6868465 
Car 0.5 3 0 746.499 177.9554 760.79474 193.6169 0.5 0.5 0.5 0.5 0.5 0.5 0.5 0.5488718 
Car 0.5 3 0 719.7096 176.25024 753.4891 197.85242 0.5 0.5 0.5 0.5 0.5 0.5 0.5 0.53461325 
Car 0.5 3 0 750.12305 175.62167 768.06256 190.70729 0.5 0.5 0.5 0.5 0.5 0.5 0.5 0.5227346 
