Pedestrian 0.5 3 0 780.15643 180.7734 817.4395 268.57266 0.5 0.5 0.5 0.5 0.5 0.5 0.5 0.99793506 
Car 0.5 3 0 816.4995 185.13031 918.4176 247.82678 0.5 0.5 0.5 0.5 0.5 0.5 0.5 0.9924413 
Car 0.5 3 0 2.0445065 192.24226 197.62653 297.0674 0.5 0.5 0.5 0.5 0.5 0.5 0.5 0.98962617 
Car 0.5 3 0 720.27496 180.10004 769.04114 219.56772 0.5 0.5 0.5 0.5 0.5 0.5 0.5 0.98775244 
Car 0.5 3 0 637.83307 169.72235 682.00385 211.07869 0.5 0.5 0.5 0.5 0.5 0.5 0.5 0.98526 
Car 0.5 3 0 522.69934 178.56822 578.6149 222.86865 0.5 0.5 0.5 0.5 0.5 0.5 0.5 0.9752739 
Car 0.5 3 0 697.0785 182.9868 726.95294 212.81781 0.5 0.5 0.5 0.5 0.5 0.5 0.5 0.9581524 
Car 0.5 3 0 759.37756 184.82083 823.9327 230.06741 0.5 0.5 0.5 0.5 0.5 0.5 0.5 0.9206631 
Pedestrian 0.5 3 0 180.26433 181.09131 207.78297 239.8609 0.5 0.5 0.5 0.5 0.5 0.5 0.5 0.8380281 
Car 0.5 3 0 679.07886 179.09662 704.0212 206.54718 0.5 0.5 0.5 0.5 0.5 0.5 0.5 0.8021465 
Pedestrian 0.5 3 0 1225.9221 243.74176 1242.0 372.51074 0.5 0.5 0.5 0.5 0.5 0.5 0.5 0.7952694 
Car 0.5 3 0 760.1478 184.55418 788.0998 230.78088 0.5 0.5 0.5 0.5 0.5 0.5 0.5 0.74847645 
Car 0.5 3 0 685.373 180.9212 713.8182 207.36795 0.5 0.5 0.5 0.5 0.5 0.5 0.5 0.7370653 
Car 0.5 3 0 627.25934 172.84077 641.62854 186.9833 0.5 0.5 0.5 0.5 0.5 0.5 0.5 0.71435046 
Car 0.5 3 0 542.7412 174.03238 575.7315 195.42108 0.5 0.5 0.5 0.5 0.5 0.5 0.5 0.6942718 
Car 0.5 3 0 617.0835 171.59726 629.3659 183.84221 0.5 0.5 0.5 0.5 0.5 0.5 0.5 0.6925713 
Car 0.5 3 0 574.3363 171.24683 590.2912 188.75156 0.5 0.5 0.5 0.5 0.5 0.5 0.5 0.66175896 
Car 0.5 3 0 800.2232 187.08493 823.8673 212.83543 0.5 0.5 0.5 0.5 0.5 0.5 0.5 0.5361658 
