Pedestrian 0.5 3 0 771.52264 180.43422 811.64606 270.50137 0.5 0.5 0.5 0.5 0.5 0.5 0.5 0.99656725 
Car 0.5 3 0 807.31366 188.06819 907.9762 252.53763 0.5 0.5 0.5 0.5 0.5 0.5 0.5 0.9943809 
Car 0.5 3 0 2.572893 193.72542 180.63007 299.29877 0.5 0.5 0.5 0.5 0.5 0.5 0.5 0.9934976 
Car 0.5 3 0 709.2441 179.92648 760.9956 222.6866 0.5 0.5 0.5 0.5 0.5 0.5 0.5 0.9905466 
Car 0.5 3 0 503.8209 176.90065 564.6079 222.76479 0.5 0.5 0.5 0.5 0.5 0.5 0.5 0.9883717 
Car 0.5 3 0 684.87946 181.96744 715.88104 213.79317 0.5 0.5 0.5 0.5 0.5 0.5 0.5 0.9645314 
Car 0.5 3 0 622.6059 170.11974 668.45306 212.50282 0.5 0.5 0.5 0.5 0.5 0.5 0.5 0.95406336 
Car 0.5 3 0 747.056 185.31403 814.421 232.76868 0.5 0.5 0.5 0.5 0.5 0.5 0.5 0.94134206 
Car 0.5 3 0 749.04193 185.60732 778.56085 232.46483 0.5 0.5 0.5 0.5 0.5 0.5 0.5 0.84218615 
Car 0.5 3 0 614.50635 172.9337 628.2946 187.00795 0.5 0.5 0.5 0.5 0.5 0.5 0.5 0.81789064 
Pedestrian 0.5 3 0 145.9219 179.50731 176.31786 235.57523 0.5 0.5 0.5 0.5 0.5 0.5 0.5 0.81679004 
Car 0.5 3 0 664.98303 178.70006 691.90356 208.67598 0.5 0.5 0.5 0.5 0.5 0.5 0.5 0.7398002 
Car 0.5 3 0 790.6076 187.52701 815.89655 214.85338 0.5 0.5 0.5 0.5 0.5 0.5 0.5 0.6369201 
Car 0.5 3 0 679.2566 182.84344 701.6134 209.43132 0.5 0.5 0.5 0.5 0.5 0.5 0.5 0.6170329 
Car 0.5 3 0 531.4367 173.56577 560.7065 193.8154 0.5 0.5 0.5 0.5 0.5 0.5 0.5 0.59933305 
Car 0.5 3 0 605.2562 172.26315 618.0235 185.5036 0.5 0.5 0.5 0.5 0.5 0.5 0.5 0.5673156 
Car 0.5 3 0 562.30347 172.447 577.6287 188.62396 0.5 0.5 0.5 0.5 0.5 0.5 0.5 0.5119842 
