Pedestrian 0.5 3 0 837.4958 179.6481 880.4375 277.60968 0.5 0.5 0.5 0.5 0.5 0.5 0.5 0.99464107 
Car 0.5 3 0 936.8458 189.8334 974.0339 227.13155 0.5 0.5 0.5 0.5 0.5 0.5 0.5 0.99108523 
Car 0.5 3 0 911.2212 182.68495 952.7794 216.1772 0.5 0.5 0.5 0.5 0.5 0.5 0.5 0.98361236 
Pedestrian 0.5 3 0 273.44965 165.67027 328.2237 262.68207 0.5 0.5 0.5 0.5 0.5 0.5 0.5 0.9819847 
Car 0.5 3 0 853.33936 171.50621 894.68286 223.47534 0.5 0.5 0.5 0.5 0.5 0.5 0.5 0.88621235 
Cyclist 0.5 3 0 838.8351 223.74327 869.65936 287.68137 0.5 0.5 0.5 0.5 0.5 0.5 0.5 0.8748966 
Car 0.5 3 0 15.465434 173.47961 63.181576 207.49365 0.5 0.5 0.5 0.5 0.5 0.5 0.5 0.8598212 
Car 0.5 3 0 734.02435 179.49677 782.9966 215.1464 0.5 0.5 0.5 0.5 0.5 0.5 0.5 0.85826755 
Car 0.5 3 0 835.3631 178.10657 851.2353 191.91887 0.5 0.5 0.5 0.5 0.5 0.5 0.5 0.7787652 
Car 0.5 3 0 891.6236 184.82002 917.7181 210.27722 0.5 0.5 0.5 0.5 0.5 0.5 0.5 0.7604504 
Car 0.5 3 0 778.27966 178.00226 794.2349 195.23354 0.5 0.5 0.5 0.5 0.5 0.5 0.5 0.7449797 
Car 0.5 3 0 818.4028 173.88292 831.32806 184.17575 0.5 0.5 0.5 0.5 0.5 0.5 0.5 0.6935748 
Car 0.5 3 0 788.238 175.10628 803.1664 190.01566 0.5 0.5 0.5 0.5 0.5 0.5 0.5 0.5783454 
