Pedestrian 0.5 3 0 807.24255 157.80583 900.39 342.4123 0.5 0.5 0.5 0.5 0.5 0.5 0.5 0.99349046 
Cyclist 0.5 3 0 1002.4258 181.04506 1098.5602 236.63477 0.5 0.5 0.5 0.5 0.5 0.5 0.5 0.99021494 
Cyclist 0.5 3 0 798.432 235.6544 910.9592 369.72736 0.5 0.5 0.5 0.5 0.5 0.5 0.5 0.98183674 
Car 0.5 3 0 289.56305 155.65788 435.29227 264.19882 0.5 0.5 0.5 0.5 0.5 0.5 0.5 0.95117605 
Cyclist 0.5 3 0 609.7404 180.80913 655.4258 218.1974 0.5 0.5 0.5 0.5 0.5 0.5 0.5 0.9428549 
Car 0.5 3 0 116.634796 186.26677 161.43987 208.26727 0.5 0.5 0.5 0.5 0.5 0.5 0.5 0.79752505 
Pedestrian 0.5 3 0 281.88882 173.22028 294.85562 202.0876 0.5 0.5 0.5 0.5 0.5 0.5 0.5 0.78364223 
Car 0.5 3 0 144.36061 180.73419 188.79942 201.4403 0.5 0.5 0.5 0.5 0.5 0.5 0.5 0.7442336 
Cyclist 0.5 3 0 428.3258 186.31781 463.75476 230.47635 0.5 0.5 0.5 0.5 0.5 0.5 0.5 0.60273856 
Pedestrian 0.5 3 0 751.93713 167.70692 818.65717 220.39575 0.5 0.5 0.5 0.5 0.5 0.5 0.5 0.5312112 
