Cyclist 0.5 3 0 1019.0743 186.60753 1151.1444 262.09045 0.5 0.5 0.5 0.5 0.5 0.5 0.5 0.99932504 
Pedestrian 0.5 3 0 785.27264 172.57306 867.69415 324.72614 0.5 0.5 0.5 0.5 0.5 0.5 0.5 0.9982152 
Cyclist 0.5 3 0 782.5909 248.33104 886.7611 370.5877 0.5 0.5 0.5 0.5 0.5 0.5 0.5 0.99120235 
Cyclist 0.5 3 0 717.902 187.74295 774.0223 234.73842 0.5 0.5 0.5 0.5 0.5 0.5 0.5 0.968507 
Car 0.5 3 0 201.06699 186.54486 256.587 212.48694 0.5 0.5 0.5 0.5 0.5 0.5 0.5 0.9055463 
Cyclist 0.5 3 0 469.9052 198.7557 496.3054 240.62206 0.5 0.5 0.5 0.5 0.5 0.5 0.5 0.8811234 
Car 0.5 3 0 474.45947 169.06459 532.90295 207.29434 0.5 0.5 0.5 0.5 0.5 0.5 0.5 0.869893 
Car 0.5 3 0 109.08378 190.44995 155.56055 211.97032 0.5 0.5 0.5 0.5 0.5 0.5 0.5 0.8620144 
Car 0.5 3 0 284.5445 157.82619 413.13876 259.299 0.5 0.5 0.5 0.5 0.5 0.5 0.5 0.86028314 
Cyclist 0.5 3 0 498.17618 201.67723 541.98773 244.05403 0.5 0.5 0.5 0.5 0.5 0.5 0.5 0.793661 
