Pedestrian 0.5 3 0 808.8211 161.98613 908.4833 347.47153 0.5 0.5 0.5 0.5 0.5 0.5 0.5 0.9966989 
Cyclist 0.5 3 0 1044.0001 187.77904 1151.1735 247.19682 0.5 0.5 0.5 0.5 0.5 0.5 0.5 0.9950251 
Cyclist 0.5 3 0 806.2228 240.6388 925.57104 369.12845 0.5 0.5 0.5 0.5 0.5 0.5 0.5 0.98308325 
Cyclist 0.5 3 0 877.47864 185.63702 948.70465 239.37044 0.5 0.5 0.5 0.5 0.5 0.5 0.5 0.9562264 
Cyclist 0.5 3 0 626.62274 188.58559 674.3566 222.92741 0.5 0.5 0.5 0.5 0.5 0.5 0.5 0.9505217 
Car 0.5 3 0 288.43753 157.98233 429.8258 266.21704 0.5 0.5 0.5 0.5 0.5 0.5 0.5 0.9459832 
Car 0.5 3 0 417.44632 167.50075 465.60498 204.20126 0.5 0.5 0.5 0.5 0.5 0.5 0.5 0.83408207 
Cyclist 0.5 3 0 434.66913 192.37877 477.89758 234.56514 0.5 0.5 0.5 0.5 0.5 0.5 0.5 0.7839367 
Car 0.5 3 0 131.2106 183.81633 180.83887 211.87198 0.5 0.5 0.5 0.5 0.5 0.5 0.5 0.7317564 
Cyclist 0.5 3 0 839.28357 174.94098 952.4094 243.12247 0.5 0.5 0.5 0.5 0.5 0.5 0.5 0.7266624 
Car 0.5 3 0 165.18881 183.46246 204.27946 204.90477 0.5 0.5 0.5 0.5 0.5 0.5 0.5 0.6514174 
