Pedestrian 0.5 3 0 546.78455 177.0576 579.92035 265.36743 0.5 0.5 0.5 0.5 0.5 0.5 0.5 0.99827063 
Car 0.5 3 0 0.49633375 208.1747 247.09474 368.8941 0.5 0.5 0.5 0.5 0.5 0.5 0.5 0.99765587 
Car 0.5 3 0 763.2788 189.66988 1216.632 372.56622 0.5 0.5 0.5 0.5 0.5 0.5 0.5 0.99591136 
Car 0.5 3 0 645.06323 174.9605 787.009 273.84006 0.5 0.5 0.5 0.5 0.5 0.5 0.5 0.99463505 
Car 0.5 3 0 337.65198 193.58682 382.6596 249.86467 0.5 0.5 0.5 0.5 0.5 0.5 0.5 0.99313897 
Car 0.5 3 0 357.79233 187.03737 405.01944 232.56618 0.5 0.5 0.5 0.5 0.5 0.5 0.5 0.9924297 
Car 0.5 3 0 608.70624 179.19804 668.78595 247.07239 0.5 0.5 0.5 0.5 0.5 0.5 0.5 0.9915451 
Pedestrian 0.5 3 0 860.0176 162.48582 896.44507 202.08588 0.5 0.5 0.5 0.5 0.5 0.5 0.5 0.9798839 
Car 0.5 3 0 217.82878 180.22885 346.7432 286.28403 0.5 0.5 0.5 0.5 0.5 0.5 0.5 0.9760426 
Car 0.5 3 0 579.51434 177.12975 602.5673 217.76936 0.5 0.5 0.5 0.5 0.5 0.5 0.5 0.9441016 
Pedestrian 0.5 3 0 474.32516 172.78152 485.78653 202.72275 0.5 0.5 0.5 0.5 0.5 0.5 0.5 0.9315092 
Car 0.5 3 0 589.1031 181.57643 623.8086 226.12799 0.5 0.5 0.5 0.5 0.5 0.5 0.5 0.9197296 
Car 0.5 3 0 495.7901 171.43466 511.0734 180.94754 0.5 0.5 0.5 0.5 0.5 0.5 0.5 0.8881517 
Car 0.5 3 0 510.4787 169.72069 543.08856 204.90652 0.5 0.5 0.5 0.5 0.5 0.5 0.5 0.8329826 
Car 0.5 3 0 379.08865 158.5588 470.88968 209.87521 0.5 0.5 0.5 0.5 0.5 0.5 0.5 0.69885856 
Car 0.5 3 0 358.20853 193.9107 385.67844 241.47401 0.5 0.5 0.5 0.5 0.5 0.5 0.5 0.69107366 
Car 0.5 3 0 570.6299 176.56152 596.6561 212.25456 0.5 0.5 0.5 0.5 0.5 0.5 0.5 0.61101836 
Car 0.5 3 0 602.39 182.94397 632.51227 233.83131 0.5 0.5 0.5 0.5 0.5 0.5 0.5 0.5110309 
Car 0.5 3 0 479.4876 174.93779 493.66208 186.74371 0.5 0.5 0.5 0.5 0.5 0.5 0.5 0.50624007 
