Car 0.5 3 0 732.20276 189.66011 852.3886 274.63187 0.5 0.5 0.5 0.5 0.5 0.5 0.5 0.9967848 
Pedestrian 0.5 3 0 638.81665 180.59286 677.1988 267.61774 0.5 0.5 0.5 0.5 0.5 0.5 0.5 0.99243814 
Car 0.5 3 0 664.0234 187.68956 737.87585 247.51236 0.5 0.5 0.5 0.5 0.5 0.5 0.5 0.9863635 
Car 0.5 3 0 593.47723 179.33812 655.1836 228.58652 0.5 0.5 0.5 0.5 0.5 0.5 0.5 0.98487675 
Car 0.5 3 0 330.557 180.24467 417.16766 244.1838 0.5 0.5 0.5 0.5 0.5 0.5 0.5 0.9833514 
Car 0.5 3 0 485.7501 171.13118 527.2032 211.08 0.5 0.5 0.5 0.5 0.5 0.5 0.5 0.96575457 
Car 0.5 3 0 566.2142 182.68779 603.21893 219.68523 0.5 0.5 0.5 0.5 0.5 0.5 0.5 0.95985436 
Car 0.5 3 0 525.1856 177.68344 553.6229 200.80507 0.5 0.5 0.5 0.5 0.5 0.5 0.5 0.943132 
Car 0.5 3 0 541.653 180.58626 583.1082 210.66127 0.5 0.5 0.5 0.5 0.5 0.5 0.5 0.93754846 
Cyclist 0.5 3 0 647.9745 217.57372 673.78925 273.50912 0.5 0.5 0.5 0.5 0.5 0.5 0.5 0.9035599 
Car 0.5 3 0 370.50424 175.48482 424.1984 225.21167 0.5 0.5 0.5 0.5 0.5 0.5 0.5 0.8573632 
Car 0.5 3 0 373.9219 175.12706 422.45874 198.53418 0.5 0.5 0.5 0.5 0.5 0.5 0.5 0.78267777 
Car 0.5 3 0 433.5338 173.19504 454.83145 190.26364 0.5 0.5 0.5 0.5 0.5 0.5 0.5 0.70812565 
Car 0.5 3 0 538.5869 178.93457 561.8444 207.7696 0.5 0.5 0.5 0.5 0.5 0.5 0.5 0.70428586 
Car 0.5 3 0 470.04895 169.74872 483.28784 180.43927 0.5 0.5 0.5 0.5 0.5 0.5 0.5 0.6398587 
Car 0.5 3 0 559.4858 183.02032 587.9876 214.33919 0.5 0.5 0.5 0.5 0.5 0.5 0.5 0.62724966 
Car 0.5 3 0 413.42786 171.92506 441.77765 193.87047 0.5 0.5 0.5 0.5 0.5 0.5 0.5 0.5967577 
