Car 0.5 3 0 710.87115 185.05444 848.0592 281.40637 0.5 0.5 0.5 0.5 0.5 0.5 0.5 0.99684936 
Pedestrian 0.5 3 0 584.1633 178.92447 622.8101 271.551 0.5 0.5 0.5 0.5 0.5 0.5 0.5 0.9957016 
Car 0.5 3 0 616.413 184.4265 717.2579 253.99428 0.5 0.5 0.5 0.5 0.5 0.5 0.5 0.99070084 
Car 0.5 3 0 255.50963 186.46127 359.3901 251.82513 0.5 0.5 0.5 0.5 0.5 0.5 0.5 0.99012953 
Car 0.5 3 0 445.98227 170.74876 484.88028 211.31528 0.5 0.5 0.5 0.5 0.5 0.5 0.5 0.96923 
Car 0.5 3 0 316.5317 177.8882 374.56525 230.3708 0.5 0.5 0.5 0.5 0.5 0.5 0.5 0.95077854 
Car 0.5 3 0 531.85486 183.80556 567.9433 222.4618 0.5 0.5 0.5 0.5 0.5 0.5 0.5 0.9403237 
Car 0.5 3 0 558.13995 180.29944 600.18414 231.21634 0.5 0.5 0.5 0.5 0.5 0.5 0.5 0.93286186 
Car 0.5 3 0 504.34726 180.38701 545.18396 212.90184 0.5 0.5 0.5 0.5 0.5 0.5 0.5 0.92745245 
Car 0.5 3 0 486.23483 177.45247 516.659 201.41968 0.5 0.5 0.5 0.5 0.5 0.5 0.5 0.9011512 
Car 0.5 3 0 502.19626 178.33302 522.0726 208.9255 0.5 0.5 0.5 0.5 0.5 0.5 0.5 0.77513444 
Car 0.5 3 0 527.9276 183.42725 549.45844 216.78981 0.5 0.5 0.5 0.5 0.5 0.5 0.5 0.647241 
Car 0.5 3 0 361.5226 162.83932 400.40308 200.98276 0.5 0.5 0.5 0.5 0.5 0.5 0.5 0.56452423 
Pedestrian 0.5 3 0 408.38065 171.69962 414.95493 193.69035 0.5 0.5 0.5 0.5 0.5 0.5 0.5 0.5243256 
