Pedestrian 0.5 3 0 818.1906 183.5335 854.66583 263.27234 0.5 0.5 0.5 0.5 0.5 0.5 0.5 0.99718755 
Car 0.5 3 0 876.9346 189.68277 976.0695 243.90349 0.5 0.5 0.5 0.5 0.5 0.5 0.5 0.9941373 
Car 0.5 3 0 848.2445 189.66614 887.8439 231.05426 0.5 0.5 0.5 0.5 0.5 0.5 0.5 0.98185873 
Car 0.5 3 0 617.6979 179.23654 670.0712 221.13077 0.5 0.5 0.5 0.5 0.5 0.5 0.5 0.9766657 
Car 0.5 3 0 727.68036 173.76541 775.1687 217.14037 0.5 0.5 0.5 0.5 0.5 0.5 0.5 0.92881054 
Car 0.5 3 0 775.1066 185.08821 804.068 212.9184 0.5 0.5 0.5 0.5 0.5 0.5 0.5 0.8895756 
Cyclist 0.5 3 0 824.04626 225.32532 847.1121 287.55435 0.5 0.5 0.5 0.5 0.5 0.5 0.5 0.83287966 
Car 0.5 3 0 801.6534 184.97809 825.8433 217.66748 0.5 0.5 0.5 0.5 0.5 0.5 0.5 0.832758 
Car 0.5 3 0 717.86707 178.68738 732.17676 192.14429 0.5 0.5 0.5 0.5 0.5 0.5 0.5 0.7788031 
Pedestrian 0.5 3 0 619.5792 173.80376 631.7319 194.64963 0.5 0.5 0.5 0.5 0.5 0.5 0.5 0.6656344 
Pedestrian 0.5 3 0 353.5725 182.60468 371.6154 223.56282 0.5 0.5 0.5 0.5 0.5 0.5 0.5 0.6366044 
Car 0.5 3 0 708.0287 178.32156 718.5839 189.71623 0.5 0.5 0.5 0.5 0.5 0.5 0.5 0.6064064 
Car 0.5 3 0 695.6202 173.71527 708.83234 183.08455 0.5 0.5 0.5 0.5 0.5 0.5 0.5 0.5762238 
