Cyclist 0.5 3 0 56.920864 218.49875 202.42624 323.32285 0.5 0.5 0.5 0.5 0.5 0.5 0.5 0.99740714 
Pedestrian 0.5 3 0 884.338 180.30443 934.9224 292.54166 0.5 0.5 0.5 0.5 0.5 0.5 0.5 0.9959046 
Car 0.5 3 0 1033.9939 150.36067 1240.5282 342.2766 0.5 0.5 0.5 0.5 0.5 0.5 0.5 0.96787006 
Cyclist 0.5 3 0 251.88324 197.38414 289.88864 242.65599 0.5 0.5 0.5 0.5 0.5 0.5 0.5 0.957187 
Pedestrian 0.5 3 0 542.07086 177.02438 576.68884 269.36023 0.5 0.5 0.5 0.5 0.5 0.5 0.5 0.94732517 
Car 0.5 3 0 985.5376 171.565 1034.2422 227.32164 0.5 0.5 0.5 0.5 0.5 0.5 0.5 0.91497713 
Car 0.5 3 0 153.08049 190.97566 214.21928 215.33768 0.5 0.5 0.5 0.5 0.5 0.5 0.5 0.8977308 
Pedestrian 0.5 3 0 198.37941 178.7284 217.37813 214.86775 0.5 0.5 0.5 0.5 0.5 0.5 0.5 0.8124996 
Car 0.5 3 0 919.1576 181.06377 945.9097 212.03868 0.5 0.5 0.5 0.5 0.5 0.5 0.5 0.76823103 
Car 0.5 3 0 938.74756 174.92352 963.9818 197.5633 0.5 0.5 0.5 0.5 0.5 0.5 0.5 0.6371078 
Car 0.5 3 0 966.492 177.06332 984.12213 189.322 0.5 0.5 0.5 0.5 0.5 0.5 0.5 0.5405789 
