Pedestrian 0.5 3 0 873.0682 180.89331 921.6527 291.18246 0.5 0.5 0.5 0.5 0.5 0.5 0.5 0.99610376 
Cyclist 0.5 3 0 0.6060473 221.54904 90.01745 343.4965 0.5 0.5 0.5 0.5 0.5 0.5 0.5 0.9926472 
Car 0.5 3 0 89.69333 185.70557 148.46179 209.2386 0.5 0.5 0.5 0.5 0.5 0.5 0.5 0.9890921 
Car 0.5 3 0 1012.64166 145.31514 1239.6813 365.04962 0.5 0.5 0.5 0.5 0.5 0.5 0.5 0.94238794 
Car 0.5 3 0 854.9813 183.40544 897.0601 216.52475 0.5 0.5 0.5 0.5 0.5 0.5 0.5 0.93717736 
Pedestrian 0.5 3 0 497.1591 176.08748 534.87994 273.4877 0.5 0.5 0.5 0.5 0.5 0.5 0.5 0.9364522 
Car 0.5 3 0 957.4955 171.37183 1017.1278 226.92096 0.5 0.5 0.5 0.5 0.5 0.5 0.5 0.9175055 
Pedestrian 0.5 3 0 149.15231 174.64894 169.1641 215.29842 0.5 0.5 0.5 0.5 0.5 0.5 0.5 0.9136135 
Car 0.5 3 0 71.5886 182.82222 97.283325 209.5201 0.5 0.5 0.5 0.5 0.5 0.5 0.5 0.7881067 
Cyclist 0.5 3 0 186.83551 202.064 215.47043 243.62979 0.5 0.5 0.5 0.5 0.5 0.5 0.5 0.69152904 
