Pedestrian 0.5 3 0 514.4735 181.18388 549.2034 269.04538 0.5 0.5 0.5 0.5 0.5 0.5 0.5 0.99750996 
Car 0.5 3 0 768.5301 182.49463 957.8565 327.00482 0.5 0.5 0.5 0.5 0.5 0.5 0.5 0.99664164 
Car 0.5 3 0 609.1484 186.71783 763.2193 282.17645 0.5 0.5 0.5 0.5 0.5 0.5 0.5 0.9951703 
Car 0.5 3 0 124.376625 200.57274 284.81177 297.94568 0.5 0.5 0.5 0.5 0.5 0.5 0.5 0.99289894 
Car 0.5 3 0 244.51402 185.84998 322.7332 257.84155 0.5 0.5 0.5 0.5 0.5 0.5 0.5 0.98302424 
Car 0.5 3 0 310.07367 189.37346 341.59058 237.95929 0.5 0.5 0.5 0.5 0.5 0.5 0.5 0.98171264 
Car 0.5 3 0 545.75726 179.24936 629.22235 246.1245 0.5 0.5 0.5 0.5 0.5 0.5 0.5 0.98145974 
Car 0.5 3 0 488.82285 180.7297 509.6746 216.93854 0.5 0.5 0.5 0.5 0.5 0.5 0.5 0.9712441 
Car 0.5 3 0 425.0981 174.90729 462.29584 212.17346 0.5 0.5 0.5 0.5 0.5 0.5 0.5 0.95162493 
Car 0.5 3 0 499.54922 184.2516 521.14966 222.91093 0.5 0.5 0.5 0.5 0.5 0.5 0.5 0.9480831 
Car 0.5 3 0 475.0249 182.4948 494.4075 207.35832 0.5 0.5 0.5 0.5 0.5 0.5 0.5 0.930228 
Car 0.5 3 0 460.83377 178.96062 478.2248 200.58858 0.5 0.5 0.5 0.5 0.5 0.5 0.5 0.78384566 
Car 0.5 3 0 532.73206 183.99165 557.4415 206.18045 0.5 0.5 0.5 0.5 0.5 0.5 0.5 0.7448349 
Car 0.5 3 0 481.08447 179.97899 505.02768 207.48811 0.5 0.5 0.5 0.5 0.5 0.5 0.5 0.73461807 
Pedestrian 0.5 3 0 673.61017 171.00894 688.7151 187.6999 0.5 0.5 0.5 0.5 0.5 0.5 0.5 0.71477014 
Car 0.5 3 0 332.26266 167.92963 383.80487 211.01791 0.5 0.5 0.5 0.5 0.5 0.5 0.5 0.5756104 
Cyclist 0.5 3 0 527.022 224.74535 546.8736 277.6131 0.5 0.5 0.5 0.5 0.5 0.5 0.5 0.56403285 
