Car 0.5 3 0 1.5795643 201.43484 263.22394 347.64966 0.5 0.5 0.5 0.5 0.5 0.5 0.5 0.9981213 
Pedestrian 0.5 3 0 535.488 178.3855 569.691 260.35074 0.5 0.5 0.5 0.5 0.5 0.5 0.5 0.9977791 
Car 0.5 3 0 1164.7427 232.4776 1242.0 375.0 0.5 0.5 0.5 0.5 0.5 0.5 0.5 0.99688894 
Car 0.5 3 0 333.08508 193.67358 373.04355 248.66853 0.5 0.5 0.5 0.5 0.5 0.5 0.5 0.9943269 
Car 0.5 3 0 585.1443 181.0422 639.4621 241.576 0.5 0.5 0.5 0.5 0.5 0.5 0.5 0.9934674 
Car 0.5 3 0 718.5703 188.80107 1041.0386 366.56738 0.5 0.5 0.5 0.5 0.5 0.5 0.5 0.9918248 
Car 0.5 3 0 345.4607 188.42328 391.95612 232.1811 0.5 0.5 0.5 0.5 0.5 0.5 0.5 0.99110466 
Car 0.5 3 0 622.9997 174.8996 742.59644 264.808 0.5 0.5 0.5 0.5 0.5 0.5 0.5 0.99005765 
Car 0.5 3 0 228.05095 181.54045 344.73947 279.3662 0.5 0.5 0.5 0.5 0.5 0.5 0.5 0.97442585 
Pedestrian 0.5 3 0 810.32385 162.55664 839.3256 194.01874 0.5 0.5 0.5 0.5 0.5 0.5 0.5 0.9705082 
Car 0.5 3 0 491.59662 169.53743 524.17804 206.67848 0.5 0.5 0.5 0.5 0.5 0.5 0.5 0.93096334 
Car 0.5 3 0 475.08127 172.70432 493.0418 182.47916 0.5 0.5 0.5 0.5 0.5 0.5 0.5 0.89412755 
Car 0.5 3 0 569.7602 182.42043 602.7046 226.66432 0.5 0.5 0.5 0.5 0.5 0.5 0.5 0.87204325 
Car 0.5 3 0 376.42468 181.3555 422.75168 211.6703 0.5 0.5 0.5 0.5 0.5 0.5 0.5 0.83264 
Car 0.5 3 0 561.22955 175.79156 582.88153 196.59624 0.5 0.5 0.5 0.5 0.5 0.5 0.5 0.7068414 
Cyclist 0.5 3 0 540.2934 215.81355 564.0247 273.84073 0.5 0.5 0.5 0.5 0.5 0.5 0.5 0.6698776 
Car 0.5 3 0 463.046 176.97899 474.89328 186.42812 0.5 0.5 0.5 0.5 0.5 0.5 0.5 0.647052 
Car 0.5 3 0 532.3801 174.66617 551.18414 192.80888 0.5 0.5 0.5 0.5 0.5 0.5 0.5 0.5807737 
Pedestrian 0.5 3 0 335.46 176.49886 347.96167 194.66609 0.5 0.5 0.5 0.5 0.5 0.5 0.5 0.54041594 
Car 0.5 3 0 566.90826 179.44922 597.93866 210.41019 0.5 0.5 0.5 0.5 0.5 0.5 0.5 0.5029265 
