Pedestrian 0.5 3 0 819.69147 183.85445 856.1275 264.43405 0.5 0.5 0.5 0.5 0.5 0.5 0.5 0.9964498 
Car 0.5 3 0 887.93054 190.0047 985.6851 243.84666 0.5 0.5 0.5 0.5 0.5 0.5 0.5 0.99558496 
Car 0.5 3 0 852.83057 190.6155 899.4725 233.25433 0.5 0.5 0.5 0.5 0.5 0.5 0.5 0.9881875 
Car 0.5 3 0 634.04364 180.7645 684.1973 220.87473 0.5 0.5 0.5 0.5 0.5 0.5 0.5 0.983013 
Car 0.5 3 0 744.67975 174.36737 791.4425 219.43756 0.5 0.5 0.5 0.5 0.5 0.5 0.5 0.92675036 
Car 0.5 3 0 791.8981 186.50832 821.54004 214.13623 0.5 0.5 0.5 0.5 0.5 0.5 0.5 0.8991513 
Cyclist 0.5 3 0 824.4832 225.80466 852.2636 285.8447 0.5 0.5 0.5 0.5 0.5 0.5 0.5 0.853968 
Car 0.5 3 0 723.9869 179.3348 735.5256 190.85945 0.5 0.5 0.5 0.5 0.5 0.5 0.5 0.7636884 
Car 0.5 3 0 733.59705 179.38911 748.99725 193.02626 0.5 0.5 0.5 0.5 0.5 0.5 0.5 0.75793886 
Car 0.5 3 0 814.2267 185.38145 833.8158 216.44139 0.5 0.5 0.5 0.5 0.5 0.5 0.5 0.6759894 
Car 0.5 3 0 842.31665 183.97408 860.8631 199.20184 0.5 0.5 0.5 0.5 0.5 0.5 0.5 0.59398407 
