Pedestrian 0.5 3 0 788.9381 180.98068 826.25885 262.72864 0.5 0.5 0.5 0.5 0.5 0.5 0.5 0.9951173 
Car 0.5 3 0 823.65656 186.13852 924.0492 246.42632 0.5 0.5 0.5 0.5 0.5 0.5 0.5 0.9930126 
Car 0.5 3 0 1.7699528 180.85573 215.27408 290.11978 0.5 0.5 0.5 0.5 0.5 0.5 0.5 0.9903019 
Car 0.5 3 0 732.2743 179.53896 781.5399 219.44037 0.5 0.5 0.5 0.5 0.5 0.5 0.5 0.98900956 
Car 0.5 3 0 651.4984 169.83463 696.1387 211.39316 0.5 0.5 0.5 0.5 0.5 0.5 0.5 0.9783739 
Car 0.5 3 0 541.82245 177.4671 593.165 219.06595 0.5 0.5 0.5 0.5 0.5 0.5 0.5 0.9739169 
Car 0.5 3 0 708.8037 182.46893 739.5681 211.4817 0.5 0.5 0.5 0.5 0.5 0.5 0.5 0.9470843 
Car 0.5 3 0 767.83856 186.93332 836.01733 229.35936 0.5 0.5 0.5 0.5 0.5 0.5 0.5 0.94616395 
Pedestrian 0.5 3 0 1164.4608 116.21471 1239.099 371.17026 0.5 0.5 0.5 0.5 0.5 0.5 0.5 0.82122386 
Pedestrian 0.5 3 0 211.68613 180.8194 236.6667 228.01831 0.5 0.5 0.5 0.5 0.5 0.5 0.5 0.81357354 
Car 0.5 3 0 693.13477 178.69635 711.5987 206.91736 0.5 0.5 0.5 0.5 0.5 0.5 0.5 0.8020822 
Pedestrian 0.5 3 0 541.2547 168.69096 555.3844 193.25055 0.5 0.5 0.5 0.5 0.5 0.5 0.5 0.76606387 
Car 0.5 3 0 697.4893 179.93683 725.8843 206.99251 0.5 0.5 0.5 0.5 0.5 0.5 0.5 0.7521934 
Car 0.5 3 0 807.13275 186.238 833.72925 216.14255 0.5 0.5 0.5 0.5 0.5 0.5 0.5 0.72525436 
Car 0.5 3 0 769.7223 185.82523 795.02216 229.96371 0.5 0.5 0.5 0.5 0.5 0.5 0.5 0.7248677 
Pedestrian 0.5 3 0 1165.5343 205.30772 1219.1162 372.32263 0.5 0.5 0.5 0.5 0.5 0.5 0.5 0.6998522 
Car 0.5 3 0 621.0812 168.52405 630.2669 178.38512 0.5 0.5 0.5 0.5 0.5 0.5 0.5 0.6354263 
Car 0.5 3 0 590.24005 171.54346 602.9606 187.31982 0.5 0.5 0.5 0.5 0.5 0.5 0.5 0.63038445 
Car 0.5 3 0 631.5347 172.02007 644.3652 184.02402 0.5 0.5 0.5 0.5 0.5 0.5 0.5 0.6153106 
Car 0.5 3 0 640.3994 174.12514 655.28284 187.26251 0.5 0.5 0.5 0.5 0.5 0.5 0.5 0.60131305 
Car 0.5 3 0 559.93207 172.26291 592.972 195.74928 0.5 0.5 0.5 0.5 0.5 0.5 0.5 0.5623272 
Car 0.5 3 0 617.4033 169.51651 628.59283 177.34964 0.5 0.5 0.5 0.5 0.5 0.5 0.5 0.5566492 
