Pedestrian 0.5 3 0 842.13165 179.94571 884.3916 268.017 0.5 0.5 0.5 0.5 0.5 0.5 0.5 0.99540776 
Car 0.5 3 0 953.9408 190.52435 976.4466 226.64558 0.5 0.5 0.5 0.5 0.5 0.5 0.5 0.986679 
Pedestrian 0.5 3 0 316.97232 167.23051 366.32788 254.20152 0.5 0.5 0.5 0.5 0.5 0.5 0.5 0.9818417 
Car 0.5 3 0 926.6486 184.51114 966.96265 217.81442 0.5 0.5 0.5 0.5 0.5 0.5 0.5 0.9766228 
Car 0.5 3 0 750.86017 180.96657 800.15027 217.66833 0.5 0.5 0.5 0.5 0.5 0.5 0.5 0.96792084 
Cyclist 0.5 3 0 843.24506 225.49663 869.67957 284.6028 0.5 0.5 0.5 0.5 0.5 0.5 0.5 0.9403702 
Car 0.5 3 0 868.22656 173.30742 911.65125 223.15782 0.5 0.5 0.5 0.5 0.5 0.5 0.5 0.874531 
Car 0.5 3 0 909.858 185.7911 932.37244 211.3196 0.5 0.5 0.5 0.5 0.5 0.5 0.5 0.7875271 
Car 0.5 3 0 963.2291 139.70926 1242.0 370.7071 0.5 0.5 0.5 0.5 0.5 0.5 0.5 0.76304466 
Car 0.5 3 0 806.6893 177.11491 821.10345 191.77362 0.5 0.5 0.5 0.5 0.5 0.5 0.5 0.7501901 
Car 0.5 3 0 847.0881 178.13667 860.484 189.65031 0.5 0.5 0.5 0.5 0.5 0.5 0.5 0.6659363 
Car 0.5 3 0 796.07733 178.72438 812.26526 196.01611 0.5 0.5 0.5 0.5 0.5 0.5 0.5 0.6293554 
Car 0.5 3 0 769.42334 176.08675 800.7299 201.22578 0.5 0.5 0.5 0.5 0.5 0.5 0.5 0.6069206 
Car 0.5 3 0 856.45807 179.80875 876.206 191.81775 0.5 0.5 0.5 0.5 0.5 0.5 0.5 0.5299978 
