Car 0.5 3 0 757.8097 191.76978 872.1722 267.81168 0.5 0.5 0.5 0.5 0.5 0.5 0.5 0.9974158 
Pedestrian 0.5 3 0 694.3629 183.28168 732.86694 273.43582 0.5 0.5 0.5 0.5 0.5 0.5 0.5 0.99608433 
Car 0.5 3 0 398.69922 177.99387 471.4866 232.6878 0.5 0.5 0.5 0.5 0.5 0.5 0.5 0.99074346 
Car 0.5 3 0 632.5762 181.80186 691.02295 229.26166 0.5 0.5 0.5 0.5 0.5 0.5 0.5 0.9861907 
Car 0.5 3 0 607.75964 183.11989 644.2102 218.58105 0.5 0.5 0.5 0.5 0.5 0.5 0.5 0.96093994 
Car 0.5 3 0 532.75385 171.31349 575.41797 211.08775 0.5 0.5 0.5 0.5 0.5 0.5 0.5 0.9505166 
Car 0.5 3 0 680.5966 190.66248 767.41614 242.49031 0.5 0.5 0.5 0.5 0.5 0.5 0.5 0.9399474 
Pedestrian 0.5 3 0 492.60898 171.79927 499.9052 191.6271 0.5 0.5 0.5 0.5 0.5 0.5 0.5 0.8694352 
Car 0.5 3 0 591.6597 182.6242 624.2198 212.72453 0.5 0.5 0.5 0.5 0.5 0.5 0.5 0.858016 
Car 0.5 3 0 583.1627 180.83806 609.93414 210.29242 0.5 0.5 0.5 0.5 0.5 0.5 0.5 0.85403824 
Car 0.5 3 0 572.9367 178.08917 593.87885 200.59424 0.5 0.5 0.5 0.5 0.5 0.5 0.5 0.83750874 
Car 0.5 3 0 430.27444 173.07837 473.45212 199.71844 0.5 0.5 0.5 0.5 0.5 0.5 0.5 0.8021375 
Car 0.5 3 0 580.73505 180.9898 595.86786 205.52534 0.5 0.5 0.5 0.5 0.5 0.5 0.5 0.6306155 
Pedestrian 0.5 3 0 422.3778 168.01785 434.5513 180.3967 0.5 0.5 0.5 0.5 0.5 0.5 0.5 0.60988456 
Cyclist 0.5 3 0 702.38257 221.57608 728.4918 278.08984 0.5 0.5 0.5 0.5 0.5 0.5 0.5 0.57849294 
Car 0.5 3 0 522.5772 172.81773 535.1823 186.12518 0.5 0.5 0.5 0.5 0.5 0.5 0.5 0.55214703 
