Pedestrian 0.5 3 0 592.5666 172.02733 653.2005 312.6965 0.5 0.5 0.5 0.5 0.5 0.5 0.5 0.9983612 
Cyclist 0.5 3 0 768.7445 214.98753 890.1292 327.37643 0.5 0.5 0.5 0.5 0.5 0.5 0.5 0.9943036 
Cyclist 0.5 3 0 706.2087 222.39745 765.6916 301.76434 0.5 0.5 0.5 0.5 0.5 0.5 0.5 0.96920085 
Cyclist 0.5 3 0 592.8032 242.87944 660.36273 336.02972 0.5 0.5 0.5 0.5 0.5 0.5 0.5 0.9586987 
Car 0.5 3 0 703.86456 164.83228 793.3338 215.95955 0.5 0.5 0.5 0.5 0.5 0.5 0.5 0.91468596 
Car 0.5 3 0 343.61917 196.569 371.5968 218.18797 0.5 0.5 0.5 0.5 0.5 0.5 0.5 0.8159498 
Car 0.5 3 0 344.8933 195.57487 393.16367 215.77722 0.5 0.5 0.5 0.5 0.5 0.5 0.5 0.8059416 
Car 0.5 3 0 413.01782 190.2714 467.82874 223.82086 0.5 0.5 0.5 0.5 0.5 0.5 0.5 0.7162321 
Pedestrian 0.5 3 0 410.51114 194.12186 430.86136 221.18513 0.5 0.5 0.5 0.5 0.5 0.5 0.5 0.6971089 
Pedestrian 0.5 3 0 589.594 178.59148 605.3609 239.31497 0.5 0.5 0.5 0.5 0.5 0.5 0.5 0.5403915 
