Pedestrian 0.5 3 0 597.2364 166.80478 658.32825 313.58414 0.5 0.5 0.5 0.5 0.5 0.5 0.5 0.9986053 
Cyclist 0.5 3 0 728.32635 208.37253 830.18286 309.3847 0.5 0.5 0.5 0.5 0.5 0.5 0.5 0.9937854 
Cyclist 0.5 3 0 591.3159 233.67824 668.3321 330.30707 0.5 0.5 0.5 0.5 0.5 0.5 0.5 0.9836517 
Cyclist 0.5 3 0 667.74744 215.44026 725.09143 287.02618 0.5 0.5 0.5 0.5 0.5 0.5 0.5 0.9459468 
Pedestrian 0.5 3 0 387.71872 188.23477 408.6297 214.57605 0.5 0.5 0.5 0.5 0.5 0.5 0.5 0.9082318 
Car 0.5 3 0 688.917 162.59114 762.3265 212.01436 0.5 0.5 0.5 0.5 0.5 0.5 0.5 0.8973925 
Pedestrian 0.5 3 0 568.7394 171.43054 581.27795 207.08159 0.5 0.5 0.5 0.5 0.5 0.5 0.5 0.83780664 
Car 0.5 3 0 415.96317 181.57246 441.91516 202.55284 0.5 0.5 0.5 0.5 0.5 0.5 0.5 0.70665324 
Cyclist 0.5 3 0 1179.721 214.84406 1240.4456 282.92886 0.5 0.5 0.5 0.5 0.5 0.5 0.5 0.67963856 
Car 0.5 3 0 417.3343 183.09193 440.2536 217.72008 0.5 0.5 0.5 0.5 0.5 0.5 0.5 0.5678728 
