Pedestrian 0.5 3 0 982.95575 165.77866 1043.4089 313.89212 0.5 0.5 0.5 0.5 0.5 0.5 0.5 0.9970951 
Car 0.5 3 0 1172.3394 157.73906 1241.3179 270.41266 0.5 0.5 0.5 0.5 0.5 0.5 0.5 0.9779317 
Pedestrian 0.5 3 0 854.22815 171.72408 874.2793 230.45193 0.5 0.5 0.5 0.5 0.5 0.5 0.5 0.9199096 
Pedestrian 0.5 3 0 1008.5578 166.8434 1044.7365 281.9986 0.5 0.5 0.5 0.5 0.5 0.5 0.5 0.9136785 
Cyclist 0.5 3 0 188.18819 202.33907 257.2788 258.49088 0.5 0.5 0.5 0.5 0.5 0.5 0.5 0.9133652 
Cyclist 0.5 3 0 612.94666 193.94366 681.02264 236.6172 0.5 0.5 0.5 0.5 0.5 0.5 0.5 0.9085021 
Car 0.5 3 0 1088.0542 156.9893 1207.569 239.32957 0.5 0.5 0.5 0.5 0.5 0.5 0.5 0.9061415 
Pedestrian 0.5 3 0 548.1315 195.79906 582.82385 239.1052 0.5 0.5 0.5 0.5 0.5 0.5 0.5 0.8446774 
Pedestrian 0.5 3 0 567.1493 191.25731 589.6875 231.01619 0.5 0.5 0.5 0.5 0.5 0.5 0.5 0.6750282 
Car 0.5 3 0 601.71106 181.56265 645.2622 207.33267 0.5 0.5 0.5 0.5 0.5 0.5 0.5 0.66913944 
Cyclist 0.5 3 0 242.09029 208.44792 278.38538 259.19122 0.5 0.5 0.5 0.5 0.5 0.5 0.5 0.65844256 
Cyclist 0.5 3 0 611.42596 200.75027 641.3288 235.9885 0.5 0.5 0.5 0.5 0.5 0.5 0.5 0.5331541 
Car 0.5 3 0 598.977 180.9727 680.6817 217.4662 0.5 0.5 0.5 0.5 0.5 0.5 0.5 0.5280818 
