Pedestrian 0.5 3 0 895.34454 181.62364 942.80365 276.08237 0.5 0.5 0.5 0.5 0.5 0.5 0.5 0.9983891 
Cyclist 0.5 3 0 111.60435 216.4632 251.45444 312.3514 0.5 0.5 0.5 0.5 0.5 0.5 0.5 0.9955716 
Pedestrian 0.5 3 0 565.31995 179.60924 596.77625 267.38376 0.5 0.5 0.5 0.5 0.5 0.5 0.5 0.96245384 
Car 0.5 3 0 1039.9707 149.9522 1240.7596 339.6605 0.5 0.5 0.5 0.5 0.5 0.5 0.5 0.96233094 
Car 0.5 3 0 928.49255 181.53564 963.0907 215.3399 0.5 0.5 0.5 0.5 0.5 0.5 0.5 0.95051473 
Cyclist 0.5 3 0 281.62534 197.36569 321.4596 242.17747 0.5 0.5 0.5 0.5 0.5 0.5 0.5 0.9407972 
Car 0.5 3 0 999.3034 171.4363 1043.6915 230.13971 0.5 0.5 0.5 0.5 0.5 0.5 0.5 0.83789206 
Car 0.5 3 0 193.13084 190.6518 228.88043 215.34953 0.5 0.5 0.5 0.5 0.5 0.5 0.5 0.8162295 
Pedestrian 0.5 3 0 220.47139 180.47777 244.02956 216.48085 0.5 0.5 0.5 0.5 0.5 0.5 0.5 0.71535766 
Car 0.5 3 0 960.5401 176.03725 985.7076 197.26173 0.5 0.5 0.5 0.5 0.5 0.5 0.5 0.54124 
