Car 0.5 3 0 801.2056 188.1775 904.26105 252.06973 0.5 0.5 0.5 0.5 0.5 0.5 0.5 0.9963403 
Pedestrian 0.5 3 0 762.106 183.0147 801.4061 268.1643 0.5 0.5 0.5 0.5 0.5 0.5 0.5 0.99343526 
Car 0.5 3 0 0.18249802 200.2771 161.21852 316.4656 0.5 0.5 0.5 0.5 0.5 0.5 0.5 0.9923322 
Car 0.5 3 0 694.5013 181.2551 748.3512 223.53923 0.5 0.5 0.5 0.5 0.5 0.5 0.5 0.98472345 
Car 0.5 3 0 488.60272 180.12329 549.5144 226.47778 0.5 0.5 0.5 0.5 0.5 0.5 0.5 0.98332614 
Car 0.5 3 0 737.22546 188.69165 807.1093 235.72476 0.5 0.5 0.5 0.5 0.5 0.5 0.5 0.96312004 
Car 0.5 3 0 671.08466 183.16545 702.8494 215.28021 0.5 0.5 0.5 0.5 0.5 0.5 0.5 0.95745 
Car 0.5 3 0 609.2793 171.20236 653.0121 212.65642 0.5 0.5 0.5 0.5 0.5 0.5 0.5 0.94258875 
Car 0.5 3 0 736.69763 190.487 769.95807 236.91208 0.5 0.5 0.5 0.5 0.5 0.5 0.5 0.9044385 
Car 0.5 3 0 658.69696 182.72234 689.64197 209.88647 0.5 0.5 0.5 0.5 0.5 0.5 0.5 0.8565566 
Pedestrian 0.5 3 0 108.9501 183.19972 139.52731 237.5263 0.5 0.5 0.5 0.5 0.5 0.5 0.5 0.84535986 
Car 0.5 3 0 591.64374 174.88892 601.41907 185.61378 0.5 0.5 0.5 0.5 0.5 0.5 0.5 0.8169214 
Car 0.5 3 0 651.3867 181.4951 677.3483 209.31491 0.5 0.5 0.5 0.5 0.5 0.5 0.5 0.80651164 
Car 0.5 3 0 513.71893 174.51204 546.77637 196.03824 0.5 0.5 0.5 0.5 0.5 0.5 0.5 0.7181847 
Pedestrian 0.5 3 0 563.99896 173.39427 569.4327 189.63383 0.5 0.5 0.5 0.5 0.5 0.5 0.5 0.6845282 
Car 0.5 3 0 599.3847 174.46712 614.0366 188.40804 0.5 0.5 0.5 0.5 0.5 0.5 0.5 0.6235182 
Pedestrian 0.5 3 0 500.09503 169.40729 511.54367 184.20367 0.5 0.5 0.5 0.5 0.5 0.5 0.5 0.5228978 
Car 0.5 3 0 591.7981 173.46901 608.1593 186.81444 0.5 0.5 0.5 0.5 0.5 0.5 0.5 0.5223684 
Cyclist 0.5 3 0 774.31256 224.67664 796.40735 281.07468 0.5 0.5 0.5 0.5 0.5 0.5 0.5 0.50723517 
