Pedestrian 0.5 3 0 935.2956 178.42389 984.4056 282.36368 0.5 0.5 0.5 0.5 0.5 0.5 0.5 0.9981244 
Cyclist 0.5 3 0 323.78073 204.00917 425.21115 280.4203 0.5 0.5 0.5 0.5 0.5 0.5 0.5 0.9974706 
Car 0.5 3 0 997.5111 182.58759 1060.4705 219.83861 0.5 0.5 0.5 0.5 0.5 0.5 0.5 0.9892775 
Car 0.5 3 0 1074.7638 155.27649 1242.0 327.79498 0.5 0.5 0.5 0.5 0.5 0.5 0.5 0.98315364 
Pedestrian 0.5 3 0 663.10944 181.92567 686.1278 254.597 0.5 0.5 0.5 0.5 0.5 0.5 0.5 0.9725336 
Cyclist 0.5 3 0 414.44153 196.39761 445.55573 233.00247 0.5 0.5 0.5 0.5 0.5 0.5 0.5 0.8906848 
Car 0.5 3 0 1060.5095 168.75227 1091.2246 235.0746 0.5 0.5 0.5 0.5 0.5 0.5 0.5 0.8730827 
Pedestrian 0.5 3 0 255.918 212.86978 290.00363 271.19885 0.5 0.5 0.5 0.5 0.5 0.5 0.5 0.8021794 
Car 0.5 3 0 328.00165 189.69785 365.7652 207.9005 0.5 0.5 0.5 0.5 0.5 0.5 0.5 0.74462545 
Car 0.5 3 0 413.28998 189.2621 437.53836 213.29968 0.5 0.5 0.5 0.5 0.5 0.5 0.5 0.71402556 
