Car 0.5 3 0 794.28687 190.84865 1242.0 370.9504 0.5 0.5 0.5 0.5 0.5 0.5 0.5 0.997718 
Car 0.5 3 0 0.37696683 208.43059 237.15886 374.5238 0.5 0.5 0.5 0.5 0.5 0.5 0.5 0.9974279 
Pedestrian 0.5 3 0 551.6428 176.22417 586.02924 256.58786 0.5 0.5 0.5 0.5 0.5 0.5 0.5 0.9972174 
Car 0.5 3 0 336.0092 191.69589 386.76578 251.64015 0.5 0.5 0.5 0.5 0.5 0.5 0.5 0.99613297 
Car 0.5 3 0 617.6201 179.3405 679.0446 247.76071 0.5 0.5 0.5 0.5 0.5 0.5 0.5 0.99387795 
Car 0.5 3 0 359.46988 185.48558 409.3889 232.80835 0.5 0.5 0.5 0.5 0.5 0.5 0.5 0.9931371 
Car 0.5 3 0 657.32605 171.89325 807.3243 276.96472 0.5 0.5 0.5 0.5 0.5 0.5 0.5 0.99156594 
Pedestrian 0.5 3 0 886.7928 159.84367 929.9582 207.96571 0.5 0.5 0.5 0.5 0.5 0.5 0.5 0.97248703 
Car 0.5 3 0 207.6918 178.3119 346.98474 292.05435 0.5 0.5 0.5 0.5 0.5 0.5 0.5 0.9648604 
Car 0.5 3 0 587.7194 175.1479 612.09827 220.50273 0.5 0.5 0.5 0.5 0.5 0.5 0.5 0.9461543 
Car 0.5 3 0 598.06647 178.66624 641.0101 229.79315 0.5 0.5 0.5 0.5 0.5 0.5 0.5 0.93661636 
Pedestrian 0.5 3 0 481.03146 172.1457 492.26913 200.81471 0.5 0.5 0.5 0.5 0.5 0.5 0.5 0.93609107 
Car 0.5 3 0 501.48224 169.55756 521.3723 181.21379 0.5 0.5 0.5 0.5 0.5 0.5 0.5 0.89997756 
Car 0.5 3 0 518.83185 167.27222 551.9341 201.78922 0.5 0.5 0.5 0.5 0.5 0.5 0.5 0.7889404 
Car 0.5 3 0 579.35645 172.56372 609.1649 207.34015 0.5 0.5 0.5 0.5 0.5 0.5 0.5 0.7767793 
Pedestrian 0.5 3 0 334.33224 173.86107 349.5547 192.12877 0.5 0.5 0.5 0.5 0.5 0.5 0.5 0.7018685 
Car 0.5 3 0 395.8889 177.74794 444.71808 210.32483 0.5 0.5 0.5 0.5 0.5 0.5 0.5 0.6987658 
Car 0.5 3 0 593.61725 177.01001 623.2285 223.08406 0.5 0.5 0.5 0.5 0.5 0.5 0.5 0.6546929 
Car 0.5 3 0 576.10425 175.03362 597.42163 204.06363 0.5 0.5 0.5 0.5 0.5 0.5 0.5 0.5574209 
