Car 0.5 3 0 902.41907 181.77496 1240.4341 371.74625 0.5 0.5 0.5 0.5 0.5 0.5 0.5 0.99753225 
Pedestrian 0.5 3 0 518.46136 174.37477 553.3495 253.43915 0.5 0.5 0.5 0.5 0.5 0.5 0.5 0.99736077 
Car 0.5 3 0 79.360275 196.29333 278.10477 313.75818 0.5 0.5 0.5 0.5 0.5 0.5 0.5 0.99644744 
Car 0.5 3 0 654.7533 181.6294 858.87714 303.2432 0.5 0.5 0.5 0.5 0.5 0.5 0.5 0.99357843 
Car 0.5 3 0 579.7684 172.54434 672.19556 248.51207 0.5 0.5 0.5 0.5 0.5 0.5 0.5 0.9891272 
Car 0.5 3 0 321.96014 186.72015 353.9149 237.45073 0.5 0.5 0.5 0.5 0.5 0.5 0.5 0.98777056 
Car 0.5 3 0 237.4278 179.26506 329.39728 263.5194 0.5 0.5 0.5 0.5 0.5 0.5 0.5 0.98250157 
Cyclist 0.5 3 0 525.8756 208.26186 549.48956 272.53986 0.5 0.5 0.5 0.5 0.5 0.5 0.5 0.94987386 
Pedestrian 0.5 3 0 421.62457 171.67667 430.98096 198.02452 0.5 0.5 0.5 0.5 0.5 0.5 0.5 0.9444892 
Car 0.5 3 0 454.40823 167.64618 489.10715 204.7824 0.5 0.5 0.5 0.5 0.5 0.5 0.5 0.94213724 
Car 0.5 3 0 547.07196 177.47374 594.1937 228.8416 0.5 0.5 0.5 0.5 0.5 0.5 0.5 0.9267265 
Car 0.5 3 0 508.91397 174.79321 528.1738 202.4302 0.5 0.5 0.5 0.5 0.5 0.5 0.5 0.91737264 
Car 0.5 3 0 433.80444 171.08414 449.24622 179.86497 0.5 0.5 0.5 0.5 0.5 0.5 0.5 0.9036145 
Pedestrian 0.5 3 0 727.64856 161.68193 749.08435 183.59563 0.5 0.5 0.5 0.5 0.5 0.5 0.5 0.85211563 
Car 0.5 3 0 327.97766 184.74855 364.13895 225.0693 0.5 0.5 0.5 0.5 0.5 0.5 0.5 0.85022354 
Car 0.5 3 0 504.4556 174.33061 521.549 199.36992 0.5 0.5 0.5 0.5 0.5 0.5 0.5 0.7028696 
Car 0.5 3 0 498.16476 174.04103 514.7234 197.52864 0.5 0.5 0.5 0.5 0.5 0.5 0.5 0.62610924 
Car 0.5 3 0 495.9682 173.57144 508.8555 194.60858 0.5 0.5 0.5 0.5 0.5 0.5 0.5 0.617169 
Car 0.5 3 0 340.961 157.98537 416.31525 205.87674 0.5 0.5 0.5 0.5 0.5 0.5 0.5 0.58607036 
