Pedestrian 0.5 3 0 706.45306 173.60861 783.65283 313.51685 0.5 0.5 0.5 0.5 0.5 0.5 0.5 0.99724245 
Cyclist 0.5 3 0 700.7617 241.4442 802.26465 348.2507 0.5 0.5 0.5 0.5 0.5 0.5 0.5 0.99522614 
Car 0.5 3 0 554.56396 163.48517 619.8306 206.30103 0.5 0.5 0.5 0.5 0.5 0.5 0.5 0.9652052 
Cyclist 0.5 3 0 846.0658 188.78236 928.04736 249.80661 0.5 0.5 0.5 0.5 0.5 0.5 0.5 0.96417725 
Cyclist 0.5 3 0 572.3161 198.7716 633.80927 258.73465 0.5 0.5 0.5 0.5 0.5 0.5 0.5 0.9506598 
Car 0.5 3 0 323.9068 159.75073 415.26123 248.47998 0.5 0.5 0.5 0.5 0.5 0.5 0.5 0.89632404 
Cyclist 0.5 3 0 538.32623 197.88956 574.00165 249.37682 0.5 0.5 0.5 0.5 0.5 0.5 0.5 0.86682427 
Car 0.5 3 0 278.58902 180.10019 326.689 210.11732 0.5 0.5 0.5 0.5 0.5 0.5 0.5 0.8574115 
Pedestrian 0.5 3 0 448.1243 169.93298 460.213 203.99548 0.5 0.5 0.5 0.5 0.5 0.5 0.5 0.80533564 
Car 0.5 3 0 0.0 36.678986 41.969795 122.24771 0.5 0.5 0.5 0.5 0.5 0.5 0.5 0.5398122 
Car 0.5 3 0 179.71573 190.67798 233.52971 208.43082 0.5 0.5 0.5 0.5 0.5 0.5 0.5 0.5047005 
