Car 0.5 3 0 714.9233 186.08453 859.7077 292.51718 0.5 0.5 0.5 0.5 0.5 0.5 0.5 0.9968072 
Car 0.5 3 0 604.3984 188.66064 720.4623 262.5188 0.5 0.5 0.5 0.5 0.5 0.5 0.5 0.9940906 
Pedestrian 0.5 3 0 554.0221 180.99315 590.5354 272.13934 0.5 0.5 0.5 0.5 0.5 0.5 0.5 0.99392164 
Car 0.5 3 0 214.59464 192.01099 329.8409 267.36832 0.5 0.5 0.5 0.5 0.5 0.5 0.5 0.99192977 
Car 0.5 3 0 285.76218 184.29285 353.52664 243.33476 0.5 0.5 0.5 0.5 0.5 0.5 0.5 0.9783932 
Car 0.5 3 0 490.92807 184.10672 536.09985 216.28339 0.5 0.5 0.5 0.5 0.5 0.5 0.5 0.96359134 
Car 0.5 3 0 428.85794 174.89241 467.79868 213.78542 0.5 0.5 0.5 0.5 0.5 0.5 0.5 0.9031855 
Car 0.5 3 0 515.84064 185.88042 553.498 225.44011 0.5 0.5 0.5 0.5 0.5 0.5 0.5 0.8802688 
Car 0.5 3 0 541.5523 180.51787 615.84607 229.92836 0.5 0.5 0.5 0.5 0.5 0.5 0.5 0.85707194 
Car 0.5 3 0 489.77084 182.12494 511.05627 213.30293 0.5 0.5 0.5 0.5 0.5 0.5 0.5 0.8559124 
Car 0.5 3 0 473.98053 181.12097 504.58713 205.26436 0.5 0.5 0.5 0.5 0.5 0.5 0.5 0.8171687 
Car 0.5 3 0 854.43805 177.88557 883.5496 200.4965 0.5 0.5 0.5 0.5 0.5 0.5 0.5 0.75041425 
Cyclist 0.5 3 0 562.067 225.08032 585.86053 273.8588 0.5 0.5 0.5 0.5 0.5 0.5 0.5 0.7091917 
Car 0.5 3 0 462.6956 179.5447 477.51138 200.96114 0.5 0.5 0.5 0.5 0.5 0.5 0.5 0.65351075 
Car 0.5 3 0 328.40875 184.57088 355.99664 233.22878 0.5 0.5 0.5 0.5 0.5 0.5 0.5 0.64729667 
Car 0.5 3 0 330.53418 167.50328 385.78894 206.23024 0.5 0.5 0.5 0.5 0.5 0.5 0.5 0.56091875 
Car 0.5 3 0 470.29205 181.51018 489.90405 204.02403 0.5 0.5 0.5 0.5 0.5 0.5 0.5 0.5490052 
Pedestrian 0.5 3 0 393.3966 176.57732 401.22098 197.68127 0.5 0.5 0.5 0.5 0.5 0.5 0.5 0.5379985 
Car 0.5 3 0 336.9399 186.54207 356.8509 209.9843 0.5 0.5 0.5 0.5 0.5 0.5 0.5 0.51800114 
Car 0.5 3 0 274.8415 189.57494 328.24747 249.9454 0.5 0.5 0.5 0.5 0.5 0.5 0.5 0.50116074 
