Pedestrian 0.5 3 0 794.89294 178.98074 832.5243 265.34943 0.5 0.5 0.5 0.5 0.5 0.5 0.5 0.99701095 
Car 0.5 3 0 831.9695 186.23845 930.91797 242.82176 0.5 0.5 0.5 0.5 0.5 0.5 0.5 0.99365234 
Car 0.5 3 0 744.10876 179.44817 792.6768 217.44244 0.5 0.5 0.5 0.5 0.5 0.5 0.5 0.9896827 
Car 0.5 3 0 56.92843 184.35097 231.67633 276.80057 0.5 0.5 0.5 0.5 0.5 0.5 0.5 0.9865936 
Car 0.5 3 0 665.36694 169.63547 710.6782 212.745 0.5 0.5 0.5 0.5 0.5 0.5 0.5 0.96812606 
Car 0.5 3 0 558.46985 177.30884 606.5808 220.71921 0.5 0.5 0.5 0.5 0.5 0.5 0.5 0.96698195 
Car 0.5 3 0 721.9824 182.20877 752.17285 211.3551 0.5 0.5 0.5 0.5 0.5 0.5 0.5 0.9377798 
Car 0.5 3 0 781.57367 183.94734 842.02 226.47375 0.5 0.5 0.5 0.5 0.5 0.5 0.5 0.9112758 
Pedestrian 0.5 3 0 556.21136 168.70561 570.1323 193.57994 0.5 0.5 0.5 0.5 0.5 0.5 0.5 0.87864715 
Car 0.5 3 0 1120.4811 105.91749 1240.0548 375.0 0.5 0.5 0.5 0.5 0.5 0.5 0.5 0.84082985 
Pedestrian 0.5 3 0 242.72118 178.10397 269.87933 224.98572 0.5 0.5 0.5 0.5 0.5 0.5 0.5 0.79064995 
Car 0.5 3 0 652.51355 173.47394 668.5638 186.53943 0.5 0.5 0.5 0.5 0.5 0.5 0.5 0.747983 
Car 0.5 3 0 708.2646 178.25476 729.5741 206.67805 0.5 0.5 0.5 0.5 0.5 0.5 0.5 0.74264616 
Car 0.5 3 0 814.44867 186.24951 843.6828 218.7964 0.5 0.5 0.5 0.5 0.5 0.5 0.5 0.655722 
Car 0.5 3 0 645.5949 172.84566 655.97327 185.13501 0.5 0.5 0.5 0.5 0.5 0.5 0.5 0.64792466 
Car 0.5 3 0 715.2997 181.41013 739.1294 207.36703 0.5 0.5 0.5 0.5 0.5 0.5 0.5 0.64112556 
Car 0.5 3 0 575.70215 172.26915 611.65704 192.18454 0.5 0.5 0.5 0.5 0.5 0.5 0.5 0.62091553 
Pedestrian 0.5 3 0 617.67236 172.12125 625.21655 186.03253 0.5 0.5 0.5 0.5 0.5 0.5 0.5 0.5197214 
