Pedestrian 0.5 3 0 827.46094 180.05515 863.1203 268.4049 0.5 0.5 0.5 0.5 0.5 0.5 0.5 0.9987619 
Car 0.5 3 0 875.8261 188.12471 929.09595 229.65236 0.5 0.5 0.5 0.5 0.5 0.5 0.5 0.99436283 
Car 0.5 3 0 912.1014 189.23047 973.4597 239.94203 0.5 0.5 0.5 0.5 0.5 0.5 0.5 0.9940043 
Pedestrian 0.5 3 0 3.5408795 154.0867 101.69564 371.0049 0.5 0.5 0.5 0.5 0.5 0.5 0.5 0.990319 
Car 0.5 3 0 667.8252 179.06363 717.6131 216.38261 0.5 0.5 0.5 0.5 0.5 0.5 0.5 0.9561426 
Car 0.5 3 0 855.0694 183.63864 887.64325 216.27435 0.5 0.5 0.5 0.5 0.5 0.5 0.5 0.91023844 
Cyclist 0.5 3 0 826.734 224.3248 856.1102 284.09384 0.5 0.5 0.5 0.5 0.5 0.5 0.5 0.8620995 
Car 0.5 3 0 779.26715 172.91884 826.61017 219.5735 0.5 0.5 0.5 0.5 0.5 0.5 0.5 0.85292536 
Car 0.5 3 0 767.01935 178.75783 781.8505 192.5647 0.5 0.5 0.5 0.5 0.5 0.5 0.5 0.74868923 
Car 0.5 3 0 756.68445 179.40926 766.74054 190.23195 0.5 0.5 0.5 0.5 0.5 0.5 0.5 0.70623374 
