Pedestrian 0.5 3 0 515.365 174.82379 552.14374 260.28116 0.5 0.5 0.5 0.5 0.5 0.5 0.5 0.9988927 
Car 0.5 3 0 87.72326 196.9385 282.7317 309.2342 0.5 0.5 0.5 0.5 0.5 0.5 0.5 0.9971213 
Car 0.5 3 0 641.8345 179.85863 827.7104 295.34296 0.5 0.5 0.5 0.5 0.5 0.5 0.5 0.9963307 
Car 0.5 3 0 861.34216 174.79758 1144.7004 364.91348 0.5 0.5 0.5 0.5 0.5 0.5 0.5 0.99430025 
Car 0.5 3 0 568.5938 171.29326 660.60754 247.91176 0.5 0.5 0.5 0.5 0.5 0.5 0.5 0.99126476 
Car 0.5 3 0 317.42154 185.52968 355.33298 236.01677 0.5 0.5 0.5 0.5 0.5 0.5 0.5 0.98508376 
Car 0.5 3 0 245.44975 179.49535 327.03003 260.8551 0.5 0.5 0.5 0.5 0.5 0.5 0.5 0.97309136 
Car 0.5 3 0 445.87576 168.69322 480.37936 205.38489 0.5 0.5 0.5 0.5 0.5 0.5 0.5 0.9638193 
Car 0.5 3 0 501.2423 173.84502 532.87427 202.40782 0.5 0.5 0.5 0.5 0.5 0.5 0.5 0.9312622 
Car 0.5 3 0 422.95486 169.83688 439.4427 179.99638 0.5 0.5 0.5 0.5 0.5 0.5 0.5 0.9129808 
Pedestrian 0.5 3 0 412.67633 172.74998 422.89438 198.31306 0.5 0.5 0.5 0.5 0.5 0.5 0.5 0.91181356 
Car 0.5 3 0 539.93756 177.31888 581.1893 224.72087 0.5 0.5 0.5 0.5 0.5 0.5 0.5 0.9099016 
Pedestrian 0.5 3 0 710.49426 162.30566 731.37067 182.48521 0.5 0.5 0.5 0.5 0.5 0.5 0.5 0.89416116 
Car 0.5 3 0 498.57602 174.77223 515.6249 200.36424 0.5 0.5 0.5 0.5 0.5 0.5 0.5 0.8884754 
Cyclist 0.5 3 0 527.63043 219.80809 547.9057 270.5446 0.5 0.5 0.5 0.5 0.5 0.5 0.5 0.83523387 
Car 0.5 3 0 487.75555 173.07143 501.3886 195.4703 0.5 0.5 0.5 0.5 0.5 0.5 0.5 0.8093239 
Car 0.5 3 0 437.0849 169.88245 449.02982 180.48375 0.5 0.5 0.5 0.5 0.5 0.5 0.5 0.65055186 
Car 0.5 3 0 491.70837 174.49284 509.1564 198.20583 0.5 0.5 0.5 0.5 0.5 0.5 0.5 0.6076748 
Car 0.5 3 0 336.08463 160.35094 408.2788 203.16022 0.5 0.5 0.5 0.5 0.5 0.5 0.5 0.5937149 
Car 0.5 3 0 511.81567 176.12735 579.06824 216.79028 0.5 0.5 0.5 0.5 0.5 0.5 0.5 0.59344125 
Car 0.5 3 0 473.94485 170.82314 488.25217 187.25626 0.5 0.5 0.5 0.5 0.5 0.5 0.5 0.5131703 
