Car 0.5 3 0 724.20294 188.52805 850.0077 275.80276 0.5 0.5 0.5 0.5 0.5 0.5 0.5 0.99560034 
Pedestrian 0.5 3 0 618.1484 180.19308 657.7391 265.15927 0.5 0.5 0.5 0.5 0.5 0.5 0.5 0.99518836 
Car 0.5 3 0 301.80365 180.07787 401.9453 244.36264 0.5 0.5 0.5 0.5 0.5 0.5 0.5 0.99348384 
Car 0.5 3 0 647.6367 187.16342 731.72864 250.80211 0.5 0.5 0.5 0.5 0.5 0.5 0.5 0.9889859 
Car 0.5 3 0 580.07745 179.76367 631.8986 230.3409 0.5 0.5 0.5 0.5 0.5 0.5 0.5 0.9800252 
Car 0.5 3 0 552.23395 181.65785 590.36096 220.8228 0.5 0.5 0.5 0.5 0.5 0.5 0.5 0.9641653 
Car 0.5 3 0 470.66418 170.84375 511.41147 210.51933 0.5 0.5 0.5 0.5 0.5 0.5 0.5 0.95786256 
Car 0.5 3 0 527.2381 180.04176 568.9149 210.5351 0.5 0.5 0.5 0.5 0.5 0.5 0.5 0.9314638 
Car 0.5 3 0 509.206 177.4739 539.18854 201.02266 0.5 0.5 0.5 0.5 0.5 0.5 0.5 0.92361456 
Car 0.5 3 0 350.94406 175.27611 405.8722 222.34114 0.5 0.5 0.5 0.5 0.5 0.5 0.5 0.91313225 
Car 0.5 3 0 527.5212 179.30241 548.6824 209.40248 0.5 0.5 0.5 0.5 0.5 0.5 0.5 0.8340704 
Cyclist 0.5 3 0 629.43134 218.8289 655.9857 274.7203 0.5 0.5 0.5 0.5 0.5 0.5 0.5 0.70860755 
Car 0.5 3 0 417.5964 171.64896 440.56223 189.72067 0.5 0.5 0.5 0.5 0.5 0.5 0.5 0.6313774 
Car 0.5 3 0 390.50742 162.59969 426.26733 195.6617 0.5 0.5 0.5 0.5 0.5 0.5 0.5 0.60107684 
Car 0.5 3 0 348.83078 160.39119 425.00342 198.61514 0.5 0.5 0.5 0.5 0.5 0.5 0.5 0.53814185 
Car 0.5 3 0 457.16653 170.1536 468.99466 178.75706 0.5 0.5 0.5 0.5 0.5 0.5 0.5 0.50409764 
