Pedestrian 0.5 3 0 833.1148 180.35309 878.3581 279.77026 0.5 0.5 0.5 0.5 0.5 0.5 0.5 0.99696594 
Car 0.5 3 0 920.23773 186.12628 970.8117 227.9646 0.5 0.5 0.5 0.5 0.5 0.5 0.5 0.9941865 
Pedestrian 0.5 3 0 223.05527 161.88895 284.19052 318.473 0.5 0.5 0.5 0.5 0.5 0.5 0.5 0.99121386 
Car 0.5 3 0 895.9812 183.10516 936.12604 215.95908 0.5 0.5 0.5 0.5 0.5 0.5 0.5 0.974893 
Car 0.5 3 0 718.9999 180.07272 767.99475 215.4864 0.5 0.5 0.5 0.5 0.5 0.5 0.5 0.90638554 
Car 0.5 3 0 829.24457 172.91443 871.03186 218.10211 0.5 0.5 0.5 0.5 0.5 0.5 0.5 0.871185 
Car 0.5 3 0 873.9145 184.16628 902.64526 209.94165 0.5 0.5 0.5 0.5 0.5 0.5 0.5 0.8566326 
Car 0.5 3 0 820.0104 177.1048 832.9228 191.13486 0.5 0.5 0.5 0.5 0.5 0.5 0.5 0.7774066 
Car 0.5 3 0 956.5103 191.83401 971.8543 236.7922 0.5 0.5 0.5 0.5 0.5 0.5 0.5 0.76097625 
Pedestrian 0.5 3 0 491.63467 184.37389 506.39124 219.75056 0.5 0.5 0.5 0.5 0.5 0.5 0.5 0.548722 
Car 0.5 3 0 734.49005 174.44038 766.749 195.88112 0.5 0.5 0.5 0.5 0.5 0.5 0.5 0.5340454 
Car 0.5 3 0 810.7798 176.35886 822.9061 188.87656 0.5 0.5 0.5 0.5 0.5 0.5 0.5 0.5295955 
Car 0.5 3 0 873.8912 182.8109 901.5853 196.35953 0.5 0.5 0.5 0.5 0.5 0.5 0.5 0.5120293 
