Car 0.5 3 0 843.14813 187.07185 942.48834 244.69655 0.5 0.5 0.5 0.5 0.5 0.5 0.5 0.99271834 
Pedestrian 0.5 3 0 801.4083 178.90135 839.3774 274.18048 0.5 0.5 0.5 0.5 0.5 0.5 0.5 0.9920133 
Car 0.5 3 0 757.66907 180.53624 805.0618 219.694 0.5 0.5 0.5 0.5 0.5 0.5 0.5 0.98787653 
Car 0.5 3 0 112.87272 180.89395 249.43129 270.5716 0.5 0.5 0.5 0.5 0.5 0.5 0.5 0.98549116 
Car 0.5 3 0 569.1789 176.1145 623.5529 218.03929 0.5 0.5 0.5 0.5 0.5 0.5 0.5 0.96676964 
Car 0.5 3 0 735.619 182.017 764.91223 211.2139 0.5 0.5 0.5 0.5 0.5 0.5 0.5 0.95178914 
Car 0.5 3 0 681.23926 169.83383 726.19305 213.37502 0.5 0.5 0.5 0.5 0.5 0.5 0.5 0.9494675 
Car 0.5 3 0 793.27576 187.25383 854.0581 226.60812 0.5 0.5 0.5 0.5 0.5 0.5 0.5 0.88983274 
Car 0.5 3 0 822.57294 186.28252 852.7838 224.52391 0.5 0.5 0.5 0.5 0.5 0.5 0.5 0.8628351 
Pedestrian 0.5 3 0 571.51447 169.11789 585.0051 194.08173 0.5 0.5 0.5 0.5 0.5 0.5 0.5 0.79233915 
Car 0.5 3 0 723.70404 179.97624 741.31555 206.45914 0.5 0.5 0.5 0.5 0.5 0.5 0.5 0.7507007 
Car 0.5 3 0 670.1027 174.9606 683.5636 187.61621 0.5 0.5 0.5 0.5 0.5 0.5 0.5 0.723545 
Car 0.5 3 0 591.05994 174.37148 619.057 192.63144 0.5 0.5 0.5 0.5 0.5 0.5 0.5 0.70377105 
Car 0.5 3 0 618.78436 173.11678 632.7117 188.70363 0.5 0.5 0.5 0.5 0.5 0.5 0.5 0.6254765 
Pedestrian 0.5 3 0 271.861 180.6761 296.39496 221.11172 0.5 0.5 0.5 0.5 0.5 0.5 0.5 0.5930819 
Car 0.5 3 0 659.1957 172.83995 671.0151 184.45718 0.5 0.5 0.5 0.5 0.5 0.5 0.5 0.5567055 
Car 0.5 3 0 621.70074 172.7742 636.10236 184.85019 0.5 0.5 0.5 0.5 0.5 0.5 0.5 0.51293916 
