Car 0.5 3 0 776.7191 190.96414 883.66174 259.21933 0.5 0.5 0.5 0.5 0.5 0.5 0.5 0.99491173 
Pedestrian 0.5 3 0 723.58136 183.67221 762.4533 278.3451 0.5 0.5 0.5 0.5 0.5 0.5 0.5 0.99478865 
Car 0.5 3 0 1.0944479 251.61 64.65498 339.42218 0.5 0.5 0.5 0.5 0.5 0.5 0.5 0.98886555 
Car 0.5 3 0 657.3082 182.27142 713.2285 226.9958 0.5 0.5 0.5 0.5 0.5 0.5 0.5 0.9856431 
Car 0.5 3 0 435.58768 178.56587 505.09195 230.96857 0.5 0.5 0.5 0.5 0.5 0.5 0.5 0.977103 
Car 0.5 3 0 703.7095 188.99463 781.79987 237.80112 0.5 0.5 0.5 0.5 0.5 0.5 0.5 0.9698083 
Car 0.5 3 0 564.39197 171.53099 606.88306 212.89093 0.5 0.5 0.5 0.5 0.5 0.5 0.5 0.9515065 
Car 0.5 3 0 634.34247 184.13441 667.1296 217.21553 0.5 0.5 0.5 0.5 0.5 0.5 0.5 0.90340805 
Car 0.5 3 0 464.96747 175.02783 504.65692 197.89049 0.5 0.5 0.5 0.5 0.5 0.5 0.5 0.9012231 
Car 0.5 3 0 610.5536 182.04555 635.2234 209.48772 0.5 0.5 0.5 0.5 0.5 0.5 0.5 0.88213146 
Car 0.5 3 0 621.1003 183.62256 652.91406 212.46452 0.5 0.5 0.5 0.5 0.5 0.5 0.5 0.85372484 
Car 0.5 3 0 603.24457 179.26204 622.37744 200.58197 0.5 0.5 0.5 0.5 0.5 0.5 0.5 0.8433804 
Pedestrian 0.5 3 0 521.1488 172.01425 528.3842 189.68419 0.5 0.5 0.5 0.5 0.5 0.5 0.5 0.76509875 
Car 0.5 3 0 704.17676 189.3588 733.1029 238.55598 0.5 0.5 0.5 0.5 0.5 0.5 0.5 0.704286 
Car 0.5 3 0 744.67377 189.9282 782.7691 233.7533 0.5 0.5 0.5 0.5 0.5 0.5 0.5 0.6348922 
Cyclist 0.5 3 0 1143.723 227.3095 1236.5919 303.3978 0.5 0.5 0.5 0.5 0.5 0.5 0.5 0.58526707 
Car 0.5 3 0 551.6043 175.00311 562.3621 185.66129 0.5 0.5 0.5 0.5 0.5 0.5 0.5 0.57740635 
