Cyclist 0.5 3 0 998.7656 184.91887 1122.3588 252.42581 0.5 0.5 0.5 0.5 0.5 0.5 0.5 0.9992561 
Pedestrian 0.5 3 0 785.05505 169.42537 870.98096 323.8402 0.5 0.5 0.5 0.5 0.5 0.5 0.5 0.99526453 
Cyclist 0.5 3 0 787.2624 246.53165 896.1317 370.06897 0.5 0.5 0.5 0.5 0.5 0.5 0.5 0.99039346 
Cyclist 0.5 3 0 708.5522 184.20561 763.3262 228.6229 0.5 0.5 0.5 0.5 0.5 0.5 0.5 0.96240383 
Car 0.5 3 0 465.56012 165.08217 525.7471 206.84743 0.5 0.5 0.5 0.5 0.5 0.5 0.5 0.9246281 
Cyclist 0.5 3 0 488.78662 197.83054 534.4609 239.2899 0.5 0.5 0.5 0.5 0.5 0.5 0.5 0.9004948 
Car 0.5 3 0 283.1846 155.35895 414.6265 256.8649 0.5 0.5 0.5 0.5 0.5 0.5 0.5 0.74956816 
Cyclist 0.5 3 0 464.02048 197.03813 489.31937 236.43439 0.5 0.5 0.5 0.5 0.5 0.5 0.5 0.7341391 
Car 0.5 3 0 106.66917 189.4327 147.20694 209.72961 0.5 0.5 0.5 0.5 0.5 0.5 0.5 0.6414389 
Car 0.5 3 0 80.835 193.11842 104.883156 210.64844 0.5 0.5 0.5 0.5 0.5 0.5 0.5 0.5079326 
