Pedestrian 0.5 3 0 875.58685 169.04346 936.6998 301.8693 0.5 0.5 0.5 0.5 0.5 0.5 0.5 0.99429107 
Car 0.5 3 0 1141.2616 153.4884 1241.2582 256.19644 0.5 0.5 0.5 0.5 0.5 0.5 0.5 0.98800886 
Cyclist 0.5 3 0 878.76117 234.62663 913.085 331.28217 0.5 0.5 0.5 0.5 0.5 0.5 0.5 0.9348128 
Car 0.5 3 0 969.9506 157.12218 1139.153 243.30008 0.5 0.5 0.5 0.5 0.5 0.5 0.5 0.8108793 
Pedestrian 0.5 3 0 904.06476 170.03584 939.8732 292.46158 0.5 0.5 0.5 0.5 0.5 0.5 0.5 0.77174187 
Cyclist 0.5 3 0 368.74414 203.70593 401.70102 242.0217 0.5 0.5 0.5 0.5 0.5 0.5 0.5 0.7098303 
Car 0.5 3 0 645.4438 179.87082 730.81573 224.21172 0.5 0.5 0.5 0.5 0.5 0.5 0.5 0.69348145 
Cyclist 0.5 3 0 327.83792 196.97878 376.65616 243.1843 0.5 0.5 0.5 0.5 0.5 0.5 0.5 0.60664606 
Pedestrian 0.5 3 0 616.26373 193.21596 650.17395 229.0896 0.5 0.5 0.5 0.5 0.5 0.5 0.5 0.5975086 
Pedestrian 0.5 3 0 631.5532 187.52574 653.36536 223.15535 0.5 0.5 0.5 0.5 0.5 0.5 0.5 0.5686803 
Pedestrian 0.5 3 0 910.0324 169.56638 940.47876 231.20454 0.5 0.5 0.5 0.5 0.5 0.5 0.5 0.51806843 
