Car 0.5 3 0 715.0292 185.812 848.7201 279.044 0.5 0.5 0.5 0.5 0.5 0.5 0.5 0.99684525 
Pedestrian 0.5 3 0 600.7234 179.51744 635.489 267.47244 0.5 0.5 0.5 0.5 0.5 0.5 0.5 0.9948378 
Car 0.5 3 0 278.35086 183.68007 374.89435 245.86751 0.5 0.5 0.5 0.5 0.5 0.5 0.5 0.9897975 
Car 0.5 3 0 631.4595 185.80019 724.63654 252.61281 0.5 0.5 0.5 0.5 0.5 0.5 0.5 0.98809904 
Car 0.5 3 0 567.06915 179.43906 616.80164 231.0036 0.5 0.5 0.5 0.5 0.5 0.5 0.5 0.96874285 
Car 0.5 3 0 457.01868 170.24959 496.2608 210.37619 0.5 0.5 0.5 0.5 0.5 0.5 0.5 0.95062774 
Car 0.5 3 0 539.26294 182.08235 578.5136 220.89891 0.5 0.5 0.5 0.5 0.5 0.5 0.5 0.9385056 
Car 0.5 3 0 330.47607 176.61095 388.21838 225.98856 0.5 0.5 0.5 0.5 0.5 0.5 0.5 0.9319166 
Car 0.5 3 0 495.8904 177.57018 525.8725 201.53062 0.5 0.5 0.5 0.5 0.5 0.5 0.5 0.9277145 
Car 0.5 3 0 515.31287 180.53465 558.2709 212.86935 0.5 0.5 0.5 0.5 0.5 0.5 0.5 0.9270848 
Car 0.5 3 0 514.654 179.23828 536.818 210.02612 0.5 0.5 0.5 0.5 0.5 0.5 0.5 0.86413246 
Car 0.5 3 0 384.0959 166.55492 413.04755 197.43672 0.5 0.5 0.5 0.5 0.5 0.5 0.5 0.7851143 
Cyclist 0.5 3 0 614.29205 218.50717 635.00214 273.494 0.5 0.5 0.5 0.5 0.5 0.5 0.5 0.7276064 
Car 0.5 3 0 403.67035 172.03474 427.43045 189.56006 0.5 0.5 0.5 0.5 0.5 0.5 0.5 0.62581277 
Car 0.5 3 0 443.3801 170.38652 458.68878 182.06404 0.5 0.5 0.5 0.5 0.5 0.5 0.5 0.54647774 
Car 0.5 3 0 334.76312 176.19109 386.9471 201.89398 0.5 0.5 0.5 0.5 0.5 0.5 0.5 0.5050689 
