Pedestrian 0.5 3 0 807.1363 179.89532 845.01184 271.46255 0.5 0.5 0.5 0.5 0.5 0.5 0.5 0.9967403 
Car 0.5 3 0 853.77405 187.42134 952.21466 245.14377 0.5 0.5 0.5 0.5 0.5 0.5 0.5 0.9930354 
Car 0.5 3 0 771.14264 181.47066 812.94385 218.26657 0.5 0.5 0.5 0.5 0.5 0.5 0.5 0.9855096 
Car 0.5 3 0 587.7465 178.58043 638.7664 220.7695 0.5 0.5 0.5 0.5 0.5 0.5 0.5 0.97402644 
Car 0.5 3 0 172.0109 200.21188 267.63086 262.6396 0.5 0.5 0.5 0.5 0.5 0.5 0.5 0.9686811 
Car 0.5 3 0 696.8413 171.61484 741.96967 215.31924 0.5 0.5 0.5 0.5 0.5 0.5 0.5 0.94268256 
Car 0.5 3 0 830.7535 187.70929 865.6895 228.70422 0.5 0.5 0.5 0.5 0.5 0.5 0.5 0.9401244 
Car 0.5 3 0 749.14514 183.24207 778.212 211.97389 0.5 0.5 0.5 0.5 0.5 0.5 0.5 0.9079342 
Car 0.5 3 0 683.82874 175.70134 698.7605 189.33182 0.5 0.5 0.5 0.5 0.5 0.5 0.5 0.76521015 
Pedestrian 0.5 3 0 588.7764 169.15979 599.7485 191.61594 0.5 0.5 0.5 0.5 0.5 0.5 0.5 0.727155 
Cyclist 0.5 3 0 819.5242 227.96692 838.55273 281.63632 0.5 0.5 0.5 0.5 0.5 0.5 0.5 0.68448466 
Car 0.5 3 0 675.6405 173.42664 685.92914 185.54616 0.5 0.5 0.5 0.5 0.5 0.5 0.5 0.68128663 
Pedestrian 0.5 3 0 301.52304 178.52193 322.9981 223.74374 0.5 0.5 0.5 0.5 0.5 0.5 0.5 0.6643136 
Car 0.5 3 0 740.26556 182.4439 758.93195 207.70627 0.5 0.5 0.5 0.5 0.5 0.5 0.5 0.6571322 
Car 0.5 3 0 637.1156 172.31653 651.2228 186.9456 0.5 0.5 0.5 0.5 0.5 0.5 0.5 0.5355608 
Car 0.5 3 0 603.23553 174.49506 635.69196 193.89558 0.5 0.5 0.5 0.5 0.5 0.5 0.5 0.5139678 
