Pedestrian 0.5 3 0 739.35095 178.79114 822.4797 353.2885 0.5 0.5 0.5 0.5 0.5 0.5 0.5 0.9987165 
Cyclist 0.5 3 0 738.20044 258.71497 847.78973 367.05704 0.5 0.5 0.5 0.5 0.5 0.5 0.5 0.99280655 
Car 0.5 3 0 522.97876 175.08537 581.1256 214.9853 0.5 0.5 0.5 0.5 0.5 0.5 0.5 0.94608647 
Cyclist 0.5 3 0 505.87708 205.85867 542.23663 255.22104 0.5 0.5 0.5 0.5 0.5 0.5 0.5 0.9015247 
Cyclist 0.5 3 0 541.45526 210.20956 589.1753 258.0243 0.5 0.5 0.5 0.5 0.5 0.5 0.5 0.8855073 
Cyclist 0.5 3 0 1188.2949 201.24097 1241.3031 280.1633 0.5 0.5 0.5 0.5 0.5 0.5 0.5 0.8647009 
Cyclist 0.5 3 0 805.9544 200.04234 859.62024 248.83942 0.5 0.5 0.5 0.5 0.5 0.5 0.5 0.81407547 
Pedestrian 0.5 3 0 418.06528 184.62827 428.9734 215.9338 0.5 0.5 0.5 0.5 0.5 0.5 0.5 0.69570345 
Car 0.5 3 0 256.80804 191.12726 303.9826 216.7856 0.5 0.5 0.5 0.5 0.5 0.5 0.5 0.69007653 
Car 0.5 3 0 299.2131 170.80513 407.8471 264.51837 0.5 0.5 0.5 0.5 0.5 0.5 0.5 0.61353654 
