Pedestrian 0.5 3 0 991.38025 173.15147 1048.0526 304.22617 0.5 0.5 0.5 0.5 0.5 0.5 0.5 0.99899894 
Car 0.5 3 0 1105.7378 166.51778 1182.3108 243.6196 0.5 0.5 0.5 0.5 0.5 0.5 0.5 0.972324 
Car 0.5 3 0 1150.223 163.62401 1241.067 289.11917 0.5 0.5 0.5 0.5 0.5 0.5 0.5 0.96753734 
Pedestrian 0.5 3 0 805.1928 176.40224 828.6034 238.86467 0.5 0.5 0.5 0.5 0.5 0.5 0.5 0.95753175 
Cyclist 0.5 3 0 53.49041 208.88625 151.47404 278.37692 0.5 0.5 0.5 0.5 0.5 0.5 0.5 0.91762376 
Cyclist 0.5 3 0 550.52386 185.55371 622.851 248.42569 0.5 0.5 0.5 0.5 0.5 0.5 0.5 0.85085166 
Cyclist 0.5 3 0 997.7158 238.39235 1028.2726 319.8936 0.5 0.5 0.5 0.5 0.5 0.5 0.5 0.7967252 
Car 0.5 3 0 369.6216 195.3276 416.97067 235.76587 0.5 0.5 0.5 0.5 0.5 0.5 0.5 0.7222957 
Cyclist 0.5 3 0 41.5316 210.05318 110.586174 270.92322 0.5 0.5 0.5 0.5 0.5 0.5 0.5 0.5369006 
Car 0.5 3 0 334.31393 197.56075 412.9235 236.41382 0.5 0.5 0.5 0.5 0.5 0.5 0.5 0.5267709 
