Pedestrian 0.5 3 0 654.39636 169.10089 723.02966 323.85046 0.5 0.5 0.5 0.5 0.5 0.5 0.5 0.99595046 
Cyclist 0.5 3 0 646.4704 239.65263 740.7644 338.0034 0.5 0.5 0.5 0.5 0.5 0.5 0.5 0.9866371 
Cyclist 0.5 3 0 931.9947 195.60011 1037.4602 261.77658 0.5 0.5 0.5 0.5 0.5 0.5 0.5 0.980739 
Car 0.5 3 0 595.9451 165.62836 666.8493 209.99153 0.5 0.5 0.5 0.5 0.5 0.5 0.5 0.9309717 
Cyclist 0.5 3 0 621.7699 202.88448 658.64557 265.4695 0.5 0.5 0.5 0.5 0.5 0.5 0.5 0.8818412 
Cyclist 0.5 3 0 580.3514 202.84132 619.9639 263.5212 0.5 0.5 0.5 0.5 0.5 0.5 0.5 0.8686714 
Pedestrian 0.5 3 0 490.48312 175.41406 501.73218 208.08537 0.5 0.5 0.5 0.5 0.5 0.5 0.5 0.83579236 
Car 0.5 3 0 218.10161 189.69354 273.69922 212.05511 0.5 0.5 0.5 0.5 0.5 0.5 0.5 0.8286962 
Cyclist 0.5 3 0 590.9441 198.47386 657.4865 264.33868 0.5 0.5 0.5 0.5 0.5 0.5 0.5 0.6296233 
Car 0.5 3 0 322.49612 183.91422 355.99124 211.56909 0.5 0.5 0.5 0.5 0.5 0.5 0.5 0.5227855 
