Cyclist 0.5 3 0 952.04755 193.18521 1068.122 265.21393 0.5 0.5 0.5 0.5 0.5 0.5 0.5 0.9948289 
Pedestrian 0.5 3 0 642.67786 171.6373 717.4163 318.4955 0.5 0.5 0.5 0.5 0.5 0.5 0.5 0.991285 
Cyclist 0.5 3 0 637.6565 238.94281 727.9487 337.5705 0.5 0.5 0.5 0.5 0.5 0.5 0.5 0.9829762 
Car 0.5 3 0 605.5477 165.4876 681.9384 207.13588 0.5 0.5 0.5 0.5 0.5 0.5 0.5 0.9562701 
Car 0.5 3 0 227.16684 191.00833 289.14713 212.51863 0.5 0.5 0.5 0.5 0.5 0.5 0.5 0.90962714 
Pedestrian 0.5 3 0 500.29373 174.23616 511.69223 206.02657 0.5 0.5 0.5 0.5 0.5 0.5 0.5 0.8845512 
Cyclist 0.5 3 0 588.62213 202.10497 630.0739 264.0402 0.5 0.5 0.5 0.5 0.5 0.5 0.5 0.83532906 
Car 0.5 3 0 361.53192 164.04698 450.2635 251.14957 0.5 0.5 0.5 0.5 0.5 0.5 0.5 0.69653916 
Pedestrian 0.5 3 0 385.80475 173.88742 406.89386 193.47868 0.5 0.5 0.5 0.5 0.5 0.5 0.5 0.6040165 
Car 0.5 3 0 327.20654 188.41237 362.3136 216.05876 0.5 0.5 0.5 0.5 0.5 0.5 0.5 0.5245197 
