Pedestrian 0.5 3 0 786.87427 162.4705 879.1216 360.39163 0.5 0.5 0.5 0.5 0.5 0.5 0.5 0.9981055 
Pedestrian 0.5 3 0 1142.6356 168.81236 1214.9028 317.83 0.5 0.5 0.5 0.5 0.5 0.5 0.5 0.9969758 
Cyclist 0.5 3 0 782.91833 258.7485 886.5613 371.7893 0.5 0.5 0.5 0.5 0.5 0.5 0.5 0.9845259 
Cyclist 0.5 3 0 907.6597 186.19165 980.5651 237.38603 0.5 0.5 0.5 0.5 0.5 0.5 0.5 0.9663286 
Car 0.5 3 0 300.86267 165.00792 452.00723 280.7864 0.5 0.5 0.5 0.5 0.5 0.5 0.5 0.95744836 
Cyclist 0.5 3 0 564.64026 191.74895 604.67926 225.14491 0.5 0.5 0.5 0.5 0.5 0.5 0.5 0.9382902 
Cyclist 0.5 3 0 761.0065 186.31873 797.0224 232.08243 0.5 0.5 0.5 0.5 0.5 0.5 0.5 0.9005321 
Pedestrian 0.5 3 0 238.04042 183.96909 250.28256 215.67204 0.5 0.5 0.5 0.5 0.5 0.5 0.5 0.82494 
Car 0.5 3 0 57.866776 194.08617 90.38707 221.56935 0.5 0.5 0.5 0.5 0.5 0.5 0.5 0.73716104 
Car 0.5 3 0 73.384224 193.23204 128.92508 217.7514 0.5 0.5 0.5 0.5 0.5 0.5 0.5 0.59110856 
