Car 0.5 3 0 733.0733 184.7765 895.60065 311.51816 0.5 0.5 0.5 0.5 0.5 0.5 0.5 0.9971251 
Pedestrian 0.5 3 0 524.7797 184.44208 560.00507 276.30298 0.5 0.5 0.5 0.5 0.5 0.5 0.5 0.99447215 
Car 0.5 3 0 599.2533 191.12018 735.0865 276.29486 0.5 0.5 0.5 0.5 0.5 0.5 0.5 0.9917897 
Car 0.5 3 0 153.73141 203.34654 296.33505 296.23938 0.5 0.5 0.5 0.5 0.5 0.5 0.5 0.98632765 
Car 0.5 3 0 546.8764 184.00937 616.4256 245.24876 0.5 0.5 0.5 0.5 0.5 0.5 0.5 0.9783877 
Car 0.5 3 0 254.41269 189.62068 330.951 254.7176 0.5 0.5 0.5 0.5 0.5 0.5 0.5 0.97701687 
Car 0.5 3 0 315.48447 193.58347 341.53705 235.34059 0.5 0.5 0.5 0.5 0.5 0.5 0.5 0.9370099 
Car 0.5 3 0 484.1067 185.13687 505.864 219.00948 0.5 0.5 0.5 0.5 0.5 0.5 0.5 0.93606234 
Car 0.5 3 0 420.22696 180.07462 456.61 217.18268 0.5 0.5 0.5 0.5 0.5 0.5 0.5 0.9172547 
Car 0.5 3 0 494.69373 188.78629 526.66766 225.26698 0.5 0.5 0.5 0.5 0.5 0.5 0.5 0.9051102 
Car 0.5 3 0 470.30304 187.56348 489.4875 211.27115 0.5 0.5 0.5 0.5 0.5 0.5 0.5 0.8246499 
Car 0.5 3 0 509.75034 191.49854 528.28455 230.00977 0.5 0.5 0.5 0.5 0.5 0.5 0.5 0.7835293 
Car 0.5 3 0 877.3067 172.47034 922.80066 201.86943 0.5 0.5 0.5 0.5 0.5 0.5 0.5 0.7353247 
Pedestrian 0.5 3 0 657.3428 175.92859 670.70496 191.90668 0.5 0.5 0.5 0.5 0.5 0.5 0.5 0.67351985 
Car 0.5 3 0 326.52655 172.7224 377.55084 213.24588 0.5 0.5 0.5 0.5 0.5 0.5 0.5 0.62204957 
Car 0.5 3 0 388.74493 181.00111 403.00293 191.56355 0.5 0.5 0.5 0.5 0.5 0.5 0.5 0.6128268 
Car 0.5 3 0 453.0454 181.67986 468.51178 195.50204 0.5 0.5 0.5 0.5 0.5 0.5 0.5 0.6004428 
Car 0.5 3 0 376.9605 183.7654 395.2846 200.33997 0.5 0.5 0.5 0.5 0.5 0.5 0.5 0.59227633 
