Car 0.5 3 0 421.5228 178.96236 544.30115 237.74757 0.5 0.5 0.5 0.5 0.5 0.5 0.5 0.99309444 
Car 0.5 3 0 603.2849 174.66823 682.0781 228.81418 0.5 0.5 0.5 0.5 0.5 0.5 0.5 0.9921095 
Car 0.5 3 0 1165.1549 155.91716 1200.4564 177.42097 0.5 0.5 0.5 0.5 0.5 0.5 0.5 0.9830671 
Car 0.5 3 0 674.51227 172.69102 702.862 193.00743 0.5 0.5 0.5 0.5 0.5 0.5 0.5 0.97368807 
Car 0.5 3 0 1195.0342 153.93468 1240.526 174.93849 0.5 0.5 0.5 0.5 0.5 0.5 0.5 0.9711811 
Car 0.5 3 0 1039.0386 158.63158 1069.8873 177.79272 0.5 0.5 0.5 0.5 0.5 0.5 0.5 0.96615064 
Car 0.5 3 0 1130.9685 156.8298 1168.1173 176.97072 0.5 0.5 0.5 0.5 0.5 0.5 0.5 0.9424036 
Car 0.5 3 0 714.89886 172.02492 743.6112 194.57489 0.5 0.5 0.5 0.5 0.5 0.5 0.5 0.93128216 
Car 0.5 3 0 823.9758 159.54495 875.01575 173.46126 0.5 0.5 0.5 0.5 0.5 0.5 0.5 0.912948 
Car 0.5 3 0 1013.0251 159.34952 1040.8495 175.88821 0.5 0.5 0.5 0.5 0.5 0.5 0.5 0.88667756 
Car 0.5 3 0 821.484 160.65717 842.5987 172.5335 0.5 0.5 0.5 0.5 0.5 0.5 0.5 0.8833913 
Car 0.5 3 0 886.22595 158.32378 917.679 173.95697 0.5 0.5 0.5 0.5 0.5 0.5 0.5 0.8813602 
Car 0.5 3 0 1098.4667 158.62485 1132.9506 177.84343 0.5 0.5 0.5 0.5 0.5 0.5 0.5 0.8750427 
Car 0.5 3 0 787.87384 158.96266 822.08044 173.27635 0.5 0.5 0.5 0.5 0.5 0.5 0.5 0.7693079 
Car 0.5 3 0 525.59045 179.45848 545.89716 198.85455 0.5 0.5 0.5 0.5 0.5 0.5 0.5 0.7397691 
Car 0.5 3 0 854.144 159.94571 884.73004 172.52684 0.5 0.5 0.5 0.5 0.5 0.5 0.5 0.6922004 
Car 0.5 3 0 803.9918 159.36574 822.3988 172.82912 0.5 0.5 0.5 0.5 0.5 0.5 0.5 0.65145886 
Car 0.5 3 0 1137.9354 154.91779 1192.1656 178.03024 0.5 0.5 0.5 0.5 0.5 0.5 0.5 0.6298246 
