Car 0.5 3 0 628.4417 173.82188 686.92535 206.6637 0.5 0.5 0.5 0.5 0.5 0.5 0.5 0.9886131 
Car 0.5 3 0 466.42688 185.36629 530.0862 231.96117 0.5 0.5 0.5 0.5 0.5 0.5 0.5 0.98828274 
Car 0.5 3 0 731.4413 172.58844 750.18823 185.72784 0.5 0.5 0.5 0.5 0.5 0.5 0.5 0.97656155 
Car 0.5 3 0 1143.3745 154.35382 1177.4417 173.71356 0.5 0.5 0.5 0.5 0.5 0.5 0.5 0.9624947 
Car 0.5 3 0 793.6796 159.87097 827.46155 174.05954 0.5 0.5 0.5 0.5 0.5 0.5 0.5 0.95641303 
Car 0.5 3 0 1114.0159 156.82222 1145.2355 176.85103 0.5 0.5 0.5 0.5 0.5 0.5 0.5 0.9479451 
Car 0.5 3 0 1175.6708 153.09853 1229.8981 171.8569 0.5 0.5 0.5 0.5 0.5 0.5 0.5 0.94438016 
Car 0.5 3 0 1084.0934 158.16971 1116.5807 177.03139 0.5 0.5 0.5 0.5 0.5 0.5 0.5 0.9303941 
Car 0.5 3 0 1028.576 158.51035 1060.5972 176.70467 0.5 0.5 0.5 0.5 0.5 0.5 0.5 0.8958772 
Car 0.5 3 0 828.61694 161.37727 847.52527 172.67502 0.5 0.5 0.5 0.5 0.5 0.5 0.5 0.89384705 
Car 0.5 3 0 0.94124776 175.78824 69.70265 262.73465 0.5 0.5 0.5 0.5 0.5 0.5 0.5 0.8701196 
Car 0.5 3 0 1006.131 159.05875 1033.3473 175.37657 0.5 0.5 0.5 0.5 0.5 0.5 0.5 0.8611009 
Car 0.5 3 0 716.49524 171.2632 732.1568 185.04547 0.5 0.5 0.5 0.5 0.5 0.5 0.5 0.8601741 
Car 0.5 3 0 690.9194 172.1364 716.9197 190.94054 0.5 0.5 0.5 0.5 0.5 0.5 0.5 0.819156 
Car 0.5 3 0 528.92737 172.03323 565.4972 201.67648 0.5 0.5 0.5 0.5 0.5 0.5 0.5 0.8079131 
Car 0.5 3 0 829.2686 159.86168 877.80695 173.4258 0.5 0.5 0.5 0.5 0.5 0.5 0.5 0.7959131 
Car 0.5 3 0 1223.1595 154.56433 1241.2312 169.16772 0.5 0.5 0.5 0.5 0.5 0.5 0.5 0.7959123 
Car 0.5 3 0 504.66122 181.3123 531.5986 200.7833 0.5 0.5 0.5 0.5 0.5 0.5 0.5 0.62397677 
Car 0.5 3 0 850.3126 160.38782 886.43726 173.06728 0.5 0.5 0.5 0.5 0.5 0.5 0.5 0.5984986 
