Car 0.5 3 0 71.52632 189.33727 225.23608 252.51833 0.5 0.5 0.5 0.5 0.5 0.5 0.5 0.9979417 
Car 0.5 3 0 1165.2964 155.68408 1196.4661 178.98192 0.5 0.5 0.5 0.5 0.5 0.5 0.5 0.9844246 
Car 0.5 3 0 247.18214 182.49535 442.0921 265.39905 0.5 0.5 0.5 0.5 0.5 0.5 0.5 0.9759769 
Car 0.5 3 0 1038.6708 158.73334 1070.0804 177.69705 0.5 0.5 0.5 0.5 0.5 0.5 0.5 0.96974295 
Car 0.5 3 0 1195.7916 154.02258 1238.2512 175.12006 0.5 0.5 0.5 0.5 0.5 0.5 0.5 0.96037847 
Car 0.5 3 0 395.06 181.96527 453.03775 210.91507 0.5 0.5 0.5 0.5 0.5 0.5 0.5 0.9596641 
Car 0.5 3 0 1131.0156 156.05673 1168.3339 177.41129 0.5 0.5 0.5 0.5 0.5 0.5 0.5 0.95965815 
Car 0.5 3 0 700.54376 166.51065 741.0885 201.01656 0.5 0.5 0.5 0.5 0.5 0.5 0.5 0.940286 
Car 0.5 3 0 885.4236 158.87764 917.8464 174.09459 0.5 0.5 0.5 0.5 0.5 0.5 0.5 0.9012069 
Car 0.5 3 0 821.52704 160.96533 849.7041 172.88928 0.5 0.5 0.5 0.5 0.5 0.5 0.5 0.898709 
Car 0.5 3 0 491.33423 161.71036 633.3431 252.1751 0.5 0.5 0.5 0.5 0.5 0.5 0.5 0.8948511 
Car 0.5 3 0 680.0263 172.12604 701.54205 186.48035 0.5 0.5 0.5 0.5 0.5 0.5 0.5 0.8933076 
Car 0.5 3 0 1097.7009 158.57664 1132.8771 178.13367 0.5 0.5 0.5 0.5 0.5 0.5 0.5 0.89067775 
Car 0.5 3 0 1013.2937 159.57143 1040.5176 175.85391 0.5 0.5 0.5 0.5 0.5 0.5 0.5 0.86519605 
Car 0.5 3 0 788.6371 159.1478 821.71405 173.06114 0.5 0.5 0.5 0.5 0.5 0.5 0.5 0.8526455 
Car 0.5 3 0 833.5094 159.76518 879.295 172.65796 0.5 0.5 0.5 0.5 0.5 0.5 0.5 0.8347776 
Car 0.5 3 0 473.2597 175.3608 493.56897 191.61256 0.5 0.5 0.5 0.5 0.5 0.5 0.5 0.6936521 
Car 0.5 3 0 854.05396 160.04805 884.7069 172.75233 0.5 0.5 0.5 0.5 0.5 0.5 0.5 0.6884204 
