Car 0.5 3 0 1014.0033 187.00974 1045.1815 210.17133 0.5 0.5 0.5 0.5 0.5 0.5 0.5 0.982176 
Car 0.5 3 0 557.36176 192.72876 587.0113 217.77238 0.5 0.5 0.5 0.5 0.5 0.5 0.5 0.9801241 
Car 0.5 3 0 976.21936 188.37056 1007.72675 210.08243 0.5 0.5 0.5 0.5 0.5 0.5 0.5 0.9677778 
Car 0.5 3 0 1142.6207 189.56508 1177.219 214.52544 0.5 0.5 0.5 0.5 0.5 0.5 0.5 0.96136296 
Car 0.5 3 0 1097.2639 188.5972 1139.4272 214.14445 0.5 0.5 0.5 0.5 0.5 0.5 0.5 0.9540108 
Car 0.5 3 0 666.5968 180.13121 694.94946 194.30481 0.5 0.5 0.5 0.5 0.5 0.5 0.5 0.93130004 
Car 0.5 3 0 274.43872 188.27571 302.41653 210.69838 0.5 0.5 0.5 0.5 0.5 0.5 0.5 0.9145717 
Car 0.5 3 0 0.2671805 206.6158 28.773329 227.8112 0.5 0.5 0.5 0.5 0.5 0.5 0.5 0.9042969 
Car 0.5 3 0 1177.4711 191.63167 1236.6022 215.91148 0.5 0.5 0.5 0.5 0.5 0.5 0.5 0.8850311 
Pedestrian 0.5 3 0 125.08695 202.4488 140.92857 245.74086 0.5 0.5 0.5 0.5 0.5 0.5 0.5 0.8842806 
Car 0.5 3 0 712.1898 182.80202 761.62463 197.17992 0.5 0.5 0.5 0.5 0.5 0.5 0.5 0.81345755 
Car 0.5 3 0 834.41284 184.05182 875.86237 203.40663 0.5 0.5 0.5 0.5 0.5 0.5 0.5 0.8090886 
Car 0.5 3 0 26.365547 202.65504 69.48776 222.71677 0.5 0.5 0.5 0.5 0.5 0.5 0.5 0.77789617 
Car 0.5 3 0 742.19507 182.9538 779.86633 198.4445 0.5 0.5 0.5 0.5 0.5 0.5 0.5 0.73611087 
Car 0.5 3 0 710.7834 182.88486 729.7539 193.31447 0.5 0.5 0.5 0.5 0.5 0.5 0.5 0.7340508 
Car 0.5 3 0 709.42816 182.4479 740.041 195.49283 0.5 0.5 0.5 0.5 0.5 0.5 0.5 0.7294903 
Car 0.5 3 0 945.1141 187.72252 975.2503 206.65549 0.5 0.5 0.5 0.5 0.5 0.5 0.5 0.7087717 
Car 0.5 3 0 785.7579 183.81737 819.53455 200.96825 0.5 0.5 0.5 0.5 0.5 0.5 0.5 0.67233473 
Car 0.5 3 0 1042.1964 190.66634 1060.6575 207.65097 0.5 0.5 0.5 0.5 0.5 0.5 0.5 0.5956744 
Car 0.5 3 0 550.77155 183.52838 568.761 203.84486 0.5 0.5 0.5 0.5 0.5 0.5 0.5 0.561352 
Car 0.5 3 0 759.15 185.338 781.89044 197.94041 0.5 0.5 0.5 0.5 0.5 0.5 0.5 0.5196607 
