Car 0.5 3 0 24.549862 175.5404 79.002365 190.7909 0.5 0.5 0.5 0.5 0.5 0.5 0.5 0.91228527 
Car 0.5 3 0 629.1335 170.21371 661.0599 180.4785 0.5 0.5 0.5 0.5 0.5 0.5 0.5 0.9024503 
Pedestrian 0.5 3 0 566.6345 178.05405 581.55676 205.11533 0.5 0.5 0.5 0.5 0.5 0.5 0.5 0.8415427 
Pedestrian 0.5 3 0 364.00986 173.10959 380.9123 224.66096 0.5 0.5 0.5 0.5 0.5 0.5 0.5 0.8095716 
Car 0.5 3 0 218.56042 173.74823 253.89359 188.9248 0.5 0.5 0.5 0.5 0.5 0.5 0.5 0.7705663 
Pedestrian 0.5 3 0 480.4509 182.73685 493.6949 212.30067 0.5 0.5 0.5 0.5 0.5 0.5 0.5 0.6939474 
Pedestrian 0.5 3 0 406.0781 182.07262 418.04648 219.91896 0.5 0.5 0.5 0.5 0.5 0.5 0.5 0.6815828 
Car 0.5 3 0 261.7753 166.37544 294.25635 185.48819 0.5 0.5 0.5 0.5 0.5 0.5 0.5 0.65096074 
Car 0.5 3 0 683.498 173.3214 708.5281 184.54802 0.5 0.5 0.5 0.5 0.5 0.5 0.5 0.6277771 
Car 0.5 3 0 149.80876 175.16057 203.53416 189.31975 0.5 0.5 0.5 0.5 0.5 0.5 0.5 0.57043123 
Pedestrian 0.5 3 0 513.5451 177.15483 530.0552 210.74825 0.5 0.5 0.5 0.5 0.5 0.5 0.5 0.56863725 
