Car 0.5 3 0 526.8975 178.8411 635.4026 244.27782 0.5 0.5 0.5 0.5 0.5 0.5 0.5 0.99481356 
Car 0.5 3 0 665.57684 172.08266 692.46204 196.09604 0.5 0.5 0.5 0.5 0.5 0.5 0.5 0.99429494 
Car 0.5 3 0 1165.7888 156.01645 1196.2576 178.69275 0.5 0.5 0.5 0.5 0.5 0.5 0.5 0.9852675 
Car 0.5 3 0 445.3805 181.15822 494.0266 210.84988 0.5 0.5 0.5 0.5 0.5 0.5 0.5 0.981685 
Car 0.5 3 0 293.1119 184.17921 395.46472 226.92393 0.5 0.5 0.5 0.5 0.5 0.5 0.5 0.97480804 
Car 0.5 3 0 1038.7748 158.74173 1070.2228 177.79826 0.5 0.5 0.5 0.5 0.5 0.5 0.5 0.9669241 
Car 0.5 3 0 1130.8779 157.09198 1167.9886 177.37581 0.5 0.5 0.5 0.5 0.5 0.5 0.5 0.9625871 
Car 0.5 3 0 1195.6279 154.27145 1238.085 175.18974 0.5 0.5 0.5 0.5 0.5 0.5 0.5 0.95594627 
Car 0.5 3 0 0.0 201.84357 58.57764 264.70773 0.5 0.5 0.5 0.5 0.5 0.5 0.5 0.9552776 
Car 0.5 3 0 508.85635 173.75935 542.2529 199.95996 0.5 0.5 0.5 0.5 0.5 0.5 0.5 0.94803244 
Car 0.5 3 0 885.51685 158.86543 918.1317 174.14395 0.5 0.5 0.5 0.5 0.5 0.5 0.5 0.9078224 
Car 0.5 3 0 824.07654 159.66731 874.0239 173.34679 0.5 0.5 0.5 0.5 0.5 0.5 0.5 0.8942152 
Car 0.5 3 0 821.89606 160.31253 850.9263 173.386 0.5 0.5 0.5 0.5 0.5 0.5 0.5 0.8891647 
Car 0.5 3 0 1013.20807 159.44064 1040.2001 175.79698 0.5 0.5 0.5 0.5 0.5 0.5 0.5 0.88052356 
Car 0.5 3 0 1097.6329 158.77484 1132.7358 178.03821 0.5 0.5 0.5 0.5 0.5 0.5 0.5 0.8770477 
Car 0.5 3 0 788.4222 159.15427 821.4983 173.06302 0.5 0.5 0.5 0.5 0.5 0.5 0.5 0.81832176 
Pedestrian 0.5 3 0 154.21455 198.21643 169.25371 242.30353 0.5 0.5 0.5 0.5 0.5 0.5 0.5 0.8032176 
Car 0.5 3 0 291.3047 193.48593 311.33536 207.35414 0.5 0.5 0.5 0.5 0.5 0.5 0.5 0.7551206 
Car 0.5 3 0 720.39703 165.07216 751.1827 193.35526 0.5 0.5 0.5 0.5 0.5 0.5 0.5 0.73919487 
Car 0.5 3 0 854.20715 160.0288 884.5699 172.75153 0.5 0.5 0.5 0.5 0.5 0.5 0.5 0.70556843 
