Car 0.5 3 0 359.18417 182.89777 426.50095 218.87953 0.5 0.5 0.5 0.5 0.5 0.5 0.5 0.9919899 
Car 0.5 3 0 526.89496 168.51714 649.28455 247.3167 0.5 0.5 0.5 0.5 0.5 0.5 0.5 0.99176097 
Car 0.5 3 0 1164.9686 155.94814 1200.1122 177.65602 0.5 0.5 0.5 0.5 0.5 0.5 0.5 0.9848386 
Car 0.5 3 0 0.15130922 198.20013 55.8898 262.61206 0.5 0.5 0.5 0.5 0.5 0.5 0.5 0.981851 
Car 0.5 3 0 484.9641 178.74959 531.4004 206.2856 0.5 0.5 0.5 0.5 0.5 0.5 0.5 0.96573067 
Car 0.5 3 0 1038.9559 158.7322 1069.916 177.95107 0.5 0.5 0.5 0.5 0.5 0.5 0.5 0.96405226 
Car 0.5 3 0 1195.6704 153.87338 1238.4985 175.21144 0.5 0.5 0.5 0.5 0.5 0.5 0.5 0.9595035 
Car 0.5 3 0 1130.9354 156.62836 1167.987 177.42741 0.5 0.5 0.5 0.5 0.5 0.5 0.5 0.9581429 
Car 0.5 3 0 706.6277 171.06267 723.1799 183.90627 0.5 0.5 0.5 0.5 0.5 0.5 0.5 0.9540194 
Car 0.5 3 0 885.4633 158.83188 918.09973 174.29002 0.5 0.5 0.5 0.5 0.5 0.5 0.5 0.90345234 
Car 0.5 3 0 682.86237 171.70485 706.1442 190.02715 0.5 0.5 0.5 0.5 0.5 0.5 0.5 0.9032086 
Car 0.5 3 0 821.4518 160.65346 843.0848 172.67732 0.5 0.5 0.5 0.5 0.5 0.5 0.5 0.8901581 
Car 0.5 3 0 726.5315 171.15634 746.6914 188.05684 0.5 0.5 0.5 0.5 0.5 0.5 0.5 0.88652605 
Car 0.5 3 0 1098.3561 158.77104 1132.597 178.005 0.5 0.5 0.5 0.5 0.5 0.5 0.5 0.88050556 
Car 0.5 3 0 1013.06213 159.51213 1040.0421 175.76186 0.5 0.5 0.5 0.5 0.5 0.5 0.5 0.8680836 
Car 0.5 3 0 832.77 159.72676 879.01953 172.81384 0.5 0.5 0.5 0.5 0.5 0.5 0.5 0.84188366 
Car 0.5 3 0 788.1574 159.10388 821.58105 173.1838 0.5 0.5 0.5 0.5 0.5 0.5 0.5 0.79842407 
Car 0.5 3 0 291.30905 193.00691 311.0597 206.9863 0.5 0.5 0.5 0.5 0.5 0.5 0.5 0.7938708 
Car 0.5 3 0 473.6614 174.77698 491.95966 190.63109 0.5 0.5 0.5 0.5 0.5 0.5 0.5 0.7601181 
Car 0.5 3 0 854.3407 160.0043 884.66376 172.89436 0.5 0.5 0.5 0.5 0.5 0.5 0.5 0.67173827 
Car 0.5 3 0 669.8567 175.37791 684.61975 190.20686 0.5 0.5 0.5 0.5 0.5 0.5 0.5 0.59759164 
Car 0.5 3 0 290.84683 191.24449 326.05252 208.00551 0.5 0.5 0.5 0.5 0.5 0.5 0.5 0.5381637 
