Car 0.5 3 0 942.3201 173.13559 1240.5939 347.336 0.5 0.5 0.5 0.5 0.5 0.5 0.5 0.9911016 
Pedestrian 0.5 3 0 948.44885 157.0602 999.6296 245.46353 0.5 0.5 0.5 0.5 0.5 0.5 0.5 0.97772413 
Car 0.5 3 0 42.376915 172.22372 129.14981 216.8019 0.5 0.5 0.5 0.5 0.5 0.5 0.5 0.9358698 
Car 0.5 3 0 1.8230218 171.77184 74.31201 220.43735 0.5 0.5 0.5 0.5 0.5 0.5 0.5 0.88989645 
Car 0.5 3 0 651.90533 170.71756 666.5667 179.169 0.5 0.5 0.5 0.5 0.5 0.5 0.5 0.87957406 
Car 0.5 3 0 201.20589 174.29063 243.08167 187.76462 0.5 0.5 0.5 0.5 0.5 0.5 0.5 0.83303124 
Pedestrian 0.5 3 0 505.4107 167.98466 518.74066 204.38892 0.5 0.5 0.5 0.5 0.5 0.5 0.5 0.8224644 
Car 0.5 3 0 107.76728 169.85966 187.11212 208.26462 0.5 0.5 0.5 0.5 0.5 0.5 0.5 0.8187172 
Car 0.5 3 0 322.8468 175.44905 346.35577 186.15517 0.5 0.5 0.5 0.5 0.5 0.5 0.5 0.7970957 
Car 0.5 3 0 302.49042 174.12209 346.17337 189.46112 0.5 0.5 0.5 0.5 0.5 0.5 0.5 0.77906996 
Car 0.5 3 0 729.7805 168.20032 760.62335 180.36534 0.5 0.5 0.5 0.5 0.5 0.5 0.5 0.7536268 
Car 0.5 3 0 666.80475 167.07558 693.7199 177.34586 0.5 0.5 0.5 0.5 0.5 0.5 0.5 0.727637 
Pedestrian 0.5 3 0 528.8482 163.29228 542.9983 202.44563 0.5 0.5 0.5 0.5 0.5 0.5 0.5 0.6430618 
Pedestrian 0.5 3 0 998.0185 166.65466 1023.5104 194.53133 0.5 0.5 0.5 0.5 0.5 0.5 0.5 0.5790522 
Car 0.5 3 0 420.5663 171.27617 437.5645 184.55428 0.5 0.5 0.5 0.5 0.5 0.5 0.5 0.5522474 
