Car 0.5 3 0 223.41698 190.74275 383.14645 254.0812 0.5 0.5 0.5 0.5 0.5 0.5 0.5 0.99864894 
Car 0.5 3 0 476.7405 178.07468 557.6994 219.60167 0.5 0.5 0.5 0.5 0.5 0.5 0.5 0.99366766 
Car 0.5 3 0 5.536145 183.27655 189.65854 251.99525 0.5 0.5 0.5 0.5 0.5 0.5 0.5 0.9907623 
Car 0.5 3 0 731.10187 167.28664 750.7539 184.56906 0.5 0.5 0.5 0.5 0.5 0.5 0.5 0.9781993 
Car 0.5 3 0 577.5424 174.6374 630.8449 203.42203 0.5 0.5 0.5 0.5 0.5 0.5 0.5 0.9607951 
Car 0.5 3 0 1093.6597 153.4324 1122.2574 169.35811 0.5 0.5 0.5 0.5 0.5 0.5 0.5 0.93824667 
Car 0.5 3 0 1158.5503 153.87512 1185.8281 166.80626 0.5 0.5 0.5 0.5 0.5 0.5 0.5 0.92287755 
Car 0.5 3 0 1071.2982 154.45552 1096.622 169.9956 0.5 0.5 0.5 0.5 0.5 0.5 0.5 0.9072206 
Car 0.5 3 0 399.71512 171.39955 470.9767 209.77974 0.5 0.5 0.5 0.5 0.5 0.5 0.5 0.88442624 
Car 0.5 3 0 1118.0869 154.75519 1146.3142 168.71349 0.5 0.5 0.5 0.5 0.5 0.5 0.5 0.88268954 
Car 0.5 3 0 1192.6566 151.01509 1236.2311 167.63759 0.5 0.5 0.5 0.5 0.5 0.5 0.5 0.87489766 
Car 0.5 3 0 678.5335 171.0252 701.25165 189.6378 0.5 0.5 0.5 0.5 0.5 0.5 0.5 0.8678154 
Car 0.5 3 0 692.4673 167.99846 714.56396 187.607 0.5 0.5 0.5 0.5 0.5 0.5 0.5 0.85347015 
Car 0.5 3 0 656.1136 174.4574 670.75415 182.39937 0.5 0.5 0.5 0.5 0.5 0.5 0.5 0.84274274 
Car 0.5 3 0 828.9538 159.00111 865.07983 171.53592 0.5 0.5 0.5 0.5 0.5 0.5 0.5 0.8177208 
Pedestrian 0.5 3 0 759.70593 151.17966 771.5058 189.64499 0.5 0.5 0.5 0.5 0.5 0.5 0.5 0.8153287 
Car 0.5 3 0 878.78674 157.42245 899.9755 170.3463 0.5 0.5 0.5 0.5 0.5 0.5 0.5 0.75444525 
Car 0.5 3 0 981.13165 157.63362 1003.5521 171.7525 0.5 0.5 0.5 0.5 0.5 0.5 0.5 0.69800395 
Car 0.5 3 0 790.7997 159.42137 832.45764 173.67513 0.5 0.5 0.5 0.5 0.5 0.5 0.5 0.61603993 
Car 0.5 3 0 792.0593 160.17781 807.8187 171.67853 0.5 0.5 0.5 0.5 0.5 0.5 0.5 0.60596204 
Car 0.5 3 0 1046.8693 158.69101 1056.9546 168.74738 0.5 0.5 0.5 0.5 0.5 0.5 0.5 0.5530577 
Car 0.5 3 0 1028.5944 155.49957 1050.9261 168.51157 0.5 0.5 0.5 0.5 0.5 0.5 0.5 0.5151081 
