Car 0.5 3 0 80.75804 175.3395 180.51704 207.53383 0.5 0.5 0.5 0.5 0.5 0.5 0.5 0.99321437 
Car 0.5 3 0 563.61346 172.5531 614.2123 191.59132 0.5 0.5 0.5 0.5 0.5 0.5 0.5 0.9851129 
Car 0.5 3 0 423.9969 173.7743 491.63376 198.54257 0.5 0.5 0.5 0.5 0.5 0.5 0.5 0.9598066 
Car 0.5 3 0 699.84375 166.99457 739.1053 184.05673 0.5 0.5 0.5 0.5 0.5 0.5 0.5 0.9293598 
Car 0.5 3 0 765.32526 169.73659 791.6574 186.22923 0.5 0.5 0.5 0.5 0.5 0.5 0.5 0.85112345 
Car 0.5 3 0 177.73827 175.78668 226.29132 207.35635 0.5 0.5 0.5 0.5 0.5 0.5 0.5 0.78918076 
Car 0.5 3 0 46.97461 166.15677 107.19737 200.61308 0.5 0.5 0.5 0.5 0.5 0.5 0.5 0.7875586 
Car 0.5 3 0 1024.6302 159.61891 1051.8352 169.67383 0.5 0.5 0.5 0.5 0.5 0.5 0.5 0.7597239 
Car 0.5 3 0 767.10254 165.51544 813.8561 186.11789 0.5 0.5 0.5 0.5 0.5 0.5 0.5 0.7102081 
Car 0.5 3 0 1045.1588 161.31233 1072.1067 170.37224 0.5 0.5 0.5 0.5 0.5 0.5 0.5 0.6394159 
Car 0.5 3 0 0.5107677 134.49509 53.99103 249.44527 0.5 0.5 0.5 0.5 0.5 0.5 0.5 0.6119599 
Car 0.5 3 0 805.23883 168.15236 841.3592 183.99966 0.5 0.5 0.5 0.5 0.5 0.5 0.5 0.59213746 
Car 0.5 3 0 271.1803 178.22429 339.6606 194.7575 0.5 0.5 0.5 0.5 0.5 0.5 0.5 0.5638456 
Car 0.5 3 0 179.04051 175.06953 222.86145 193.31287 0.5 0.5 0.5 0.5 0.5 0.5 0.5 0.551449 
Car 0.5 3 0 942.1538 167.88722 959.2831 178.7449 0.5 0.5 0.5 0.5 0.5 0.5 0.5 0.5285365 
Car 0.5 3 0 1138.6675 158.9501 1189.6597 171.14851 0.5 0.5 0.5 0.5 0.5 0.5 0.5 0.5184138 
