Car 0.5 3 0 1138.5424 187.4671 1178.7914 212.01141 0.5 0.5 0.5 0.5 0.5 0.5 0.5 0.9858585 
Car 0.5 3 0 561.29535 192.23483 591.172 216.40715 0.5 0.5 0.5 0.5 0.5 0.5 0.5 0.97263634 
Car 0.5 3 0 976.22797 187.28127 1005.6979 208.49118 0.5 0.5 0.5 0.5 0.5 0.5 0.5 0.9709475 
Car 0.5 3 0 1094.2036 187.43408 1134.9568 211.55786 0.5 0.5 0.5 0.5 0.5 0.5 0.5 0.9702721 
Car 0.5 3 0 1012.4342 185.87108 1043.2836 208.20528 0.5 0.5 0.5 0.5 0.5 0.5 0.5 0.96388996 
Car 0.5 3 0 282.77203 187.83748 310.76154 210.65804 0.5 0.5 0.5 0.5 0.5 0.5 0.5 0.9623212 
Car 0.5 3 0 1180.6207 190.59291 1232.9027 212.95885 0.5 0.5 0.5 0.5 0.5 0.5 0.5 0.9110058 
Car 0.5 3 0 710.7634 181.52992 738.5034 193.64407 0.5 0.5 0.5 0.5 0.5 0.5 0.5 0.8771768 
Car 0.5 3 0 739.75073 181.79382 778.75854 197.38564 0.5 0.5 0.5 0.5 0.5 0.5 0.5 0.85008204 
Car 0.5 3 0 671.458 179.66878 695.33813 192.5755 0.5 0.5 0.5 0.5 0.5 0.5 0.5 0.85005534 
Car 0.5 3 0 787.1163 181.86897 815.90717 197.87076 0.5 0.5 0.5 0.5 0.5 0.5 0.5 0.81262934 
Car 0.5 3 0 10.580465 206.91507 43.34375 227.05246 0.5 0.5 0.5 0.5 0.5 0.5 0.5 0.8027785 
Car 0.5 3 0 808.18665 180.56035 850.5062 199.80246 0.5 0.5 0.5 0.5 0.5 0.5 0.5 0.7987606 
Car 0.5 3 0 532.7271 189.29633 546.3072 202.45674 0.5 0.5 0.5 0.5 0.5 0.5 0.5 0.79519707 
Car 0.5 3 0 39.496143 202.64049 77.650444 222.05753 0.5 0.5 0.5 0.5 0.5 0.5 0.5 0.7894708 
Car 0.5 3 0 556.2196 181.88873 575.0705 202.82924 0.5 0.5 0.5 0.5 0.5 0.5 0.5 0.7753952 
Car 0.5 3 0 94.40386 189.68106 123.80293 211.75885 0.5 0.5 0.5 0.5 0.5 0.5 0.5 0.74619603 
Pedestrian 0.5 3 0 253.99416 200.67108 266.06534 230.19194 0.5 0.5 0.5 0.5 0.5 0.5 0.5 0.7411066 
Car 0.5 3 0 836.9342 181.65329 865.97864 202.11063 0.5 0.5 0.5 0.5 0.5 0.5 0.5 0.7367604 
Car 0.5 3 0 946.78265 186.36417 972.8801 207.17899 0.5 0.5 0.5 0.5 0.5 0.5 0.5 0.66986793 
Car 0.5 3 0 1043.1346 190.2165 1063.201 206.99907 0.5 0.5 0.5 0.5 0.5 0.5 0.5 0.61713666 
Car 0.5 3 0 727.3864 182.61588 746.9813 194.09052 0.5 0.5 0.5 0.5 0.5 0.5 0.5 0.6161506 
Car 0.5 3 0 737.41376 182.45918 759.27545 195.45164 0.5 0.5 0.5 0.5 0.5 0.5 0.5 0.60781217 
Car 0.5 3 0 715.1188 181.71402 754.4951 195.0886 0.5 0.5 0.5 0.5 0.5 0.5 0.5 0.58377564 
Car 0.5 3 0 927.5681 186.53343 972.0692 210.28467 0.5 0.5 0.5 0.5 0.5 0.5 0.5 0.5552204 
Car 0.5 3 0 757.424 182.84828 781.31116 197.40953 0.5 0.5 0.5 0.5 0.5 0.5 0.5 0.53501064 
Car 0.5 3 0 519.9385 190.01945 546.98004 202.64249 0.5 0.5 0.5 0.5 0.5 0.5 0.5 0.5103103 
