Pedestrian 0.5 3 0 878.1077 166.29253 920.60443 255.5645 0.5 0.5 0.5 0.5 0.5 0.5 0.5 0.9967975 
Car 0.5 3 0 183.93282 183.43018 316.54404 230.85236 0.5 0.5 0.5 0.5 0.5 0.5 0.5 0.9921673 
Car 0.5 3 0 561.0729 179.48434 612.7855 204.86813 0.5 0.5 0.5 0.5 0.5 0.5 0.5 0.9856048 
Car 0.5 3 0 492.26352 179.07259 532.01605 200.91164 0.5 0.5 0.5 0.5 0.5 0.5 0.5 0.9792142 
Car 0.5 3 0 592.65936 176.5002 625.5557 195.00485 0.5 0.5 0.5 0.5 0.5 0.5 0.5 0.96753377 
Car 0.5 3 0 419.71646 179.98373 477.81506 215.42592 0.5 0.5 0.5 0.5 0.5 0.5 0.5 0.9541785 
Car 0.5 3 0 745.6156 173.93208 789.55457 193.33276 0.5 0.5 0.5 0.5 0.5 0.5 0.5 0.9310418 
Car 0.5 3 0 640.39844 175.51009 662.46124 192.74135 0.5 0.5 0.5 0.5 0.5 0.5 0.5 0.9150313 
Car 0.5 3 0 232.5175 172.39809 329.44888 208.71266 0.5 0.5 0.5 0.5 0.5 0.5 0.5 0.9042175 
Car 0.5 3 0 795.4358 171.98892 821.38 189.07811 0.5 0.5 0.5 0.5 0.5 0.5 0.5 0.7770887 
Car 0.5 3 0 1125.8285 169.41084 1156.5723 181.61594 0.5 0.5 0.5 0.5 0.5 0.5 0.5 0.7561948 
Car 0.5 3 0 1091.8276 170.36662 1111.4247 181.4173 0.5 0.5 0.5 0.5 0.5 0.5 0.5 0.7482733 
Car 0.5 3 0 995.6334 169.13193 1031.6664 182.08112 0.5 0.5 0.5 0.5 0.5 0.5 0.5 0.700173 
Car 0.5 3 0 1074.5486 170.2721 1097.0177 181.84561 0.5 0.5 0.5 0.5 0.5 0.5 0.5 0.6995787 
Car 0.5 3 0 945.1996 169.48776 962.0392 180.58109 0.5 0.5 0.5 0.5 0.5 0.5 0.5 0.683202 
Car 0.5 3 0 1109.084 168.55742 1132.791 180.90631 0.5 0.5 0.5 0.5 0.5 0.5 0.5 0.6362003 
Car 0.5 3 0 624.701 177.2643 642.827 192.19582 0.5 0.5 0.5 0.5 0.5 0.5 0.5 0.6299561 
Car 0.5 3 0 667.28033 176.94113 686.157 190.78848 0.5 0.5 0.5 0.5 0.5 0.5 0.5 0.57706434 
