Car 0.5 3 0 346.35986 176.22337 394.0673 199.9845 0.5 0.5 0.5 0.5 0.5 0.5 0.5 0.92502904 
Pedestrian 0.5 3 0 790.8356 160.66003 812.265 205.21521 0.5 0.5 0.5 0.5 0.5 0.5 0.5 0.9157993 
Car 0.5 3 0 377.36972 171.71689 417.46603 195.40132 0.5 0.5 0.5 0.5 0.5 0.5 0.5 0.89619035 
Pedestrian 0.5 3 0 632.5358 172.70457 642.8164 200.43852 0.5 0.5 0.5 0.5 0.5 0.5 0.5 0.8221364 
Car 0.5 3 0 670.1013 169.74783 692.6647 190.59515 0.5 0.5 0.5 0.5 0.5 0.5 0.5 0.7680636 
Car 0.5 3 0 713.1785 170.09996 736.22943 184.22057 0.5 0.5 0.5 0.5 0.5 0.5 0.5 0.70829 
Car 0.5 3 0 402.6288 174.8574 423.7396 194.10939 0.5 0.5 0.5 0.5 0.5 0.5 0.5 0.66268253 
Car 0.5 3 0 428.02432 177.4017 453.00278 188.66124 0.5 0.5 0.5 0.5 0.5 0.5 0.5 0.6399504 
Car 0.5 3 0 681.13257 164.65213 706.3941 186.13063 0.5 0.5 0.5 0.5 0.5 0.5 0.5 0.579058 
Car 0.5 3 0 277.37256 176.57336 369.5261 209.82361 0.5 0.5 0.5 0.5 0.5 0.5 0.5 0.557161 
Car 0.5 3 0 361.87476 173.67206 397.45474 196.09169 0.5 0.5 0.5 0.5 0.5 0.5 0.5 0.5445257 
Car 0.5 3 0 420.60718 177.10771 448.0846 192.1492 0.5 0.5 0.5 0.5 0.5 0.5 0.5 0.50478816 
