Car 0.5 3 0 409.84247 181.53938 538.0516 239.45943 0.5 0.5 0.5 0.5 0.5 0.5 0.5 0.99614346 
Car 0.5 3 0 13.329727 194.42174 186.40271 259.03528 0.5 0.5 0.5 0.5 0.5 0.5 0.5 0.9934441 
Car 0.5 3 0 1164.4104 155.63602 1194.9574 178.6831 0.5 0.5 0.5 0.5 0.5 0.5 0.5 0.9863008 
Car 0.5 3 0 687.5611 172.57445 707.2876 190.79457 0.5 0.5 0.5 0.5 0.5 0.5 0.5 0.981388 
Car 0.5 3 0 656.1128 171.97258 691.57544 198.21342 0.5 0.5 0.5 0.5 0.5 0.5 0.5 0.97493714 
Car 0.5 3 0 1038.8907 158.56128 1069.9073 177.69398 0.5 0.5 0.5 0.5 0.5 0.5 0.5 0.9696648 
Car 0.5 3 0 1194.9948 153.49834 1240.6624 175.10233 0.5 0.5 0.5 0.5 0.5 0.5 0.5 0.96526414 
Car 0.5 3 0 1130.9702 156.5819 1167.9268 177.41107 0.5 0.5 0.5 0.5 0.5 0.5 0.5 0.9547042 
Car 0.5 3 0 291.10895 192.8822 312.17667 208.42647 0.5 0.5 0.5 0.5 0.5 0.5 0.5 0.9204355 
Car 0.5 3 0 824.3523 159.58774 873.90515 173.12334 0.5 0.5 0.5 0.5 0.5 0.5 0.5 0.9005272 
Car 0.5 3 0 1098.0156 158.71445 1133.1393 178.0425 0.5 0.5 0.5 0.5 0.5 0.5 0.5 0.89960474 
Car 0.5 3 0 821.49536 160.5966 842.2172 172.42325 0.5 0.5 0.5 0.5 0.5 0.5 0.5 0.8786931 
Car 0.5 3 0 886.1009 158.34969 916.72784 173.7759 0.5 0.5 0.5 0.5 0.5 0.5 0.5 0.8780282 
Car 0.5 3 0 1013.1304 159.388 1040.2312 175.77959 0.5 0.5 0.5 0.5 0.5 0.5 0.5 0.8761348 
Car 0.5 3 0 614.1131 174.90546 628.7995 182.82959 0.5 0.5 0.5 0.5 0.5 0.5 0.5 0.84740955 
Car 0.5 3 0 788.34735 159.0653 821.6103 172.97397 0.5 0.5 0.5 0.5 0.5 0.5 0.5 0.8244649 
Car 0.5 3 0 854.114 160.01733 884.6938 172.60843 0.5 0.5 0.5 0.5 0.5 0.5 0.5 0.69461143 
Car 0.5 3 0 803.8281 159.4624 822.5565 172.73824 0.5 0.5 0.5 0.5 0.5 0.5 0.5 0.6641707 
Car 0.5 3 0 1138.275 155.18274 1191.3337 178.4984 0.5 0.5 0.5 0.5 0.5 0.5 0.5 0.63111377 
Car 0.5 3 0 310.5701 161.8857 425.8054 223.56403 0.5 0.5 0.5 0.5 0.5 0.5 0.5 0.59390193 
