Pedestrian 0.5 3 0 888.62537 162.26163 932.5384 261.13504 0.5 0.5 0.5 0.5 0.5 0.5 0.5 0.99684465 
Car 0.5 3 0 560.07806 176.4932 611.94904 204.9 0.5 0.5 0.5 0.5 0.5 0.5 0.5 0.9878373 
Car 0.5 3 0 176.25133 184.20279 319.87964 231.50085 0.5 0.5 0.5 0.5 0.5 0.5 0.5 0.98181516 
Car 0.5 3 0 420.07288 179.63943 501.87378 215.77156 0.5 0.5 0.5 0.5 0.5 0.5 0.5 0.9739052 
Car 0.5 3 0 744.70935 173.32465 783.8255 191.09479 0.5 0.5 0.5 0.5 0.5 0.5 0.5 0.9481829 
Car 0.5 3 0 478.80194 179.22115 515.4332 200.93236 0.5 0.5 0.5 0.5 0.5 0.5 0.5 0.9372095 
Car 0.5 3 0 1150.0453 167.6016 1182.0554 179.98071 0.5 0.5 0.5 0.5 0.5 0.5 0.5 0.9105232 
Car 0.5 3 0 868.78265 167.54768 899.236 179.17838 0.5 0.5 0.5 0.5 0.5 0.5 0.5 0.85081166 
Car 0.5 3 0 631.23303 174.8487 656.2231 192.1972 0.5 0.5 0.5 0.5 0.5 0.5 0.5 0.82604414 
Car 0.5 3 0 1127.5226 168.02203 1152.009 179.50972 0.5 0.5 0.5 0.5 0.5 0.5 0.5 0.80445766 
Car 0.5 3 0 159.40903 172.88234 284.5948 223.49388 0.5 0.5 0.5 0.5 0.5 0.5 0.5 0.7796255 
Car 0.5 3 0 662.3185 176.2976 679.1701 189.45663 0.5 0.5 0.5 0.5 0.5 0.5 0.5 0.69239885 
Car 0.5 3 0 1084.793 168.71735 1116.4443 180.32948 0.5 0.5 0.5 0.5 0.5 0.5 0.5 0.69105494 
Pedestrian 0.5 3 0 806.4813 158.69315 818.82947 189.17058 0.5 0.5 0.5 0.5 0.5 0.5 0.5 0.64922094 
Car 0.5 3 0 996.50366 168.58908 1031.4979 181.04124 0.5 0.5 0.5 0.5 0.5 0.5 0.5 0.629198 
Car 0.5 3 0 1041.6097 166.59088 1087.8853 181.06392 0.5 0.5 0.5 0.5 0.5 0.5 0.5 0.6044568 
Car 0.5 3 0 943.0237 168.26463 957.86694 178.862 0.5 0.5 0.5 0.5 0.5 0.5 0.5 0.60052854 
Car 0.5 3 0 615.2952 177.8644 634.1634 192.37132 0.5 0.5 0.5 0.5 0.5 0.5 0.5 0.5575305 
