Car 0.5 3 0 1123.7965 180.29376 1166.3164 204.80664 0.5 0.5 0.5 0.5 0.5 0.5 0.5 0.9775463 
Car 0.5 3 0 1082.4088 179.64455 1124.3231 203.04927 0.5 0.5 0.5 0.5 0.5 0.5 0.5 0.97170806 
Car 0.5 3 0 579.1976 184.92734 613.33246 213.99576 0.5 0.5 0.5 0.5 0.5 0.5 0.5 0.94912994 
Car 0.5 3 0 1165.3042 181.8644 1209.5138 202.76324 0.5 0.5 0.5 0.5 0.5 0.5 0.5 0.9392098 
Car 0.5 3 0 1010.2002 179.05743 1046.7584 198.01346 0.5 0.5 0.5 0.5 0.5 0.5 0.5 0.93372077 
Car 0.5 3 0 975.64734 181.07701 1008.7509 200.19012 0.5 0.5 0.5 0.5 0.5 0.5 0.5 0.9316462 
Car 0.5 3 0 329.06247 185.5494 356.80463 205.95102 0.5 0.5 0.5 0.5 0.5 0.5 0.5 0.9154956 
Pedestrian 0.5 3 0 11.729116 198.75691 34.99867 256.67398 0.5 0.5 0.5 0.5 0.5 0.5 0.5 0.9152029 
Car 0.5 3 0 693.04065 175.68437 709.8035 187.91899 0.5 0.5 0.5 0.5 0.5 0.5 0.5 0.89569175 
Car 0.5 3 0 948.5669 180.18105 977.52673 199.87123 0.5 0.5 0.5 0.5 0.5 0.5 0.5 0.8900316 
Car 0.5 3 0 731.40045 177.84785 752.2074 187.69586 0.5 0.5 0.5 0.5 0.5 0.5 0.5 0.8863268 
Car 0.5 3 0 87.08756 202.83911 118.69363 219.61789 0.5 0.5 0.5 0.5 0.5 0.5 0.5 0.88225216 
Pedestrian 0.5 3 0 249.918 199.22513 261.91138 230.4349 0.5 0.5 0.5 0.5 0.5 0.5 0.5 0.87457865 
Car 0.5 3 0 694.14557 174.99255 724.1459 189.95451 0.5 0.5 0.5 0.5 0.5 0.5 0.5 0.85332966 
Car 0.5 3 0 153.6294 184.66228 201.04063 210.03824 0.5 0.5 0.5 0.5 0.5 0.5 0.5 0.79823333 
Car 0.5 3 0 747.18994 178.30954 766.06445 189.99239 0.5 0.5 0.5 0.5 0.5 0.5 0.5 0.7600902 
Car 0.5 3 0 563.6945 185.43507 580.9731 198.07062 0.5 0.5 0.5 0.5 0.5 0.5 0.5 0.73014003 
Car 0.5 3 0 767.8342 177.15242 787.6873 188.01105 0.5 0.5 0.5 0.5 0.5 0.5 0.5 0.7059106 
Car 0.5 3 0 838.70087 176.46353 854.6569 190.1089 0.5 0.5 0.5 0.5 0.5 0.5 0.5 0.67682755 
Car 0.5 3 0 736.5941 177.51988 762.8058 189.68866 0.5 0.5 0.5 0.5 0.5 0.5 0.5 0.6124395 
Car 0.5 3 0 849.1321 176.64638 885.79224 194.5482 0.5 0.5 0.5 0.5 0.5 0.5 0.5 0.55439293 
Car 0.5 3 0 918.7401 182.96893 940.2186 198.88596 0.5 0.5 0.5 0.5 0.5 0.5 0.5 0.53950465 
Car 0.5 3 0 357.6248 186.13956 385.54672 208.43806 0.5 0.5 0.5 0.5 0.5 0.5 0.5 0.5208755 
