Car 0.5 3 0 49.296898 193.4093 343.47974 301.676 0.5 0.5 0.5 0.5 0.5 0.5 0.5 0.9983719 
Car 0.5 3 0 323.47943 181.4796 401.09875 220.54213 0.5 0.5 0.5 0.5 0.5 0.5 0.5 0.9950421 
Car 0.5 3 0 609.7842 172.06499 659.9217 205.10796 0.5 0.5 0.5 0.5 0.5 0.5 0.5 0.98655695 
Car 0.5 3 0 730.33606 168.6469 745.64905 188.38608 0.5 0.5 0.5 0.5 0.5 0.5 0.5 0.983715 
Car 0.5 3 0 1163.573 153.02403 1199.2616 174.57063 0.5 0.5 0.5 0.5 0.5 0.5 0.5 0.9770328 
Car 0.5 3 0 1038.4604 156.49168 1070.0568 175.53548 0.5 0.5 0.5 0.5 0.5 0.5 0.5 0.96858126 
Car 0.5 3 0 1196.59 151.94566 1240.9681 171.23149 0.5 0.5 0.5 0.5 0.5 0.5 0.5 0.9581167 
Car 0.5 3 0 1129.3864 154.18532 1168.5052 175.33124 0.5 0.5 0.5 0.5 0.5 0.5 0.5 0.9312653 
Car 0.5 3 0 1014.1116 156.9717 1038.79 174.1867 0.5 0.5 0.5 0.5 0.5 0.5 0.5 0.9114855 
Car 0.5 3 0 1097.9066 156.94702 1131.5739 175.95859 0.5 0.5 0.5 0.5 0.5 0.5 0.5 0.905429 
Car 0.5 3 0 426.57123 162.80641 496.5755 210.2822 0.5 0.5 0.5 0.5 0.5 0.5 0.5 0.9002211 
Car 0.5 3 0 824.1821 156.52928 876.1095 171.44672 0.5 0.5 0.5 0.5 0.5 0.5 0.5 0.8676894 
Car 0.5 3 0 887.15186 155.81651 912.5058 171.34561 0.5 0.5 0.5 0.5 0.5 0.5 0.5 0.85077703 
Car 0.5 3 0 802.2084 156.62947 822.0764 171.45763 0.5 0.5 0.5 0.5 0.5 0.5 0.5 0.79799896 
Car 0.5 3 0 821.87177 158.46132 842.658 169.80814 0.5 0.5 0.5 0.5 0.5 0.5 0.5 0.7796964 
Car 0.5 3 0 852.48096 156.90381 885.08264 171.54623 0.5 0.5 0.5 0.5 0.5 0.5 0.5 0.64723104 
Car 0.5 3 0 291.35538 188.57785 329.14972 211.19519 0.5 0.5 0.5 0.5 0.5 0.5 0.5 0.6421411 
