Car 0.5 3 0 847.4226 171.7667 927.58997 224.77809 0.5 0.5 0.5 0.5 0.5 0.5 0.5 0.97663045 
Car 0.5 3 0 783.2872 170.06651 845.4804 222.53682 0.5 0.5 0.5 0.5 0.5 0.5 0.5 0.96405786 
Car 0.5 3 0 299.17358 175.26233 341.39648 206.92473 0.5 0.5 0.5 0.5 0.5 0.5 0.5 0.93735635 
Car 0.5 3 0 129.88023 178.89905 234.31818 223.29929 0.5 0.5 0.5 0.5 0.5 0.5 0.5 0.9270604 
Car 0.5 3 0 0.0 179.78615 171.45064 250.51512 0.5 0.5 0.5 0.5 0.5 0.5 0.5 0.87113667 
Car 0.5 3 0 130.33423 182.1127 188.64612 230.80516 0.5 0.5 0.5 0.5 0.5 0.5 0.5 0.8267928 
Car 0.5 3 0 750.379 168.90591 768.55475 178.9682 0.5 0.5 0.5 0.5 0.5 0.5 0.5 0.78891635 
Car 0.5 3 0 356.07303 179.37035 394.1372 193.06512 0.5 0.5 0.5 0.5 0.5 0.5 0.5 0.7778305 
Car 0.5 3 0 270.10004 172.73634 323.59854 209.15767 0.5 0.5 0.5 0.5 0.5 0.5 0.5 0.74951285 
Car 0.5 3 0 171.52354 166.96933 301.88843 214.19344 0.5 0.5 0.5 0.5 0.5 0.5 0.5 0.73144287 
Pedestrian 0.5 3 0 651.3984 172.89667 659.49634 191.94676 0.5 0.5 0.5 0.5 0.5 0.5 0.5 0.57279915 
Car 0.5 3 0 236.93578 167.10985 308.15262 209.342 0.5 0.5 0.5 0.5 0.5 0.5 0.5 0.54051805 
