Car 0.5 3 0 583.32837 174.1216 671.1764 233.42915 0.5 0.5 0.5 0.5 0.5 0.5 0.5 0.9934908 
Car 0.5 3 0 385.9629 179.13406 525.7288 245.33772 0.5 0.5 0.5 0.5 0.5 0.5 0.5 0.9910005 
Car 0.5 3 0 1165.2546 155.40376 1197.154 177.99808 0.5 0.5 0.5 0.5 0.5 0.5 0.5 0.98433405 
Car 0.5 3 0 1038.7548 158.6 1070.1946 177.80313 0.5 0.5 0.5 0.5 0.5 0.5 0.5 0.97273207 
Car 0.5 3 0 1194.8749 153.8919 1240.832 175.0934 0.5 0.5 0.5 0.5 0.5 0.5 0.5 0.9718256 
Car 0.5 3 0 1130.946 156.4371 1168.3268 177.29308 0.5 0.5 0.5 0.5 0.5 0.5 0.5 0.9565254 
Car 0.5 3 0 885.909 158.82349 919.9074 174.59962 0.5 0.5 0.5 0.5 0.5 0.5 0.5 0.92394066 
Car 0.5 3 0 712.4031 173.39778 742.6933 195.35011 0.5 0.5 0.5 0.5 0.5 0.5 0.5 0.90390176 
Car 0.5 3 0 821.56445 160.61516 842.7069 172.44618 0.5 0.5 0.5 0.5 0.5 0.5 0.5 0.8977944 
Car 0.5 3 0 1013.0603 159.58879 1040.1646 175.69339 0.5 0.5 0.5 0.5 0.5 0.5 0.5 0.880773 
Car 0.5 3 0 1098.9722 158.48396 1133.285 177.96169 0.5 0.5 0.5 0.5 0.5 0.5 0.5 0.8802873 
Car 0.5 3 0 832.8552 159.69759 879.08984 172.66391 0.5 0.5 0.5 0.5 0.5 0.5 0.5 0.84204316 
Car 0.5 3 0 673.1383 171.75519 703.1073 193.6236 0.5 0.5 0.5 0.5 0.5 0.5 0.5 0.8174055 
Car 0.5 3 0 526.26605 177.94836 548.916 197.1429 0.5 0.5 0.5 0.5 0.5 0.5 0.5 0.80937856 
Car 0.5 3 0 788.0653 159.0011 821.7294 173.23074 0.5 0.5 0.5 0.5 0.5 0.5 0.5 0.7460843 
Car 0.5 3 0 853.9979 159.9732 884.8593 172.6799 0.5 0.5 0.5 0.5 0.5 0.5 0.5 0.6648165 
Car 0.5 3 0 803.9788 159.37167 822.1556 172.73277 0.5 0.5 0.5 0.5 0.5 0.5 0.5 0.6495659 
