Car 0.5 3 0 0.93697906 236.7817 193.57196 371.13513 0.5 0.5 0.5 0.5 0.5 0.5 0.5 0.9966608 
Car 0.5 3 0 1165.4843 155.5029 1197.3208 178.28615 0.5 0.5 0.5 0.5 0.5 0.5 0.5 0.98699397 
Car 0.5 3 0 650.18414 172.61531 676.3871 198.28426 0.5 0.5 0.5 0.5 0.5 0.5 0.5 0.98182434 
Car 0.5 3 0 1194.8351 153.56752 1240.5234 175.06058 0.5 0.5 0.5 0.5 0.5 0.5 0.5 0.969728 
Car 0.5 3 0 1130.9651 156.99797 1167.529 177.43742 0.5 0.5 0.5 0.5 0.5 0.5 0.5 0.96688575 
Car 0.5 3 0 1038.8833 158.66977 1069.9185 177.73853 0.5 0.5 0.5 0.5 0.5 0.5 0.5 0.966856 
Car 0.5 3 0 667.21735 174.20479 719.2348 206.04042 0.5 0.5 0.5 0.5 0.5 0.5 0.5 0.9553873 
Car 0.5 3 0 885.5343 158.96227 917.7665 174.047 0.5 0.5 0.5 0.5 0.5 0.5 0.5 0.9095884 
Car 0.5 3 0 824.2335 159.6032 874.9031 173.2856 0.5 0.5 0.5 0.5 0.5 0.5 0.5 0.9061913 
Car 0.5 3 0 487.55322 180.7187 518.5712 204.12177 0.5 0.5 0.5 0.5 0.5 0.5 0.5 0.89331245 
Car 0.5 3 0 821.55597 160.54929 842.392 172.44266 0.5 0.5 0.5 0.5 0.5 0.5 0.5 0.892282 
Car 0.5 3 0 1098.8829 158.89537 1131.7706 177.90158 0.5 0.5 0.5 0.5 0.5 0.5 0.5 0.88915074 
Car 0.5 3 0 1013.22876 159.52501 1040.0275 175.46555 0.5 0.5 0.5 0.5 0.5 0.5 0.5 0.86291826 
Car 0.5 3 0 788.3291 159.14131 821.30963 173.06279 0.5 0.5 0.5 0.5 0.5 0.5 0.5 0.7928249 
Car 0.5 3 0 472.97937 174.8325 493.65674 190.47324 0.5 0.5 0.5 0.5 0.5 0.5 0.5 0.7769295 
Car 0.5 3 0 540.3881 179.8654 558.1829 196.60895 0.5 0.5 0.5 0.5 0.5 0.5 0.5 0.69984674 
Car 0.5 3 0 854.1647 160.03435 884.5623 172.63054 0.5 0.5 0.5 0.5 0.5 0.5 0.5 0.6908644 
Car 0.5 3 0 709.18085 169.12535 727.6203 183.74197 0.5 0.5 0.5 0.5 0.5 0.5 0.5 0.6797903 
Car 0.5 3 0 1142.5508 155.11761 1191.7246 178.61417 0.5 0.5 0.5 0.5 0.5 0.5 0.5 0.51644236 
Car 0.5 3 0 525.9005 177.91457 558.29156 196.36685 0.5 0.5 0.5 0.5 0.5 0.5 0.5 0.50129616 
