Car 0.5 3 0 272.25574 189.5199 514.19324 294.61472 0.5 0.5 0.5 0.5 0.5 0.5 0.5 0.99542314 
Car 0.5 3 0 585.0164 175.49904 647.5165 210.98218 0.5 0.5 0.5 0.5 0.5 0.5 0.5 0.99292976 
Car 0.5 3 0 1164.6698 155.89328 1198.872 177.58083 0.5 0.5 0.5 0.5 0.5 0.5 0.5 0.9790862 
Car 0.5 3 0 1038.7457 158.6581 1070.1351 177.77654 0.5 0.5 0.5 0.5 0.5 0.5 0.5 0.97182155 
Car 0.5 3 0 1195.2465 153.63458 1240.6416 175.14626 0.5 0.5 0.5 0.5 0.5 0.5 0.5 0.9703371 
Car 0.5 3 0 1130.816 156.86176 1167.8601 177.67474 0.5 0.5 0.5 0.5 0.5 0.5 0.5 0.9583402 
Car 0.5 3 0 685.5844 172.79495 709.81604 190.7901 0.5 0.5 0.5 0.5 0.5 0.5 0.5 0.9271188 
Car 0.5 3 0 823.8894 159.53165 874.95435 173.35187 0.5 0.5 0.5 0.5 0.5 0.5 0.5 0.9253669 
Car 0.5 3 0 1098.6046 158.5869 1132.4618 178.09221 0.5 0.5 0.5 0.5 0.5 0.5 0.5 0.8910438 
Car 0.5 3 0 1013.1621 159.48114 1040.3534 175.92249 0.5 0.5 0.5 0.5 0.5 0.5 0.5 0.8899456 
Car 0.5 3 0 886.35364 158.41644 917.97 174.05765 0.5 0.5 0.5 0.5 0.5 0.5 0.5 0.87510127 
Car 0.5 3 0 821.57745 160.58757 842.585 172.40831 0.5 0.5 0.5 0.5 0.5 0.5 0.5 0.8651348 
Car 0.5 3 0 788.0698 158.98152 821.72894 173.20883 0.5 0.5 0.5 0.5 0.5 0.5 0.5 0.8124833 
Car 0.5 3 0 290.4848 193.17741 309.75735 207.33742 0.5 0.5 0.5 0.5 0.5 0.5 0.5 0.72770953 
Car 0.5 3 0 854.27783 159.96083 884.8555 172.56485 0.5 0.5 0.5 0.5 0.5 0.5 0.5 0.6815588 
Car 0.5 3 0 524.64307 178.4059 544.8137 196.63965 0.5 0.5 0.5 0.5 0.5 0.5 0.5 0.6410261 
Car 0.5 3 0 1133.7278 154.32445 1194.6433 178.31071 0.5 0.5 0.5 0.5 0.5 0.5 0.5 0.56828725 
