Car 0.5 3 0 441.76617 173.98784 516.5103 204.96848 0.5 0.5 0.5 0.5 0.5 0.5 0.5 0.9885848 
Pedestrian 0.5 3 0 835.79047 172.19264 857.58026 224.43982 0.5 0.5 0.5 0.5 0.5 0.5 0.5 0.9854145 
Car 0.5 3 0 580.4471 174.67819 632.2247 200.00348 0.5 0.5 0.5 0.5 0.5 0.5 0.5 0.97845596 
Car 0.5 3 0 640.9274 175.40451 674.95386 189.26936 0.5 0.5 0.5 0.5 0.5 0.5 0.5 0.9745243 
Car 0.5 3 0 190.68564 173.76984 275.13013 209.84888 0.5 0.5 0.5 0.5 0.5 0.5 0.5 0.9502999 
Car 0.5 3 0 505.5936 167.98099 565.948 194.41013 0.5 0.5 0.5 0.5 0.5 0.5 0.5 0.9424854 
Car 0.5 3 0 851.8776 172.33551 874.0652 188.42117 0.5 0.5 0.5 0.5 0.5 0.5 0.5 0.8875532 
Car 0.5 3 0 731.8272 175.52362 748.82336 188.38655 0.5 0.5 0.5 0.5 0.5 0.5 0.5 0.87805194 
Car 0.5 3 0 952.1652 169.86824 980.1327 181.62056 0.5 0.5 0.5 0.5 0.5 0.5 0.5 0.86668044 
Car 0.5 3 0 804.7733 172.65128 831.9795 189.63951 0.5 0.5 0.5 0.5 0.5 0.5 0.5 0.8138251 
Car 0.5 3 0 696.8296 174.71526 724.92694 189.83464 0.5 0.5 0.5 0.5 0.5 0.5 0.5 0.8123267 
Car 0.5 3 0 1065.606 173.79413 1094.823 185.73584 0.5 0.5 0.5 0.5 0.5 0.5 0.5 0.7697146 
Car 0.5 3 0 977.66583 171.84024 1011.6509 181.4764 0.5 0.5 0.5 0.5 0.5 0.5 0.5 0.7311352 
Car 0.5 3 0 794.3386 175.7824 817.4277 191.88092 0.5 0.5 0.5 0.5 0.5 0.5 0.5 0.68772966 
Car 0.5 3 0 881.8919 175.77986 894.299 187.46239 0.5 0.5 0.5 0.5 0.5 0.5 0.5 0.62895 
