Car 0.5 3 0 282.03662 177.54028 317.57056 192.11414 0.5 0.5 0.5 0.5 0.5 0.5 0.5 0.8708557 
Pedestrian 0.5 3 0 431.21692 173.88144 444.94672 217.57034 0.5 0.5 0.5 0.5 0.5 0.5 0.5 0.85928786 
Car 0.5 3 0 206.28209 171.62009 248.08464 189.1631 0.5 0.5 0.5 0.5 0.5 0.5 0.5 0.84055823 
Car 0.5 3 0 28.851875 182.26753 91.88868 202.54712 0.5 0.5 0.5 0.5 0.5 0.5 0.5 0.82222575 
Car 0.5 3 0 48.495598 180.08514 109.65111 198.25856 0.5 0.5 0.5 0.5 0.5 0.5 0.5 0.7973398 
Car 0.5 3 0 438.7468 171.44328 493.5563 192.86952 0.5 0.5 0.5 0.5 0.5 0.5 0.5 0.79017305 
Pedestrian 0.5 3 0 597.2212 176.64128 611.2832 202.52246 0.5 0.5 0.5 0.5 0.5 0.5 0.5 0.72486234 
Car 0.5 3 0 674.29724 171.7988 688.22455 180.34306 0.5 0.5 0.5 0.5 0.5 0.5 0.5 0.70460564 
Car 0.5 3 0 0.267655 184.39882 30.911406 216.88763 0.5 0.5 0.5 0.5 0.5 0.5 0.5 0.69765735 
Car 0.5 3 0 709.64813 172.89642 729.5227 182.12814 0.5 0.5 0.5 0.5 0.5 0.5 0.5 0.59993887 
Car 0.5 3 0 991.88934 131.90204 1239.2852 363.9679 0.5 0.5 0.5 0.5 0.5 0.5 0.5 0.5709061 
Car 0.5 3 0 247.19781 178.6073 271.60434 192.14566 0.5 0.5 0.5 0.5 0.5 0.5 0.5 0.55439544 
Pedestrian 0.5 3 0 524.62286 181.6112 535.5863 207.63971 0.5 0.5 0.5 0.5 0.5 0.5 0.5 0.52537626 
Pedestrian 0.5 3 0 463.13898 179.09976 475.4787 215.21103 0.5 0.5 0.5 0.5 0.5 0.5 0.5 0.51456845 
