Car 0.5 3 0 587.67236 173.56656 646.76416 209.38673 0.5 0.5 0.5 0.5 0.5 0.5 0.5 0.9906923 
Car 0.5 3 0 378.75964 183.39288 437.67142 218.91167 0.5 0.5 0.5 0.5 0.5 0.5 0.5 0.98868483 
Car 0.5 3 0 1165.4117 155.36005 1197.3527 177.95746 0.5 0.5 0.5 0.5 0.5 0.5 0.5 0.986296 
Car 0.5 3 0 692.3821 171.71126 734.4567 201.55098 0.5 0.5 0.5 0.5 0.5 0.5 0.5 0.9829662 
Car 0.5 3 0 498.15588 177.83714 528.4629 202.92992 0.5 0.5 0.5 0.5 0.5 0.5 0.5 0.973854 
Car 0.5 3 0 1038.7778 158.68013 1070.1338 177.8382 0.5 0.5 0.5 0.5 0.5 0.5 0.5 0.97159 
Car 0.5 3 0 730.6641 170.10023 749.36554 189.12949 0.5 0.5 0.5 0.5 0.5 0.5 0.5 0.9680196 
Car 0.5 3 0 1195.2695 154.17856 1238.97 175.06184 0.5 0.5 0.5 0.5 0.5 0.5 0.5 0.96609116 
Car 0.5 3 0 1130.8813 157.10791 1167.643 177.16878 0.5 0.5 0.5 0.5 0.5 0.5 0.5 0.95809054 
Car 0.5 3 0 824.025 159.66565 874.6142 173.3388 0.5 0.5 0.5 0.5 0.5 0.5 0.5 0.9098904 
Car 0.5 3 0 885.53235 158.93913 917.74036 174.23288 0.5 0.5 0.5 0.5 0.5 0.5 0.5 0.90162313 
Car 0.5 3 0 535.3805 181.01714 558.68164 195.98071 0.5 0.5 0.5 0.5 0.5 0.5 0.5 0.89752704 
Car 0.5 3 0 821.5895 160.66624 842.6848 172.43866 0.5 0.5 0.5 0.5 0.5 0.5 0.5 0.88518995 
Car 0.5 3 0 1012.9874 159.46837 1040.5085 175.91649 0.5 0.5 0.5 0.5 0.5 0.5 0.5 0.88194895 
Car 0.5 3 0 1098.1296 158.8029 1132.1324 178.14418 0.5 0.5 0.5 0.5 0.5 0.5 0.5 0.8774797 
Car 0.5 3 0 471.73627 175.62148 495.10522 192.20515 0.5 0.5 0.5 0.5 0.5 0.5 0.5 0.870718 
Car 0.5 3 0 673.5927 172.6506 686.7007 184.47389 0.5 0.5 0.5 0.5 0.5 0.5 0.5 0.8060666 
Car 0.5 3 0 291.2378 193.08412 310.9893 207.27582 0.5 0.5 0.5 0.5 0.5 0.5 0.5 0.800881 
Car 0.5 3 0 788.10345 158.97166 821.7201 173.02025 0.5 0.5 0.5 0.5 0.5 0.5 0.5 0.7585773 
Car 0.5 3 0 352.7276 182.1109 386.1948 204.29875 0.5 0.5 0.5 0.5 0.5 0.5 0.5 0.7423947 
Car 0.5 3 0 854.3341 160.05971 884.67456 172.76129 0.5 0.5 0.5 0.5 0.5 0.5 0.5 0.6861788 
Car 0.5 3 0 684.1915 172.808 699.87915 190.60716 0.5 0.5 0.5 0.5 0.5 0.5 0.5 0.64277846 
Car 0.5 3 0 803.21094 159.39055 820.9912 172.36371 0.5 0.5 0.5 0.5 0.5 0.5 0.5 0.58745915 
Car 0.5 3 0 290.53815 191.32129 325.90265 208.13194 0.5 0.5 0.5 0.5 0.5 0.5 0.5 0.5656119 
