Car 0.5 3 0 536.81287 174.63503 611.8799 216.82953 0.5 0.5 0.5 0.5 0.5 0.5 0.5 0.994862 
Car 0.5 3 0 1165.6512 155.78719 1196.5538 178.8206 0.5 0.5 0.5 0.5 0.5 0.5 0.5 0.9832692 
Car 0.5 3 0 457.1083 180.74405 505.2682 207.59932 0.5 0.5 0.5 0.5 0.5 0.5 0.5 0.97267413 
Car 0.5 3 0 1038.9325 158.81277 1070.2147 177.75426 0.5 0.5 0.5 0.5 0.5 0.5 0.5 0.96808887 
Car 0.5 3 0 1195.2212 153.74 1240.7051 175.08502 0.5 0.5 0.5 0.5 0.5 0.5 0.5 0.96128243 
Car 0.5 3 0 1130.9393 156.18365 1168.485 177.31395 0.5 0.5 0.5 0.5 0.5 0.5 0.5 0.9529764 
Car 0.5 3 0 724.2145 167.56596 752.3474 192.53474 0.5 0.5 0.5 0.5 0.5 0.5 0.5 0.9161771 
Car 0.5 3 0 824.1506 159.64922 874.16296 173.4621 0.5 0.5 0.5 0.5 0.5 0.5 0.5 0.9106478 
Car 0.5 3 0 885.61597 158.96884 917.60266 174.02992 0.5 0.5 0.5 0.5 0.5 0.5 0.5 0.9009956 
Car 0.5 3 0 821.9323 160.25899 850.81793 173.60736 0.5 0.5 0.5 0.5 0.5 0.5 0.5 0.88588226 
Car 0.5 3 0 513.015 180.44942 538.75037 199.33447 0.5 0.5 0.5 0.5 0.5 0.5 0.5 0.87981135 
Car 0.5 3 0 1013.2001 159.51335 1040.7643 175.85265 0.5 0.5 0.5 0.5 0.5 0.5 0.5 0.8776262 
Car 0.5 3 0 1098.1932 158.61903 1133.0691 178.16823 0.5 0.5 0.5 0.5 0.5 0.5 0.5 0.87612885 
Car 0.5 3 0 650.9929 160.24802 717.2675 214.02022 0.5 0.5 0.5 0.5 0.5 0.5 0.5 0.8253348 
Car 0.5 3 0 788.65344 159.04015 821.54205 173.06563 0.5 0.5 0.5 0.5 0.5 0.5 0.5 0.8064803 
Car 0.5 3 0 854.32715 160.0627 884.67773 172.61041 0.5 0.5 0.5 0.5 0.5 0.5 0.5 0.69174325 
Car 0.5 3 0 1137.0435 154.75623 1189.3522 178.30774 0.5 0.5 0.5 0.5 0.5 0.5 0.5 0.6044935 
