Car 0.5 3 0 149.44513 183.71707 290.69043 244.09528 0.5 0.5 0.5 0.5 0.5 0.5 0.5 0.9938632 
Car 0.5 3 0 443.96622 182.78484 488.89645 210.94102 0.5 0.5 0.5 0.5 0.5 0.5 0.5 0.9841871 
Car 0.5 3 0 1035.7937 158.52689 1067.1633 178.22871 0.5 0.5 0.5 0.5 0.5 0.5 0.5 0.9700925 
Car 0.5 3 0 665.9827 171.35338 692.04944 195.8602 0.5 0.5 0.5 0.5 0.5 0.5 0.5 0.9676425 
Car 0.5 3 0 691.5323 171.01549 734.307 197.08826 0.5 0.5 0.5 0.5 0.5 0.5 0.5 0.9575114 
Car 0.5 3 0 1188.8524 153.02142 1239.7118 172.0154 0.5 0.5 0.5 0.5 0.5 0.5 0.5 0.94885415 
Car 0.5 3 0 1154.9811 153.63292 1190.5889 176.06117 0.5 0.5 0.5 0.5 0.5 0.5 0.5 0.9397628 
Car 0.5 3 0 1011.86096 159.27478 1038.4843 176.46805 0.5 0.5 0.5 0.5 0.5 0.5 0.5 0.9323624 
Car 0.5 3 0 1093.2793 158.11095 1129.7484 177.58656 0.5 0.5 0.5 0.5 0.5 0.5 0.5 0.92118186 
Car 0.5 3 0 1124.8668 154.67519 1162.5687 176.9322 0.5 0.5 0.5 0.5 0.5 0.5 0.5 0.9050535 
Car 0.5 3 0 824.4469 159.88016 876.9539 173.88371 0.5 0.5 0.5 0.5 0.5 0.5 0.5 0.892215 
Car 0.5 3 0 525.09143 172.03238 567.9494 220.20905 0.5 0.5 0.5 0.5 0.5 0.5 0.5 0.8915713 
Car 0.5 3 0 888.303 158.20265 914.84393 172.90558 0.5 0.5 0.5 0.5 0.5 0.5 0.5 0.86276037 
Car 0.5 3 0 797.7016 159.30688 822.5821 173.39265 0.5 0.5 0.5 0.5 0.5 0.5 0.5 0.81145674 
Pedestrian 0.5 3 0 362.51764 186.27913 381.6904 218.24948 0.5 0.5 0.5 0.5 0.5 0.5 0.5 0.8013683 
Car 0.5 3 0 824.0584 161.25307 843.7704 172.82158 0.5 0.5 0.5 0.5 0.5 0.5 0.5 0.7752082 
Car 0.5 3 0 853.3148 159.77995 886.84784 172.89345 0.5 0.5 0.5 0.5 0.5 0.5 0.5 0.7467123 
Car 0.5 3 0 488.20328 168.25323 539.4502 204.89331 0.5 0.5 0.5 0.5 0.5 0.5 0.5 0.7328438 
Car 0.5 3 0 302.19162 194.17535 320.18155 210.46376 0.5 0.5 0.5 0.5 0.5 0.5 0.5 0.702831 
Car 0.5 3 0 339.6052 180.78888 357.3703 200.09033 0.5 0.5 0.5 0.5 0.5 0.5 0.5 0.6478196 
