Car 0.5 3 0 590.5537 186.8528 642.0487 224.40254 0.5 0.5 0.5 0.5 0.5 0.5 0.5 0.9889339 
Car 0.5 3 0 1164.331 176.49591 1201.2184 198.41348 0.5 0.5 0.5 0.5 0.5 0.5 0.5 0.97934717 
Car 0.5 3 0 1193.8214 176.86777 1237.8867 196.68578 0.5 0.5 0.5 0.5 0.5 0.5 0.5 0.92339826 
Car 0.5 3 0 1001.6428 178.0871 1033.577 194.4901 0.5 0.5 0.5 0.5 0.5 0.5 0.5 0.91871244 
Car 0.5 3 0 238.73906 204.96815 261.24402 217.2254 0.5 0.5 0.5 0.5 0.5 0.5 0.5 0.86718875 
Car 0.5 3 0 865.97614 174.66417 892.91473 191.04198 0.5 0.5 0.5 0.5 0.5 0.5 0.5 0.8356543 
Car 0.5 3 0 815.91046 175.39001 859.9756 190.04318 0.5 0.5 0.5 0.5 0.5 0.5 0.5 0.80583286 
Car 0.5 3 0 954.4245 179.83801 1000.6633 199.6052 0.5 0.5 0.5 0.5 0.5 0.5 0.5 0.78031015 
Pedestrian 0.5 3 0 399.57135 196.94035 410.0332 223.11214 0.5 0.5 0.5 0.5 0.5 0.5 0.5 0.7757652 
Car 0.5 3 0 813.907 176.56448 839.2137 188.19112 0.5 0.5 0.5 0.5 0.5 0.5 0.5 0.70849323 
Car 0.5 3 0 452.34222 190.55217 471.36768 205.07732 0.5 0.5 0.5 0.5 0.5 0.5 0.5 0.69432366 
Car 0.5 3 0 841.4927 176.02495 862.15576 189.04243 0.5 0.5 0.5 0.5 0.5 0.5 0.5 0.68648815 
Car 0.5 3 0 1058.8345 179.29018 1076.9896 192.99445 0.5 0.5 0.5 0.5 0.5 0.5 0.5 0.6770686 
Car 0.5 3 0 771.2393 175.54404 800.6111 193.42165 0.5 0.5 0.5 0.5 0.5 0.5 0.5 0.6510554 
Car 0.5 3 0 437.4591 188.5319 464.98026 205.00616 0.5 0.5 0.5 0.5 0.5 0.5 0.5 0.5402698 
Car 0.5 3 0 258.47995 201.61919 286.28198 217.14763 0.5 0.5 0.5 0.5 0.5 0.5 0.5 0.52549374 
