Car 0.5 3 0 502.30762 175.05959 578.26276 214.15822 0.5 0.5 0.5 0.5 0.5 0.5 0.5 0.9961578 
Car 0.5 3 0 260.28522 190.10672 407.95328 249.32536 0.5 0.5 0.5 0.5 0.5 0.5 0.5 0.99506676 
Car 0.5 3 0 728.93414 165.45836 749.7098 183.40532 0.5 0.5 0.5 0.5 0.5 0.5 0.5 0.9764429 
Car 0.5 3 0 591.8098 172.15419 640.8361 201.8724 0.5 0.5 0.5 0.5 0.5 0.5 0.5 0.9727834 
Pedestrian 0.5 3 0 100.19302 198.67673 116.50097 240.20906 0.5 0.5 0.5 0.5 0.5 0.5 0.5 0.9555392 
Car 0.5 3 0 1210.1913 148.01431 1241.6882 165.37448 0.5 0.5 0.5 0.5 0.5 0.5 0.5 0.9515653 
Car 0.5 3 0 1128.65 151.3638 1170.7255 165.687 0.5 0.5 0.5 0.5 0.5 0.5 0.5 0.9383019 
Car 0.5 3 0 694.2089 165.0207 714.7392 184.7519 0.5 0.5 0.5 0.5 0.5 0.5 0.5 0.91848177 
Car 0.5 3 0 491.09457 174.89526 519.20544 201.60648 0.5 0.5 0.5 0.5 0.5 0.5 0.5 0.91507363 
Car 0.5 3 0 676.3902 169.07687 700.7738 188.01717 0.5 0.5 0.5 0.5 0.5 0.5 0.5 0.9133266 
Car 0.5 3 0 1051.1409 152.009 1080.9875 171.3392 0.5 0.5 0.5 0.5 0.5 0.5 0.5 0.91287 
Car 0.5 3 0 789.6193 156.78627 818.19336 169.80836 0.5 0.5 0.5 0.5 0.5 0.5 0.5 0.9074286 
Car 0.5 3 0 1168.563 150.56506 1202.0038 164.31921 0.5 0.5 0.5 0.5 0.5 0.5 0.5 0.88855916 
Car 0.5 3 0 1078.1665 151.42276 1102.3624 167.35689 0.5 0.5 0.5 0.5 0.5 0.5 0.5 0.8176189 
Car 0.5 3 0 983.90796 155.01701 1006.6897 168.80678 0.5 0.5 0.5 0.5 0.5 0.5 0.5 0.76899004 
Car 0.5 3 0 333.3257 171.47148 419.60776 212.04079 0.5 0.5 0.5 0.5 0.5 0.5 0.5 0.7291396 
Car 0.5 3 0 643.8681 171.82477 659.08386 181.04427 0.5 0.5 0.5 0.5 0.5 0.5 0.5 0.69251627 
Car 0.5 3 0 612.5793 171.7057 640.74347 197.23975 0.5 0.5 0.5 0.5 0.5 0.5 0.5 0.6207702 
Car 0.5 3 0 1004.68225 155.40497 1031.5724 171.1376 0.5 0.5 0.5 0.5 0.5 0.5 0.5 0.6207611 
Car 0.5 3 0 836.4514 156.49399 875.7011 170.27956 0.5 0.5 0.5 0.5 0.5 0.5 0.5 0.61286587 
Car 0.5 3 0 1198.3473 148.15988 1218.494 163.88611 0.5 0.5 0.5 0.5 0.5 0.5 0.5 0.610386 
Car 0.5 3 0 858.623 157.64664 875.5916 169.37643 0.5 0.5 0.5 0.5 0.5 0.5 0.5 0.60795283 
Pedestrian 0.5 3 0 750.7355 157.40576 770.53766 198.53891 0.5 0.5 0.5 0.5 0.5 0.5 0.5 0.5166468 
