Car 0.5 3 0 101.619286 192.77315 367.23526 287.66663 0.5 0.5 0.5 0.5 0.5 0.5 0.5 0.9976509 
Car 0.5 3 0 614.9744 172.35799 662.62823 204.4459 0.5 0.5 0.5 0.5 0.5 0.5 0.5 0.99401927 
Car 0.5 3 0 309.2198 183.16739 386.9753 217.73453 0.5 0.5 0.5 0.5 0.5 0.5 0.5 0.9857603 
Car 0.5 3 0 1163.7075 153.19371 1198.9159 174.71959 0.5 0.5 0.5 0.5 0.5 0.5 0.5 0.9833377 
Car 0.5 3 0 733.3113 169.01366 745.6026 187.31984 0.5 0.5 0.5 0.5 0.5 0.5 0.5 0.97418886 
Car 0.5 3 0 1038.6411 156.67226 1070.2047 175.73822 0.5 0.5 0.5 0.5 0.5 0.5 0.5 0.9648565 
Car 0.5 3 0 1194.7156 151.68832 1238.2793 172.72247 0.5 0.5 0.5 0.5 0.5 0.5 0.5 0.9615564 
Car 0.5 3 0 1129.9272 154.25523 1169.1149 176.01285 0.5 0.5 0.5 0.5 0.5 0.5 0.5 0.9361675 
Car 0.5 3 0 419.99326 162.91061 492.46573 211.41176 0.5 0.5 0.5 0.5 0.5 0.5 0.5 0.9034462 
Car 0.5 3 0 1099.3097 157.09312 1132.2415 176.26189 0.5 0.5 0.5 0.5 0.5 0.5 0.5 0.8968297 
Car 0.5 3 0 823.75165 156.98927 875.65076 171.69609 0.5 0.5 0.5 0.5 0.5 0.5 0.5 0.89501923 
Car 0.5 3 0 1013.02563 156.79793 1040.7267 174.49625 0.5 0.5 0.5 0.5 0.5 0.5 0.5 0.8839067 
Car 0.5 3 0 886.77576 155.78697 912.4463 171.48239 0.5 0.5 0.5 0.5 0.5 0.5 0.5 0.86513853 
Car 0.5 3 0 821.82324 158.66873 845.82275 171.30574 0.5 0.5 0.5 0.5 0.5 0.5 0.5 0.77684504 
Car 0.5 3 0 791.95905 156.28998 821.75116 170.64441 0.5 0.5 0.5 0.5 0.5 0.5 0.5 0.72045124 
Car 0.5 3 0 853.17413 157.25168 885.2582 171.54518 0.5 0.5 0.5 0.5 0.5 0.5 0.5 0.638828 
Car 0.5 3 0 489.75363 170.00635 510.0618 188.85355 0.5 0.5 0.5 0.5 0.5 0.5 0.5 0.5276806 
