Car 0.5 3 0 1185.681 189.99678 1238.8954 220.63153 0.5 0.5 0.5 0.5 0.5 0.5 0.5 0.98714554 
Car 0.5 3 0 517.4811 192.74934 546.4723 217.18994 0.5 0.5 0.5 0.5 0.5 0.5 0.5 0.96193314 
Car 0.5 3 0 187.33026 186.73018 228.60843 212.72484 0.5 0.5 0.5 0.5 0.5 0.5 0.5 0.9612115 
Car 0.5 3 0 1033.9293 186.70691 1067.85 212.76181 0.5 0.5 0.5 0.5 0.5 0.5 0.5 0.96043617 
Car 0.5 3 0 638.7551 178.66037 672.17285 193.8335 0.5 0.5 0.5 0.5 0.5 0.5 0.5 0.9272652 
Car 0.5 3 0 825.7429 181.17033 860.7919 205.2345 0.5 0.5 0.5 0.5 0.5 0.5 0.5 0.9135973 
Car 0.5 3 0 1086.9283 191.90654 1128.507 218.77019 0.5 0.5 0.5 0.5 0.5 0.5 0.5 0.9088064 
Car 0.5 3 0 990.1215 188.66364 1025.4136 214.73482 0.5 0.5 0.5 0.5 0.5 0.5 0.5 0.9058481 
Car 0.5 3 0 715.7122 181.38696 760.7285 198.92911 0.5 0.5 0.5 0.5 0.5 0.5 0.5 0.84206945 
Car 0.5 3 0 761.8926 182.85643 789.0465 200.77736 0.5 0.5 0.5 0.5 0.5 0.5 0.5 0.8398435 
Car 0.5 3 0 913.7853 189.84927 947.8794 214.04364 0.5 0.5 0.5 0.5 0.5 0.5 0.5 0.8271617 
Car 0.5 3 0 707.74896 181.87668 730.62604 197.44745 0.5 0.5 0.5 0.5 0.5 0.5 0.5 0.760429 
Car 0.5 3 0 949.3002 187.87247 979.4434 213.99745 0.5 0.5 0.5 0.5 0.5 0.5 0.5 0.7537341 
Car 0.5 3 0 824.6328 180.3647 888.50134 207.13235 0.5 0.5 0.5 0.5 0.5 0.5 0.5 0.7453243 
Car 0.5 3 0 1145.5996 201.52478 1187.6001 219.35017 0.5 0.5 0.5 0.5 0.5 0.5 0.5 0.7103816 
Car 0.5 3 0 794.23157 177.93513 836.19904 200.38437 0.5 0.5 0.5 0.5 0.5 0.5 0.5 0.7068432 
Car 0.5 3 0 1061.4572 190.88353 1092.026 212.01118 0.5 0.5 0.5 0.5 0.5 0.5 0.5 0.6225006 
Car 0.5 3 0 681.465 182.53793 716.03345 200.71303 0.5 0.5 0.5 0.5 0.5 0.5 0.5 0.6125241 
Car 0.5 3 0 735.67194 183.05338 766.29364 198.5836 0.5 0.5 0.5 0.5 0.5 0.5 0.5 0.5355358 
