Car 0.5 3 0 418.33612 180.47487 469.6718 211.86888 0.5 0.5 0.5 0.5 0.5 0.5 0.5 0.9977373 
Car 0.5 3 0 6.3035707 175.47716 438.68152 366.66003 0.5 0.5 0.5 0.5 0.5 0.5 0.5 0.9955498 
Car 0.5 3 0 1164.5807 155.5843 1199.1984 177.66476 0.5 0.5 0.5 0.5 0.5 0.5 0.5 0.97983104 
Car 0.5 3 0 728.34595 171.04143 750.4921 189.40327 0.5 0.5 0.5 0.5 0.5 0.5 0.5 0.97096217 
Car 0.5 3 0 1039.1875 158.73027 1069.5941 177.8776 0.5 0.5 0.5 0.5 0.5 0.5 0.5 0.9696064 
Car 0.5 3 0 1195.0961 153.82355 1240.5992 175.13126 0.5 0.5 0.5 0.5 0.5 0.5 0.5 0.96862745 
Car 0.5 3 0 1130.9791 155.3881 1169.1747 177.52055 0.5 0.5 0.5 0.5 0.5 0.5 0.5 0.9518748 
Car 0.5 3 0 509.32947 180.45546 541.0317 200.03557 0.5 0.5 0.5 0.5 0.5 0.5 0.5 0.94667816 
Car 0.5 3 0 824.00275 159.62866 875.473 173.44388 0.5 0.5 0.5 0.5 0.5 0.5 0.5 0.91935956 
Car 0.5 3 0 673.84607 170.75089 705.3627 192.67111 0.5 0.5 0.5 0.5 0.5 0.5 0.5 0.91328216 
Car 0.5 3 0 886.3204 158.82605 922.8723 174.75838 0.5 0.5 0.5 0.5 0.5 0.5 0.5 0.88784564 
Car 0.5 3 0 1097.8861 158.64651 1132.9476 177.93336 0.5 0.5 0.5 0.5 0.5 0.5 0.5 0.8869497 
Car 0.5 3 0 821.70685 160.7321 842.89856 172.4278 0.5 0.5 0.5 0.5 0.5 0.5 0.5 0.8840264 
Car 0.5 3 0 1013.12115 159.53267 1040.3989 176.0919 0.5 0.5 0.5 0.5 0.5 0.5 0.5 0.8778952 
Car 0.5 3 0 470.9706 174.57756 492.50424 191.56648 0.5 0.5 0.5 0.5 0.5 0.5 0.5 0.8668584 
Car 0.5 3 0 717.33765 169.07758 731.2256 184.95816 0.5 0.5 0.5 0.5 0.5 0.5 0.5 0.8062903 
Car 0.5 3 0 788.4261 159.13562 822.0485 173.17285 0.5 0.5 0.5 0.5 0.5 0.5 0.5 0.78578067 
Car 0.5 3 0 853.70264 160.06119 884.799 172.85735 0.5 0.5 0.5 0.5 0.5 0.5 0.5 0.6775849 
Car 0.5 3 0 540.59784 179.40018 559.28 195.53429 0.5 0.5 0.5 0.5 0.5 0.5 0.5 0.505699 
