Car 0.5 3 0 460.09073 179.10437 565.58 232.54083 0.5 0.5 0.5 0.5 0.5 0.5 0.5 0.99753225 
Car 0.5 3 0 1.5306503 198.87665 78.568924 261.4902 0.5 0.5 0.5 0.5 0.5 0.5 0.5 0.98779523 
Car 0.5 3 0 1164.333 155.54051 1195.2888 178.64502 0.5 0.5 0.5 0.5 0.5 0.5 0.5 0.98549104 
Car 0.5 3 0 664.8333 172.57649 693.5894 196.16325 0.5 0.5 0.5 0.5 0.5 0.5 0.5 0.973319 
Car 0.5 3 0 1038.8818 158.6359 1069.9774 177.77446 0.5 0.5 0.5 0.5 0.5 0.5 0.5 0.9694164 
Car 0.5 3 0 1195.0465 153.51505 1240.718 175.18768 0.5 0.5 0.5 0.5 0.5 0.5 0.5 0.96813756 
Car 0.5 3 0 1130.9558 156.83742 1168.529 177.71884 0.5 0.5 0.5 0.5 0.5 0.5 0.5 0.95555294 
Car 0.5 3 0 688.0922 171.65944 708.88086 190.51503 0.5 0.5 0.5 0.5 0.5 0.5 0.5 0.9426535 
Car 0.5 3 0 824.189 159.51636 874.39935 173.22012 0.5 0.5 0.5 0.5 0.5 0.5 0.5 0.91346693 
Car 0.5 3 0 1098.8558 158.56355 1133.5481 178.17668 0.5 0.5 0.5 0.5 0.5 0.5 0.5 0.9051408 
Car 0.5 3 0 886.0159 158.4455 917.66406 173.84483 0.5 0.5 0.5 0.5 0.5 0.5 0.5 0.8905784 
Car 0.5 3 0 1013.1159 159.49323 1040.3446 175.89893 0.5 0.5 0.5 0.5 0.5 0.5 0.5 0.8754444 
Car 0.5 3 0 821.5791 160.5197 842.6232 172.36522 0.5 0.5 0.5 0.5 0.5 0.5 0.5 0.87468046 
Car 0.5 3 0 268.77863 159.97583 397.2598 228.36871 0.5 0.5 0.5 0.5 0.5 0.5 0.5 0.837727 
Car 0.5 3 0 788.2157 159.01144 821.69135 173.14217 0.5 0.5 0.5 0.5 0.5 0.5 0.5 0.82711554 
Pedestrian 0.5 3 0 154.79597 198.49467 168.70842 241.69193 0.5 0.5 0.5 0.5 0.5 0.5 0.5 0.7917429 
Car 0.5 3 0 854.1037 159.93506 884.701 172.58969 0.5 0.5 0.5 0.5 0.5 0.5 0.5 0.6668938 
Car 0.5 3 0 803.7136 159.4148 822.3668 172.73634 0.5 0.5 0.5 0.5 0.5 0.5 0.5 0.6535553 
Car 0.5 3 0 636.9553 164.78339 662.4565 182.48857 0.5 0.5 0.5 0.5 0.5 0.5 0.5 0.6245331 
Car 0.5 3 0 612.37646 173.26532 624.4296 182.48598 0.5 0.5 0.5 0.5 0.5 0.5 0.5 0.57211787 
Car 0.5 3 0 717.9168 161.06819 753.37146 190.99335 0.5 0.5 0.5 0.5 0.5 0.5 0.5 0.57167953 
