Car 0.5 3 0 1136.1176 179.79054 1174.8971 202.25655 0.5 0.5 0.5 0.5 0.5 0.5 0.5 0.98198766 
Car 0.5 3 0 596.36615 185.40292 635.1328 215.24464 0.5 0.5 0.5 0.5 0.5 0.5 0.5 0.97657293 
Car 0.5 3 0 994.1597 180.49802 1025.6357 199.35638 0.5 0.5 0.5 0.5 0.5 0.5 0.5 0.952895 
Car 0.5 3 0 1173.5785 181.11763 1219.4844 202.06822 0.5 0.5 0.5 0.5 0.5 0.5 0.5 0.93822175 
Car 0.5 3 0 968.0629 180.11441 993.3507 197.52109 0.5 0.5 0.5 0.5 0.5 0.5 0.5 0.9345446 
Car 0.5 3 0 639.2343 186.30502 652.686 197.755 0.5 0.5 0.5 0.5 0.5 0.5 0.5 0.9147575 
Car 0.5 3 0 379.38077 185.29752 402.90076 204.86139 0.5 0.5 0.5 0.5 0.5 0.5 0.5 0.8794144 
Car 0.5 3 0 721.07404 176.79301 735.20013 188.86604 0.5 0.5 0.5 0.5 0.5 0.5 0.5 0.8708053 
Car 0.5 3 0 1025.2815 180.69278 1054.6567 198.86362 0.5 0.5 0.5 0.5 0.5 0.5 0.5 0.85954154 
Car 0.5 3 0 1061.6553 180.84724 1107.0126 202.71855 0.5 0.5 0.5 0.5 0.5 0.5 0.5 0.84793174 
Car 0.5 3 0 157.90959 201.41463 180.44989 216.7277 0.5 0.5 0.5 0.5 0.5 0.5 0.5 0.7821912 
Car 0.5 3 0 1226.0692 183.57832 1241.4608 199.14127 0.5 0.5 0.5 0.5 0.5 0.5 0.5 0.7800217 
Car 0.5 3 0 757.4686 177.5003 779.2925 188.15208 0.5 0.5 0.5 0.5 0.5 0.5 0.5 0.7679203 
Car 0.5 3 0 825.7458 175.17368 855.48615 191.58148 0.5 0.5 0.5 0.5 0.5 0.5 0.5 0.6862043 
Car 0.5 3 0 738.0538 174.99463 756.66113 187.8918 0.5 0.5 0.5 0.5 0.5 0.5 0.5 0.61702436 
Car 0.5 3 0 390.39093 184.42345 422.04562 204.24265 0.5 0.5 0.5 0.5 0.5 0.5 0.5 0.5185508 
Car 0.5 3 0 616.0191 178.46455 635.21625 197.2552 0.5 0.5 0.5 0.5 0.5 0.5 0.5 0.5178541 
