Car 0.5 3 0 631.3786 172.69785 700.0449 215.42946 0.5 0.5 0.5 0.5 0.5 0.5 0.5 0.98682934 
Car 0.5 3 0 1165.0573 156.37614 1200.5049 177.54922 0.5 0.5 0.5 0.5 0.5 0.5 0.5 0.9861951 
Car 0.5 3 0 1195.1333 153.77904 1240.5499 174.91989 0.5 0.5 0.5 0.5 0.5 0.5 0.5 0.9710675 
Car 0.5 3 0 1038.8218 158.70306 1070.2026 177.71729 0.5 0.5 0.5 0.5 0.5 0.5 0.5 0.96429706 
Car 0.5 3 0 1130.9984 156.88931 1167.6211 177.25722 0.5 0.5 0.5 0.5 0.5 0.5 0.5 0.95444536 
Car 0.5 3 0 687.54736 172.18158 709.22595 187.4238 0.5 0.5 0.5 0.5 0.5 0.5 0.5 0.92728955 
Car 0.5 3 0 885.5926 158.84312 917.29895 174.1028 0.5 0.5 0.5 0.5 0.5 0.5 0.5 0.9048796 
Car 0.5 3 0 824.16254 159.60005 873.73254 173.27086 0.5 0.5 0.5 0.5 0.5 0.5 0.5 0.9026491 
Car 0.5 3 0 821.4597 160.5171 842.6673 172.51749 0.5 0.5 0.5 0.5 0.5 0.5 0.5 0.89434755 
Car 0.5 3 0 1013.04565 159.4595 1040.7445 175.96202 0.5 0.5 0.5 0.5 0.5 0.5 0.5 0.87817335 
Car 0.5 3 0 1098.5022 158.80217 1132.3126 177.80637 0.5 0.5 0.5 0.5 0.5 0.5 0.5 0.8727079 
Car 0.5 3 0 497.9541 180.07794 526.0179 202.17215 0.5 0.5 0.5 0.5 0.5 0.5 0.5 0.8298165 
Car 0.5 3 0 787.7277 159.05946 821.9285 173.39299 0.5 0.5 0.5 0.5 0.5 0.5 0.5 0.7903065 
Car 0.5 3 0 854.445 160.08952 884.78424 172.68591 0.5 0.5 0.5 0.5 0.5 0.5 0.5 0.7070049 
Car 0.5 3 0 804.0988 159.38927 822.434 172.88557 0.5 0.5 0.5 0.5 0.5 0.5 0.5 0.6497313 
Car 0.5 3 0 1142.5853 155.14908 1193.1853 178.39009 0.5 0.5 0.5 0.5 0.5 0.5 0.5 0.6410067 
