Car 0.5 3 0 241.21005 190.64792 396.8213 250.67378 0.5 0.5 0.5 0.5 0.5 0.5 0.5 0.99666685 
Car 0.5 3 0 490.6722 175.00099 567.9394 217.11772 0.5 0.5 0.5 0.5 0.5 0.5 0.5 0.9965342 
Car 0.5 3 0 730.3783 165.7443 749.83905 183.55122 0.5 0.5 0.5 0.5 0.5 0.5 0.5 0.98198605 
Car 0.5 3 0 0.8722556 183.22754 93.67995 250.83038 0.5 0.5 0.5 0.5 0.5 0.5 0.5 0.9609395 
Car 0.5 3 0 588.59644 172.45383 636.3663 201.73071 0.5 0.5 0.5 0.5 0.5 0.5 0.5 0.9484896 
Car 0.5 3 0 1202.3457 149.2547 1239.6376 166.0969 0.5 0.5 0.5 0.5 0.5 0.5 0.5 0.9466833 
Car 0.5 3 0 1096.386 152.20262 1128.875 168.07031 0.5 0.5 0.5 0.5 0.5 0.5 0.5 0.9395304 
Car 0.5 3 0 790.0386 158.02756 814.74316 171.14304 0.5 0.5 0.5 0.5 0.5 0.5 0.5 0.92020863 
Car 0.5 3 0 1123.9291 153.73625 1151.5983 167.85149 0.5 0.5 0.5 0.5 0.5 0.5 0.5 0.9084573 
Car 0.5 3 0 677.22345 169.84164 701.90735 189.12003 0.5 0.5 0.5 0.5 0.5 0.5 0.5 0.9000741 
Car 0.5 3 0 692.1724 166.15077 714.3931 185.58276 0.5 0.5 0.5 0.5 0.5 0.5 0.5 0.8971185 
Pedestrian 0.5 3 0 130.47775 197.8018 143.90141 236.35587 0.5 0.5 0.5 0.5 0.5 0.5 0.5 0.8896143 
Car 0.5 3 0 362.4934 171.82571 446.69302 211.03242 0.5 0.5 0.5 0.5 0.5 0.5 0.5 0.88475806 
Car 0.5 3 0 1161.1261 151.6526 1196.7759 165.57141 0.5 0.5 0.5 0.5 0.5 0.5 0.5 0.86178744 
Car 0.5 3 0 1049.503 153.30562 1075.1711 172.09984 0.5 0.5 0.5 0.5 0.5 0.5 0.5 0.84164286 
Car 0.5 3 0 1049.3328 154.72655 1100.1746 172.18651 0.5 0.5 0.5 0.5 0.5 0.5 0.5 0.7421558 
Car 0.5 3 0 981.8755 155.83664 1005.09467 170.39835 0.5 0.5 0.5 0.5 0.5 0.5 0.5 0.72548103 
Car 0.5 3 0 651.1847 172.13203 664.1985 181.14778 0.5 0.5 0.5 0.5 0.5 0.5 0.5 0.7246499 
Car 0.5 3 0 1192.3345 149.7282 1212.3237 164.90843 0.5 0.5 0.5 0.5 0.5 0.5 0.5 0.7059126 
Pedestrian 0.5 3 0 759.7651 148.19557 771.4983 190.55016 0.5 0.5 0.5 0.5 0.5 0.5 0.5 0.6534964 
Car 0.5 3 0 1028.3855 154.15263 1052.533 169.39844 0.5 0.5 0.5 0.5 0.5 0.5 0.5 0.6241859 
Car 0.5 3 0 882.17535 156.72636 898.546 168.07039 0.5 0.5 0.5 0.5 0.5 0.5 0.5 0.59102947 
Car 0.5 3 0 832.8601 158.10867 867.2619 169.94528 0.5 0.5 0.5 0.5 0.5 0.5 0.5 0.52564293 
