Car 0.5 3 0 40.10215 206.87582 414.7007 357.67392 0.5 0.5 0.5 0.5 0.5 0.5 0.5 0.9956013 
Car 0.5 3 0 389.72034 182.49303 457.97275 215.85663 0.5 0.5 0.5 0.5 0.5 0.5 0.5 0.9845291 
Car 0.5 3 0 1164.686 155.71162 1200.1691 177.54668 0.5 0.5 0.5 0.5 0.5 0.5 0.5 0.9832234 
Car 0.5 3 0 738.7239 167.75522 753.9314 189.68214 0.5 0.5 0.5 0.5 0.5 0.5 0.5 0.9792172 
Car 0.5 3 0 623.8836 173.98254 670.81757 203.23265 0.5 0.5 0.5 0.5 0.5 0.5 0.5 0.9720266 
Car 0.5 3 0 27.734076 191.32864 219.98244 256.32532 0.5 0.5 0.5 0.5 0.5 0.5 0.5 0.97000104 
Car 0.5 3 0 1038.9021 158.78304 1070.294 177.68434 0.5 0.5 0.5 0.5 0.5 0.5 0.5 0.9640875 
Car 0.5 3 0 1195.833 153.94344 1238.5212 175.21968 0.5 0.5 0.5 0.5 0.5 0.5 0.5 0.95976424 
Car 0.5 3 0 1130.9567 156.25455 1168.2765 177.407 0.5 0.5 0.5 0.5 0.5 0.5 0.5 0.94791836 
Car 0.5 3 0 823.9985 159.60764 874.4613 173.47197 0.5 0.5 0.5 0.5 0.5 0.5 0.5 0.9112171 
Car 0.5 3 0 885.9092 158.53189 917.9765 173.88467 0.5 0.5 0.5 0.5 0.5 0.5 0.5 0.89036345 
Car 0.5 3 0 821.7636 160.28537 851.1907 173.51286 0.5 0.5 0.5 0.5 0.5 0.5 0.5 0.8763064 
Car 0.5 3 0 1097.8713 158.58827 1133.1906 178.08115 0.5 0.5 0.5 0.5 0.5 0.5 0.5 0.8692316 
Car 0.5 3 0 1013.27 159.43007 1040.5289 175.87714 0.5 0.5 0.5 0.5 0.5 0.5 0.5 0.85773027 
Car 0.5 3 0 678.7677 172.91383 694.7251 184.7782 0.5 0.5 0.5 0.5 0.5 0.5 0.5 0.8466394 
Car 0.5 3 0 788.64874 159.08377 821.30853 172.86441 0.5 0.5 0.5 0.5 0.5 0.5 0.5 0.76763254 
Car 0.5 3 0 854.249 160.03671 884.7269 172.54784 0.5 0.5 0.5 0.5 0.5 0.5 0.5 0.67777234 
Car 0.5 3 0 474.18173 175.60138 489.16953 191.43869 0.5 0.5 0.5 0.5 0.5 0.5 0.5 0.6534719 
Car 0.5 3 0 700.6915 163.0007 742.5649 200.62447 0.5 0.5 0.5 0.5 0.5 0.5 0.5 0.62685823 
Car 0.5 3 0 88.67685 189.86916 220.54143 215.66937 0.5 0.5 0.5 0.5 0.5 0.5 0.5 0.51510996 
Car 0.5 3 0 666.7544 174.15114 681.5542 185.97864 0.5 0.5 0.5 0.5 0.5 0.5 0.5 0.509539 
Car 0.5 3 0 352.9514 181.88586 385.9547 200.59189 0.5 0.5 0.5 0.5 0.5 0.5 0.5 0.50665414 
Car 0.5 3 0 327.68344 177.93896 360.80676 195.7417 0.5 0.5 0.5 0.5 0.5 0.5 0.5 0.5014419 
