Car 0.5 3 0 448.17465 179.54552 480.18915 206.88992 0.5 0.5 0.5 0.5 0.5 0.5 0.5 0.99109507 
Car 0.5 3 0 832.1762 168.84747 899.7972 196.13647 0.5 0.5 0.5 0.5 0.5 0.5 0.5 0.98066837 
Car 0.5 3 0 830.49054 169.10268 864.2746 194.42097 0.5 0.5 0.5 0.5 0.5 0.5 0.5 0.97667456 
Car 0.5 3 0 929.2656 166.29791 1017.9258 202.11177 0.5 0.5 0.5 0.5 0.5 0.5 0.5 0.97643036 
Car 0.5 3 0 915.6208 165.53781 953.52454 192.0788 0.5 0.5 0.5 0.5 0.5 0.5 0.5 0.9580587 
Car 0.5 3 0 1048.2892 169.79585 1101.8568 211.58147 0.5 0.5 0.5 0.5 0.5 0.5 0.5 0.94799995 
Car 0.5 3 0 758.4214 167.95076 804.06213 190.76028 0.5 0.5 0.5 0.5 0.5 0.5 0.5 0.93893725 
Car 0.5 3 0 698.55853 167.31386 733.28766 188.78508 0.5 0.5 0.5 0.5 0.5 0.5 0.5 0.93362933 
Car 0.5 3 0 721.3885 166.65009 770.9534 190.37657 0.5 0.5 0.5 0.5 0.5 0.5 0.5 0.92602235 
Car 0.5 3 0 0.2370011 172.65442 24.565958 211.84073 0.5 0.5 0.5 0.5 0.5 0.5 0.5 0.8748296 
Car 0.5 3 0 804.982 171.20091 835.12854 188.98973 0.5 0.5 0.5 0.5 0.5 0.5 0.5 0.8379244 
Car 0.5 3 0 382.60312 178.14159 397.99155 189.68877 0.5 0.5 0.5 0.5 0.5 0.5 0.5 0.8191116 
Car 0.5 3 0 376.472 175.6076 396.4148 188.72467 0.5 0.5 0.5 0.5 0.5 0.5 0.5 0.74856335 
Car 0.5 3 0 429.26865 177.42056 449.51254 194.92207 0.5 0.5 0.5 0.5 0.5 0.5 0.5 0.7420817 
Car 0.5 3 0 398.35632 180.57663 413.4614 192.86731 0.5 0.5 0.5 0.5 0.5 0.5 0.5 0.7119721 
Car 0.5 3 0 638.6038 163.53024 685.8911 185.51318 0.5 0.5 0.5 0.5 0.5 0.5 0.5 0.6871511 
Car 0.5 3 0 499.29593 171.87039 536.0497 205.35518 0.5 0.5 0.5 0.5 0.5 0.5 0.5 0.6701824 
Car 0.5 3 0 1197.5094 184.07544 1241.8225 219.89926 0.5 0.5 0.5 0.5 0.5 0.5 0.5 0.66206425 
Car 0.5 3 0 413.54517 179.76886 430.47638 194.0588 0.5 0.5 0.5 0.5 0.5 0.5 0.5 0.633568 
Car 0.5 3 0 749.912 167.53839 776.04126 188.6225 0.5 0.5 0.5 0.5 0.5 0.5 0.5 0.61201745 
Pedestrian 0.5 3 0 29.189877 188.3857 42.78358 221.6497 0.5 0.5 0.5 0.5 0.5 0.5 0.5 0.5953511 
Car 0.5 3 0 1119.0656 189.27701 1166.3815 213.95377 0.5 0.5 0.5 0.5 0.5 0.5 0.5 0.5718493 
Car 0.5 3 0 371.35886 175.57262 384.4589 186.55006 0.5 0.5 0.5 0.5 0.5 0.5 0.5 0.564831 
Car 0.5 3 0 402.09833 179.29172 428.8609 192.78731 0.5 0.5 0.5 0.5 0.5 0.5 0.5 0.56296176 
