Car 0.5 3 0 1165.7104 155.96692 1196.2588 178.78891 0.5 0.5 0.5 0.5 0.5 0.5 0.5 0.98580754 
Car 0.5 3 0 451.72647 177.52664 559.78894 231.77055 0.5 0.5 0.5 0.5 0.5 0.5 0.5 0.9840289 
Car 0.5 3 0 1038.6674 158.75694 1070.2451 177.79146 0.5 0.5 0.5 0.5 0.5 0.5 0.5 0.9702748 
Car 0.5 3 0 700.992 171.64131 716.09344 183.47276 0.5 0.5 0.5 0.5 0.5 0.5 0.5 0.9614171 
Car 0.5 3 0 1130.9689 156.15932 1168.3899 177.47115 0.5 0.5 0.5 0.5 0.5 0.5 0.5 0.95826364 
Car 0.5 3 0 1195.4949 153.74525 1238.2598 175.08398 0.5 0.5 0.5 0.5 0.5 0.5 0.5 0.9582634 
Car 0.5 3 0 311.29977 183.52687 409.97498 223.73604 0.5 0.5 0.5 0.5 0.5 0.5 0.5 0.92391276 
Car 0.5 3 0 685.20886 172.62823 701.2463 185.79816 0.5 0.5 0.5 0.5 0.5 0.5 0.5 0.9234766 
Car 0.5 3 0 824.1893 159.65617 874.54584 173.41829 0.5 0.5 0.5 0.5 0.5 0.5 0.5 0.9038816 
Car 0.5 3 0 0.0 121.21511 183.80313 314.74857 0.5 0.5 0.5 0.5 0.5 0.5 0.5 0.90066534 
Car 0.5 3 0 885.41595 158.92479 917.83215 173.99084 0.5 0.5 0.5 0.5 0.5 0.5 0.5 0.9005105 
Car 0.5 3 0 1012.8615 159.47093 1040.5463 175.97556 0.5 0.5 0.5 0.5 0.5 0.5 0.5 0.88308305 
Car 0.5 3 0 821.596 160.63637 843.112 172.47975 0.5 0.5 0.5 0.5 0.5 0.5 0.5 0.8802167 
Car 0.5 3 0 1097.9924 158.72673 1132.8944 178.05103 0.5 0.5 0.5 0.5 0.5 0.5 0.5 0.8672334 
Car 0.5 3 0 290.48764 192.92633 317.2507 209.27325 0.5 0.5 0.5 0.5 0.5 0.5 0.5 0.81017554 
Car 0.5 3 0 718.02466 166.25908 749.22205 195.4978 0.5 0.5 0.5 0.5 0.5 0.5 0.5 0.8093021 
Car 0.5 3 0 788.51654 159.07654 821.5346 173.06383 0.5 0.5 0.5 0.5 0.5 0.5 0.5 0.8047927 
Car 0.5 3 0 602.73474 160.75366 691.3525 226.64288 0.5 0.5 0.5 0.5 0.5 0.5 0.5 0.7899614 
Car 0.5 3 0 854.3066 160.08032 884.6686 172.69154 0.5 0.5 0.5 0.5 0.5 0.5 0.5 0.6914479 
