Pedestrian 0.5 3 0 1068.3492 103.045364 1234.9415 365.416 0.5 0.5 0.5 0.5 0.5 0.5 0.5 0.998968 
Cyclist 0.5 3 0 1060.7416 240.11583 1234.2916 372.75992 0.5 0.5 0.5 0.5 0.5 0.5 0.5 0.98760253 
Car 0.5 3 0 517.1166 176.73108 543.22125 198.02754 0.5 0.5 0.5 0.5 0.5 0.5 0.5 0.98301756 
Car 0.5 3 0 171.91943 190.60513 246.96889 220.19016 0.5 0.5 0.5 0.5 0.5 0.5 0.5 0.93596417 
Car 0.5 3 0 463.17972 172.23534 485.6903 188.54143 0.5 0.5 0.5 0.5 0.5 0.5 0.5 0.88133323 
Pedestrian 0.5 3 0 422.19522 189.0089 434.98254 217.57877 0.5 0.5 0.5 0.5 0.5 0.5 0.5 0.74689835 
Car 0.5 3 0 644.2607 177.9455 685.3318 201.8553 0.5 0.5 0.5 0.5 0.5 0.5 0.5 0.6747318 
Pedestrian 0.5 3 0 458.60416 181.97455 469.86548 205.0432 0.5 0.5 0.5 0.5 0.5 0.5 0.5 0.614698 
Pedestrian 0.5 3 0 679.70996 181.31581 695.4184 226.58098 0.5 0.5 0.5 0.5 0.5 0.5 0.5 0.59176385 
Pedestrian 0.5 3 0 630.9246 174.72485 643.98474 196.49077 0.5 0.5 0.5 0.5 0.5 0.5 0.5 0.5586782 
Car 0.5 3 0 436.2373 169.60725 482.67752 192.16878 0.5 0.5 0.5 0.5 0.5 0.5 0.5 0.5065037 
