Car 0.5 3 0 2.9045284 189.16096 271.2811 368.62738 0.5 0.5 0.5 0.5 0.5 0.5 0.5 0.99727637 
Car 0.5 3 0 432.1913 180.39671 479.96478 210.27357 0.5 0.5 0.5 0.5 0.5 0.5 0.5 0.992698 
Car 0.5 3 0 173.38934 188.10527 291.75464 238.99174 0.5 0.5 0.5 0.5 0.5 0.5 0.5 0.9900676 
Car 0.5 3 0 1165.4364 155.85695 1196.7195 178.32118 0.5 0.5 0.5 0.5 0.5 0.5 0.5 0.98470366 
Car 0.5 3 0 1039.0154 158.73923 1069.8192 177.79433 0.5 0.5 0.5 0.5 0.5 0.5 0.5 0.9720001 
Car 0.5 3 0 668.0095 171.48674 698.1085 194.93594 0.5 0.5 0.5 0.5 0.5 0.5 0.5 0.96929693 
Car 0.5 3 0 1194.9924 153.8454 1240.5488 175.11507 0.5 0.5 0.5 0.5 0.5 0.5 0.5 0.9689145 
Car 0.5 3 0 1130.8148 156.09636 1168.7567 177.13959 0.5 0.5 0.5 0.5 0.5 0.5 0.5 0.9522823 
Car 0.5 3 0 721.69653 169.87802 751.41705 190.856 0.5 0.5 0.5 0.5 0.5 0.5 0.5 0.9419834 
Car 0.5 3 0 516.9571 180.44075 544.2529 198.7173 0.5 0.5 0.5 0.5 0.5 0.5 0.5 0.9155483 
Car 0.5 3 0 885.5367 158.93376 917.9683 174.14989 0.5 0.5 0.5 0.5 0.5 0.5 0.5 0.89932656 
Car 0.5 3 0 821.5187 160.7657 842.46893 172.55899 0.5 0.5 0.5 0.5 0.5 0.5 0.5 0.89582723 
Car 0.5 3 0 693.94904 171.64891 706.89777 186.98831 0.5 0.5 0.5 0.5 0.5 0.5 0.5 0.8873861 
Car 0.5 3 0 1097.8239 158.52316 1133.0903 177.98276 0.5 0.5 0.5 0.5 0.5 0.5 0.5 0.87524766 
Car 0.5 3 0 1013.13116 159.65074 1039.9349 175.84094 0.5 0.5 0.5 0.5 0.5 0.5 0.5 0.86455804 
Car 0.5 3 0 833.4306 159.72449 879.5047 172.72171 0.5 0.5 0.5 0.5 0.5 0.5 0.5 0.8517129 
Car 0.5 3 0 788.5853 159.12431 821.6298 172.74251 0.5 0.5 0.5 0.5 0.5 0.5 0.5 0.78194165 
Car 0.5 3 0 329.2268 179.52727 379.4024 199.30641 0.5 0.5 0.5 0.5 0.5 0.5 0.5 0.70387506 
Car 0.5 3 0 472.1673 175.60104 494.44424 194.03616 0.5 0.5 0.5 0.5 0.5 0.5 0.5 0.68789685 
Car 0.5 3 0 853.7257 159.98479 884.7728 172.75038 0.5 0.5 0.5 0.5 0.5 0.5 0.5 0.6869639 
Car 0.5 3 0 540.3455 180.66563 559.79877 195.13632 0.5 0.5 0.5 0.5 0.5 0.5 0.5 0.6815013 
Car 0.5 3 0 291.05133 193.14252 311.21603 207.05836 0.5 0.5 0.5 0.5 0.5 0.5 0.5 0.6496111 
Car 0.5 3 0 353.44803 181.99815 384.08304 196.45908 0.5 0.5 0.5 0.5 0.5 0.5 0.5 0.57243174 
