Pedestrian 0.5 3 0 901.1798 130.08795 1010.3861 327.24252 0.5 0.5 0.5 0.5 0.5 0.5 0.5 0.9993174 
Car 0.5 3 0 1.1741064 234.42941 78.150696 371.49918 0.5 0.5 0.5 0.5 0.5 0.5 0.5 0.9961159 
Cyclist 0.5 3 0 905.17786 235.44658 1024.1101 373.03595 0.5 0.5 0.5 0.5 0.5 0.5 0.5 0.9845031 
Car 0.5 3 0 528.9876 175.49101 550.4673 193.61064 0.5 0.5 0.5 0.5 0.5 0.5 0.5 0.9724815 
Pedestrian 0.5 3 0 669.6362 172.54674 685.0779 217.76274 0.5 0.5 0.5 0.5 0.5 0.5 0.5 0.93806934 
Pedestrian 0.5 3 0 688.5585 167.74654 698.4665 197.03052 0.5 0.5 0.5 0.5 0.5 0.5 0.5 0.9090619 
Car 0.5 3 0 233.09488 185.6374 293.47293 212.26299 0.5 0.5 0.5 0.5 0.5 0.5 0.5 0.894757 
Car 0.5 3 0 472.40677 170.35345 493.00012 186.9739 0.5 0.5 0.5 0.5 0.5 0.5 0.5 0.87045014 
Pedestrian 0.5 3 0 384.67792 190.76447 397.64877 225.30293 0.5 0.5 0.5 0.5 0.5 0.5 0.5 0.7518128 
Pedestrian 0.5 3 0 444.9603 185.09158 454.48315 209.4486 0.5 0.5 0.5 0.5 0.5 0.5 0.5 0.7289991 
Car 0.5 3 0 544.93805 171.07816 559.02734 183.09303 0.5 0.5 0.5 0.5 0.5 0.5 0.5 0.56598365 
Car 0.5 3 0 654.21844 170.57307 668.38684 179.82747 0.5 0.5 0.5 0.5 0.5 0.5 0.5 0.5363264 
Car 0.5 3 0 289.21085 183.08916 321.73813 209.00664 0.5 0.5 0.5 0.5 0.5 0.5 0.5 0.5081021 
