Car 0.5 3 0 0.7187463 203.87561 233.6661 325.84833 0.5 0.5 0.5 0.5 0.5 0.5 0.5 0.9972727 
Car 0.5 3 0 584.3402 174.76884 642.6451 208.94916 0.5 0.5 0.5 0.5 0.5 0.5 0.5 0.99610376 
Car 0.5 3 0 375.4763 182.38072 439.60196 216.4596 0.5 0.5 0.5 0.5 0.5 0.5 0.5 0.9947678 
Car 0.5 3 0 1039.2574 157.19527 1067.2909 175.3906 0.5 0.5 0.5 0.5 0.5 0.5 0.5 0.9664759 
Car 0.5 3 0 1163.5798 153.99475 1197.5974 173.62207 0.5 0.5 0.5 0.5 0.5 0.5 0.5 0.96245104 
Car 0.5 3 0 1195.2217 152.53725 1241.2513 171.3864 0.5 0.5 0.5 0.5 0.5 0.5 0.5 0.9556199 
Car 0.5 3 0 717.8825 169.44714 744.31165 190.04259 0.5 0.5 0.5 0.5 0.5 0.5 0.5 0.9540767 
Car 0.5 3 0 1099.2183 157.2587 1130.3914 176.10448 0.5 0.5 0.5 0.5 0.5 0.5 0.5 0.9232284 
Car 0.5 3 0 825.0191 157.31036 877.45056 171.72052 0.5 0.5 0.5 0.5 0.5 0.5 0.5 0.9177856 
Car 0.5 3 0 1128.6469 155.41528 1166.1302 175.50407 0.5 0.5 0.5 0.5 0.5 0.5 0.5 0.9090229 
Car 0.5 3 0 800.8883 157.57677 823.2405 171.69514 0.5 0.5 0.5 0.5 0.5 0.5 0.5 0.8919877 
Car 0.5 3 0 1013.1276 156.89317 1040.6249 175.1489 0.5 0.5 0.5 0.5 0.5 0.5 0.5 0.8629271 
Car 0.5 3 0 295.8444 191.38187 315.0912 205.36151 0.5 0.5 0.5 0.5 0.5 0.5 0.5 0.8595393 
Car 0.5 3 0 0.2283731 185.74359 63.06976 217.99246 0.5 0.5 0.5 0.5 0.5 0.5 0.5 0.84069175 
Car 0.5 3 0 886.4891 156.6242 914.0763 171.9361 0.5 0.5 0.5 0.5 0.5 0.5 0.5 0.8302923 
Car 0.5 3 0 354.2145 180.91336 394.18787 206.58948 0.5 0.5 0.5 0.5 0.5 0.5 0.5 0.7819434 
Car 0.5 3 0 508.73352 171.82524 535.7442 196.66452 0.5 0.5 0.5 0.5 0.5 0.5 0.5 0.7811062 
Car 0.5 3 0 822.9304 159.23488 845.04694 171.09064 0.5 0.5 0.5 0.5 0.5 0.5 0.5 0.7613411 
Car 0.5 3 0 452.71072 163.46655 518.0779 206.58795 0.5 0.5 0.5 0.5 0.5 0.5 0.5 0.72526795 
Car 0.5 3 0 626.78723 172.1275 652.7034 190.63147 0.5 0.5 0.5 0.5 0.5 0.5 0.5 0.6766864 
Pedestrian 0.5 3 0 353.9409 186.47923 367.85916 216.89519 0.5 0.5 0.5 0.5 0.5 0.5 0.5 0.5639769 
Car 0.5 3 0 993.8637 159.01892 1015.6286 176.67328 0.5 0.5 0.5 0.5 0.5 0.5 0.5 0.53812563 
Car 0.5 3 0 853.45984 157.56027 886.3287 171.37868 0.5 0.5 0.5 0.5 0.5 0.5 0.5 0.5199502 
Car 0.5 3 0 330.8283 177.31416 350.45337 197.16576 0.5 0.5 0.5 0.5 0.5 0.5 0.5 0.51166636 
