Car 0.5 3 0 591.7297 179.34648 641.26715 198.8005 0.5 0.5 0.5 0.5 0.5 0.5 0.5 0.98054355 
Car 0.5 3 0 731.40796 180.0196 761.6139 193.66464 0.5 0.5 0.5 0.5 0.5 0.5 0.5 0.9661016 
Pedestrian 0.5 3 0 829.00037 174.68973 847.62195 219.06172 0.5 0.5 0.5 0.5 0.5 0.5 0.5 0.9478445 
Car 0.5 3 0 452.8547 178.55226 521.7711 203.6826 0.5 0.5 0.5 0.5 0.5 0.5 0.5 0.9409592 
Car 0.5 3 0 1011.15137 173.28203 1045.4688 184.42632 0.5 0.5 0.5 0.5 0.5 0.5 0.5 0.90876204 
Car 0.5 3 0 647.02026 173.89429 684.37573 194.76772 0.5 0.5 0.5 0.5 0.5 0.5 0.5 0.90228987 
Car 0.5 3 0 275.25464 177.21925 337.7048 212.53899 0.5 0.5 0.5 0.5 0.5 0.5 0.5 0.89622676 
Car 0.5 3 0 796.81036 178.0853 828.47833 195.32637 0.5 0.5 0.5 0.5 0.5 0.5 0.5 0.8301332 
Car 0.5 3 0 1055.1885 174.19276 1077.073 183.50108 0.5 0.5 0.5 0.5 0.5 0.5 0.5 0.7635444 
Car 0.5 3 0 822.0925 176.03693 876.3189 196.2063 0.5 0.5 0.5 0.5 0.5 0.5 0.5 0.7617667 
Car 0.5 3 0 60.89527 175.84726 91.14293 193.50629 0.5 0.5 0.5 0.5 0.5 0.5 0.5 0.6882105 
Car 0.5 3 0 845.99896 175.38747 875.305 194.05836 0.5 0.5 0.5 0.5 0.5 0.5 0.5 0.68029267 
Car 0.5 3 0 1.2979712 177.11047 31.961336 196.406 0.5 0.5 0.5 0.5 0.5 0.5 0.5 0.6772936 
Car 0.5 3 0 794.5211 178.28569 813.83875 193.73512 0.5 0.5 0.5 0.5 0.5 0.5 0.5 0.6750617 
Car 0.5 3 0 762.8759 177.92969 777.7683 192.32846 0.5 0.5 0.5 0.5 0.5 0.5 0.5 0.57422286 
Car 0.5 3 0 873.5902 175.04198 901.8356 192.19302 0.5 0.5 0.5 0.5 0.5 0.5 0.5 0.54398793 
Car 0.5 3 0 237.35455 178.37398 304.4327 204.7953 0.5 0.5 0.5 0.5 0.5 0.5 0.5 0.5302818 
