Pedestrian 0.5 3 0 844.9178 157.63835 868.1589 217.08511 0.5 0.5 0.5 0.5 0.5 0.5 0.5 0.9832659 
Car 0.5 3 0 319.10092 186.20572 368.25757 211.68806 0.5 0.5 0.5 0.5 0.5 0.5 0.5 0.967655 
Car 0.5 3 0 301.16705 185.626 335.8513 214.2693 0.5 0.5 0.5 0.5 0.5 0.5 0.5 0.9462901 
Car 0.5 3 0 429.69754 183.0756 454.96255 195.64093 0.5 0.5 0.5 0.5 0.5 0.5 0.5 0.933693 
Car 0.5 3 0 687.28253 171.16469 715.59064 198.51273 0.5 0.5 0.5 0.5 0.5 0.5 0.5 0.8779946 
Pedestrian 0.5 3 0 644.353 172.74043 660.129 208.53343 0.5 0.5 0.5 0.5 0.5 0.5 0.5 0.8204361 
Car 0.5 3 0 701.0887 166.08496 727.88995 195.02713 0.5 0.5 0.5 0.5 0.5 0.5 0.5 0.7852453 
Car 0.5 3 0 374.22955 179.04088 413.66006 204.87117 0.5 0.5 0.5 0.5 0.5 0.5 0.5 0.77790034 
Car 0.5 3 0 323.44495 177.41174 395.41034 205.72061 0.5 0.5 0.5 0.5 0.5 0.5 0.5 0.7610464 
Cyclist 0.5 3 0 847.61957 182.5751 868.2096 219.99355 0.5 0.5 0.5 0.5 0.5 0.5 0.5 0.7456364 
Car 0.5 3 0 216.68611 186.218 328.09628 226.40659 0.5 0.5 0.5 0.5 0.5 0.5 0.5 0.7426289 
Car 0.5 3 0 608.1609 173.44336 623.5388 184.18636 0.5 0.5 0.5 0.5 0.5 0.5 0.5 0.7349256 
Car 0.5 3 0 517.4982 180.44661 530.39996 191.09875 0.5 0.5 0.5 0.5 0.5 0.5 0.5 0.69827497 
Car 0.5 3 0 465.3475 178.77498 480.90097 189.6098 0.5 0.5 0.5 0.5 0.5 0.5 0.5 0.6753564 
Pedestrian 0.5 3 0 657.1034 174.23639 670.8228 211.6343 0.5 0.5 0.5 0.5 0.5 0.5 0.5 0.6631211 
Car 0.5 3 0 404.3634 179.47633 434.05994 197.33772 0.5 0.5 0.5 0.5 0.5 0.5 0.5 0.65556115 
Car 0.5 3 0 493.51962 178.49094 517.2995 190.87111 0.5 0.5 0.5 0.5 0.5 0.5 0.5 0.6521692 
Car 0.5 3 0 393.40524 182.1032 415.5103 201.42664 0.5 0.5 0.5 0.5 0.5 0.5 0.5 0.54658496 
