Pedestrian 0.5 3 0 1163.6089 145.58 1225.1995 263.22528 0.5 0.5 0.5 0.5 0.5 0.5 0.5 0.99543506 
Car 0.5 3 0 240.49663 169.06017 337.50336 211.79536 0.5 0.5 0.5 0.5 0.5 0.5 0.5 0.92948616 
Car 0.5 3 0 206.1668 179.76942 281.7716 217.89702 0.5 0.5 0.5 0.5 0.5 0.5 0.5 0.92593926 
Car 0.5 3 0 326.393 177.1036 364.8 204.38707 0.5 0.5 0.5 0.5 0.5 0.5 0.5 0.92326313 
Car 0.5 3 0 749.74286 171.23792 800.6858 214.2779 0.5 0.5 0.5 0.5 0.5 0.5 0.5 0.89609146 
Car 0.5 3 0 48.68057 184.29065 95.47219 202.83981 0.5 0.5 0.5 0.5 0.5 0.5 0.5 0.83924246 
Car 0.5 3 0 451.55292 177.2041 471.7875 188.726 0.5 0.5 0.5 0.5 0.5 0.5 0.5 0.8017517 
Car 0.5 3 0 93.92021 180.414 239.39781 237.12799 0.5 0.5 0.5 0.5 0.5 0.5 0.5 0.80013263 
Pedestrian 0.5 3 0 646.88367 173.24927 656.0916 191.18741 0.5 0.5 0.5 0.5 0.5 0.5 0.5 0.70438427 
Car 0.5 3 0 389.25156 174.56085 420.68933 187.5092 0.5 0.5 0.5 0.5 0.5 0.5 0.5 0.6419886 
Car 0.5 3 0 697.44653 169.50397 713.8316 178.2638 0.5 0.5 0.5 0.5 0.5 0.5 0.5 0.63586086 
Cyclist 0.5 3 0 1160.491 199.23093 1237.4579 273.73486 0.5 0.5 0.5 0.5 0.5 0.5 0.5 0.62043357 
Car 0.5 3 0 298.3284 172.34712 356.31363 205.36128 0.5 0.5 0.5 0.5 0.5 0.5 0.5 0.60651094 
Pedestrian 0.5 3 0 584.76715 168.30666 594.98926 194.03166 0.5 0.5 0.5 0.5 0.5 0.5 0.5 0.5768799 
Car 0.5 3 0 801.5658 170.52443 823.9401 211.08733 0.5 0.5 0.5 0.5 0.5 0.5 0.5 0.5675008 
Car 0.5 3 0 654.5095 169.5953 684.038 188.61522 0.5 0.5 0.5 0.5 0.5 0.5 0.5 0.5500227 
