Car 0.5 3 0 393.2997 183.13191 458.07272 215.77966 0.5 0.5 0.5 0.5 0.5 0.5 0.5 0.9922248 
Car 0.5 3 0 155.00594 187.57874 307.5259 241.96635 0.5 0.5 0.5 0.5 0.5 0.5 0.5 0.989316 
Car 0.5 3 0 1165.6265 156.1289 1196.0499 178.37184 0.5 0.5 0.5 0.5 0.5 0.5 0.5 0.9858182 
Car 0.5 3 0 1038.8984 158.6751 1070.5814 177.72836 0.5 0.5 0.5 0.5 0.5 0.5 0.5 0.9672124 
Car 0.5 3 0 529.8986 171.64362 557.97925 195.80206 0.5 0.5 0.5 0.5 0.5 0.5 0.5 0.9598433 
Car 0.5 3 0 1195.4751 153.85873 1238.2461 175.15921 0.5 0.5 0.5 0.5 0.5 0.5 0.5 0.9550177 
Car 0.5 3 0 1130.8344 156.06615 1168.3188 177.30289 0.5 0.5 0.5 0.5 0.5 0.5 0.5 0.9539272 
Car 0.5 3 0 686.39685 171.65076 703.5417 191.88914 0.5 0.5 0.5 0.5 0.5 0.5 0.5 0.91005176 
Car 0.5 3 0 885.57135 158.94237 918.12146 174.15594 0.5 0.5 0.5 0.5 0.5 0.5 0.5 0.90805036 
Car 0.5 3 0 634.26416 158.40442 700.58624 216.20609 0.5 0.5 0.5 0.5 0.5 0.5 0.5 0.9050645 
Car 0.5 3 0 823.9111 159.69807 874.2705 173.36226 0.5 0.5 0.5 0.5 0.5 0.5 0.5 0.90313923 
Car 0.5 3 0 487.15912 171.7401 531.61237 203.57086 0.5 0.5 0.5 0.5 0.5 0.5 0.5 0.90060395 
Car 0.5 3 0 1013.0517 159.45906 1040.3993 175.99776 0.5 0.5 0.5 0.5 0.5 0.5 0.5 0.89291835 
Car 0.5 3 0 821.57776 160.66733 843.02466 172.45836 0.5 0.5 0.5 0.5 0.5 0.5 0.5 0.89152783 
Car 0.5 3 0 1097.6078 158.58896 1134.0371 177.94193 0.5 0.5 0.5 0.5 0.5 0.5 0.5 0.87172335 
Car 0.5 3 0 788.22687 159.1027 821.5172 173.01056 0.5 0.5 0.5 0.5 0.5 0.5 0.5 0.8098741 
Car 0.5 3 0 473.67728 175.10657 491.081 190.42957 0.5 0.5 0.5 0.5 0.5 0.5 0.5 0.75387394 
Car 0.5 3 0 854.3426 160.06863 884.74335 172.79874 0.5 0.5 0.5 0.5 0.5 0.5 0.5 0.7033025 
Car 0.5 3 0 1140.0142 154.82906 1191.0182 178.1312 0.5 0.5 0.5 0.5 0.5 0.5 0.5 0.56571925 
Car 0.5 3 0 329.2463 179.23717 376.6195 199.93628 0.5 0.5 0.5 0.5 0.5 0.5 0.5 0.55401236 
Car 0.5 3 0 353.2697 182.09721 385.4432 199.59515 0.5 0.5 0.5 0.5 0.5 0.5 0.5 0.54218864 
Car 0.5 3 0 329.13898 178.05832 354.91196 195.81053 0.5 0.5 0.5 0.5 0.5 0.5 0.5 0.52293026 
