Car 0.5 3 0 556.88934 172.18692 593.4071 184.79008 0.5 0.5 0.5 0.5 0.5 0.5 0.5 0.96033996 
Car 0.5 3 0 1005.93207 159.81572 1033.7172 169.9884 0.5 0.5 0.5 0.5 0.5 0.5 0.5 0.8687218 
Car 0.5 3 0 335.21097 176.78313 391.67728 194.97386 0.5 0.5 0.5 0.5 0.5 0.5 0.5 0.8516444 
Car 0.5 3 0 935.64233 160.24611 963.4924 169.93593 0.5 0.5 0.5 0.5 0.5 0.5 0.5 0.82053006 
Car 0.5 3 0 702.4634 167.48141 732.98553 184.16092 0.5 0.5 0.5 0.5 0.5 0.5 0.5 0.8134101 
Car 0.5 3 0 624.0525 171.96458 659.6781 183.18094 0.5 0.5 0.5 0.5 0.5 0.5 0.5 0.77153283 
Car 0.5 3 0 802.39655 166.2521 829.2024 177.71701 0.5 0.5 0.5 0.5 0.5 0.5 0.5 0.74194336 
Car 0.5 3 0 738.9208 166.20514 765.1652 180.82268 0.5 0.5 0.5 0.5 0.5 0.5 0.5 0.726132 
Car 0.5 3 0 420.1299 174.74709 457.20468 188.57089 0.5 0.5 0.5 0.5 0.5 0.5 0.5 0.7185926 
Car 0.5 3 0 65.462585 183.99174 110.74326 207.2138 0.5 0.5 0.5 0.5 0.5 0.5 0.5 0.70048434 
Car 0.5 3 0 1084.2994 157.15027 1115.7493 169.46039 0.5 0.5 0.5 0.5 0.5 0.5 0.5 0.59716886 
Car 0.5 3 0 701.9926 169.14864 715.5245 181.27382 0.5 0.5 0.5 0.5 0.5 0.5 0.5 0.5766657 
Pedestrian 0.5 3 0 135.88635 178.06122 152.14365 219.47473 0.5 0.5 0.5 0.5 0.5 0.5 0.5 0.56791484 
Car 0.5 3 0 1058.9011 160.40825 1087.3085 168.70558 0.5 0.5 0.5 0.5 0.5 0.5 0.5 0.53186285 
Car 0.5 3 0 623.5041 173.13959 645.6541 182.25635 0.5 0.5 0.5 0.5 0.5 0.5 0.5 0.52219415 
