Car 0.5 3 0 571.9014 176.28001 638.4836 213.50787 0.5 0.5 0.5 0.5 0.5 0.5 0.5 0.9973111 
Car 0.5 3 0 9.335286 198.14514 412.48224 351.74576 0.5 0.5 0.5 0.5 0.5 0.5 0.5 0.9958335 
Car 0.5 3 0 1164.0288 155.61948 1195.2766 178.8565 0.5 0.5 0.5 0.5 0.5 0.5 0.5 0.9834405 
Car 0.5 3 0 1195.1312 153.65193 1240.8088 175.1652 0.5 0.5 0.5 0.5 0.5 0.5 0.5 0.96968377 
Car 0.5 3 0 1038.9504 158.77667 1069.6425 177.94185 0.5 0.5 0.5 0.5 0.5 0.5 0.5 0.9679721 
Car 0.5 3 0 1130.876 156.8945 1168.2561 177.53938 0.5 0.5 0.5 0.5 0.5 0.5 0.5 0.95356745 
Car 0.5 3 0 677.8415 172.61821 710.3094 191.98996 0.5 0.5 0.5 0.5 0.5 0.5 0.5 0.9225987 
Car 0.5 3 0 823.94104 159.55775 874.8906 173.32275 0.5 0.5 0.5 0.5 0.5 0.5 0.5 0.9215502 
Car 0.5 3 0 885.4383 158.81483 918.348 174.16557 0.5 0.5 0.5 0.5 0.5 0.5 0.5 0.89911747 
Car 0.5 3 0 1098.0609 158.58243 1132.9326 178.05185 0.5 0.5 0.5 0.5 0.5 0.5 0.5 0.892195 
Car 0.5 3 0 821.51196 160.63661 843.09766 172.48529 0.5 0.5 0.5 0.5 0.5 0.5 0.5 0.8812468 
Car 0.5 3 0 1013.12366 159.5206 1040.0436 175.78963 0.5 0.5 0.5 0.5 0.5 0.5 0.5 0.8628355 
Car 0.5 3 0 788.1252 159.04973 821.5578 173.38075 0.5 0.5 0.5 0.5 0.5 0.5 0.5 0.82204664 
Car 0.5 3 0 1.572669 152.9429 220.8254 259.34323 0.5 0.5 0.5 0.5 0.5 0.5 0.5 0.7269092 
Car 0.5 3 0 876.47516 2.6781878 1068.666 79.43193 0.5 0.5 0.5 0.5 0.5 0.5 0.5 0.7026669 
Car 0.5 3 0 854.11926 159.98898 884.5735 172.69583 0.5 0.5 0.5 0.5 0.5 0.5 0.5 0.6637165 
Car 0.5 3 0 1133.4906 154.14943 1193.6292 178.4821 0.5 0.5 0.5 0.5 0.5 0.5 0.5 0.55804396 
Car 0.5 3 0 627.54736 179.5359 663.45905 202.65523 0.5 0.5 0.5 0.5 0.5 0.5 0.5 0.5325509 
