Car 0.5 3 0 421.3883 186.47243 519.41907 235.69984 0.5 0.5 0.5 0.5 0.5 0.5 0.5 0.99599224 
Car 0.5 3 0 620.5785 173.3621 680.1296 207.0616 0.5 0.5 0.5 0.5 0.5 0.5 0.5 0.98361325 
Car 0.5 3 0 731.62946 171.26955 751.9212 185.17415 0.5 0.5 0.5 0.5 0.5 0.5 0.5 0.9734448 
Car 0.5 3 0 1141.925 152.66832 1173.9027 172.51512 0.5 0.5 0.5 0.5 0.5 0.5 0.5 0.962729 
Car 0.5 3 0 794.2261 159.6642 827.16656 173.2633 0.5 0.5 0.5 0.5 0.5 0.5 0.5 0.9554593 
Car 0.5 3 0 1029.8855 157.93109 1061.1184 175.32639 0.5 0.5 0.5 0.5 0.5 0.5 0.5 0.9504066 
Car 0.5 3 0 1111.7985 155.42513 1145.2212 174.59193 0.5 0.5 0.5 0.5 0.5 0.5 0.5 0.9433541 
Car 0.5 3 0 1172.8508 151.90704 1225.6705 170.08191 0.5 0.5 0.5 0.5 0.5 0.5 0.5 0.9344869 
Car 0.5 3 0 1006.2553 157.74088 1031.3252 174.05608 0.5 0.5 0.5 0.5 0.5 0.5 0.5 0.9190042 
Car 0.5 3 0 1086.5574 157.71268 1113.4398 174.23328 0.5 0.5 0.5 0.5 0.5 0.5 0.5 0.885437 
Car 0.5 3 0 1219.6146 153.36597 1241.8694 168.2984 0.5 0.5 0.5 0.5 0.5 0.5 0.5 0.8696809 
Car 0.5 3 0 715.7852 170.1274 733.56067 184.42204 0.5 0.5 0.5 0.5 0.5 0.5 0.5 0.8487811 
Car 0.5 3 0 689.887 171.8876 713.3688 190.55193 0.5 0.5 0.5 0.5 0.5 0.5 0.5 0.8310238 
Car 0.5 3 0 830.8522 158.79218 882.8555 172.55542 0.5 0.5 0.5 0.5 0.5 0.5 0.5 0.8288643 
Car 0.5 3 0 827.77496 160.49641 847.0662 173.46162 0.5 0.5 0.5 0.5 0.5 0.5 0.5 0.82432646 
Car 0.5 3 0 535.66254 170.5694 569.6569 198.80336 0.5 0.5 0.5 0.5 0.5 0.5 0.5 0.7550122 
Car 0.5 3 0 509.8226 181.09497 533.9765 203.11858 0.5 0.5 0.5 0.5 0.5 0.5 0.5 0.7481186 
Car 0.5 3 0 491.51456 175.96318 521.6446 195.38112 0.5 0.5 0.5 0.5 0.5 0.5 0.5 0.64318615 
Car 0.5 3 0 697.8325 169.06943 717.2147 187.86546 0.5 0.5 0.5 0.5 0.5 0.5 0.5 0.6305018 
Car 0.5 3 0 902.16364 157.16212 923.4725 172.61894 0.5 0.5 0.5 0.5 0.5 0.5 0.5 0.60984004 
Car 0.5 3 0 672.8204 175.73128 690.28784 191.27812 0.5 0.5 0.5 0.5 0.5 0.5 0.5 0.558606 
