Car 0.5 3 0 3.500512 174.57991 60.737392 189.94151 0.5 0.5 0.5 0.5 0.5 0.5 0.5 0.9275464 
Pedestrian 0.5 3 0 345.36188 173.40825 362.19962 226.3863 0.5 0.5 0.5 0.5 0.5 0.5 0.5 0.8970598 
Car 0.5 3 0 117.97274 171.45668 177.67427 186.16478 0.5 0.5 0.5 0.5 0.5 0.5 0.5 0.868573 
Pedestrian 0.5 3 0 419.50348 157.8132 439.0773 216.38324 0.5 0.5 0.5 0.5 0.5 0.5 0.5 0.8114113 
Car 0.5 3 0 681.6354 171.61002 702.4051 181.16194 0.5 0.5 0.5 0.5 0.5 0.5 0.5 0.7763955 
Car 0.5 3 0 236.29199 172.52388 259.0052 190.5696 0.5 0.5 0.5 0.5 0.5 0.5 0.5 0.6984572 
Car 0.5 3 0 494.79733 172.43465 519.7392 182.45555 0.5 0.5 0.5 0.5 0.5 0.5 0.5 0.68344206 
Pedestrian 0.5 3 0 404.85693 151.07185 441.30298 218.54155 0.5 0.5 0.5 0.5 0.5 0.5 0.5 0.58497554 
Car 0.5 3 0 208.10927 172.76129 255.6864 188.6375 0.5 0.5 0.5 0.5 0.5 0.5 0.5 0.55986726 
Car 0.5 3 0 619.3063 170.81284 635.27484 179.81871 0.5 0.5 0.5 0.5 0.5 0.5 0.5 0.5530105 
Car 0.5 3 0 638.7289 168.69527 661.93176 181.03934 0.5 0.5 0.5 0.5 0.5 0.5 0.5 0.5277209 
Pedestrian 0.5 3 0 469.33765 175.62326 483.5622 213.75444 0.5 0.5 0.5 0.5 0.5 0.5 0.5 0.5252157 
Car 0.5 3 0 209.3858 175.0761 231.51254 188.77016 0.5 0.5 0.5 0.5 0.5 0.5 0.5 0.52234626 
