Car 0.5 3 0 516.2497 178.79997 601.3179 221.42491 0.5 0.5 0.5 0.5 0.5 0.5 0.5 0.9959383 
Car 0.5 3 0 1165.2303 155.93858 1199.4297 177.53828 0.5 0.5 0.5 0.5 0.5 0.5 0.5 0.98034257 
Car 0.5 3 0 710.4117 171.10626 729.4814 185.14908 0.5 0.5 0.5 0.5 0.5 0.5 0.5 0.9780557 
Car 0.5 3 0 1195.084 153.4667 1240.733 175.20035 0.5 0.5 0.5 0.5 0.5 0.5 0.5 0.968778 
Car 0.5 3 0 1038.8853 158.66135 1070.0525 177.70924 0.5 0.5 0.5 0.5 0.5 0.5 0.5 0.96868426 
Car 0.5 3 0 674.841 172.15381 709.2841 193.45297 0.5 0.5 0.5 0.5 0.5 0.5 0.5 0.95980144 
Car 0.5 3 0 1130.745 156.27269 1167.8182 177.01616 0.5 0.5 0.5 0.5 0.5 0.5 0.5 0.9590889 
Car 0.5 3 0 824.1658 159.57553 874.50055 173.24881 0.5 0.5 0.5 0.5 0.5 0.5 0.5 0.9061278 
Car 0.5 3 0 1099.025 158.54662 1133.3633 177.95152 0.5 0.5 0.5 0.5 0.5 0.5 0.5 0.89312524 
Car 0.5 3 0 886.0268 158.54602 917.66626 173.79613 0.5 0.5 0.5 0.5 0.5 0.5 0.5 0.8784044 
Car 0.5 3 0 821.5658 160.61496 842.4248 172.34721 0.5 0.5 0.5 0.5 0.5 0.5 0.5 0.87694556 
Car 0.5 3 0 1013.3077 159.46005 1040.386 175.63818 0.5 0.5 0.5 0.5 0.5 0.5 0.5 0.87120265 
Car 0.5 3 0 788.52924 159.08879 821.57605 172.94788 0.5 0.5 0.5 0.5 0.5 0.5 0.5 0.82684267 
Car 0.5 3 0 166.17682 159.21094 344.59753 239.90884 0.5 0.5 0.5 0.5 0.5 0.5 0.5 0.75319266 
Pedestrian 0.5 3 0 338.92932 178.11673 361.3443 219.46315 0.5 0.5 0.5 0.5 0.5 0.5 0.5 0.75100946 
Car 0.5 3 0 853.87317 159.97934 884.79767 172.58199 0.5 0.5 0.5 0.5 0.5 0.5 0.5 0.64850944 
Car 0.5 3 0 630.9459 165.53555 656.8977 182.70267 0.5 0.5 0.5 0.5 0.5 0.5 0.5 0.6258624 
Car 0.5 3 0 1142.567 155.16734 1192.6786 178.65414 0.5 0.5 0.5 0.5 0.5 0.5 0.5 0.5936051 
