Car 0.5 3 0 359.6744 188.86147 481.92236 242.08542 0.5 0.5 0.5 0.5 0.5 0.5 0.5 0.9953809 
Car 0.5 3 0 576.992 175.06343 645.94934 211.342 0.5 0.5 0.5 0.5 0.5 0.5 0.5 0.9917101 
Car 0.5 3 0 632.1783 173.39406 667.4346 200.81976 0.5 0.5 0.5 0.5 0.5 0.5 0.5 0.9763823 
Car 0.5 3 0 0.9014292 144.32042 164.36058 354.0843 0.5 0.5 0.5 0.5 0.5 0.5 0.5 0.9761186 
Car 0.5 3 0 732.3169 171.45985 751.20044 185.63837 0.5 0.5 0.5 0.5 0.5 0.5 0.5 0.96436733 
Car 0.5 3 0 100.81727 176.39929 256.4196 246.69232 0.5 0.5 0.5 0.5 0.5 0.5 0.5 0.9623531 
Car 0.5 3 0 1129.6019 152.89474 1164.0176 172.4278 0.5 0.5 0.5 0.5 0.5 0.5 0.5 0.9563243 
Car 0.5 3 0 522.3384 178.69717 547.2743 200.06277 0.5 0.5 0.5 0.5 0.5 0.5 0.5 0.95147276 
Car 0.5 3 0 792.6707 159.67143 825.0581 172.97694 0.5 0.5 0.5 0.5 0.5 0.5 0.5 0.9493561 
Car 0.5 3 0 999.1272 157.71913 1023.05334 173.33783 0.5 0.5 0.5 0.5 0.5 0.5 0.5 0.94717884 
Car 0.5 3 0 883.44916 157.5944 912.6257 172.32611 0.5 0.5 0.5 0.5 0.5 0.5 0.5 0.941927 
Car 0.5 3 0 1101.8931 155.14833 1131.7297 174.6551 0.5 0.5 0.5 0.5 0.5 0.5 0.5 0.9328801 
Car 0.5 3 0 680.7056 171.84958 709.1608 191.30812 0.5 0.5 0.5 0.5 0.5 0.5 0.5 0.92987686 
Car 0.5 3 0 437.29816 179.00693 486.6159 205.82039 0.5 0.5 0.5 0.5 0.5 0.5 0.5 0.92762434 
Car 0.5 3 0 1159.6277 152.18192 1212.3553 169.73851 0.5 0.5 0.5 0.5 0.5 0.5 0.5 0.9242246 
Car 0.5 3 0 720.44995 169.1323 735.5805 183.1207 0.5 0.5 0.5 0.5 0.5 0.5 0.5 0.9016466 
Car 0.5 3 0 825.2294 159.41568 863.15845 173.44699 0.5 0.5 0.5 0.5 0.5 0.5 0.5 0.89947563 
Car 0.5 3 0 1022.1156 158.27347 1047.9457 173.2203 0.5 0.5 0.5 0.5 0.5 0.5 0.5 0.8862555 
Car 0.5 3 0 1073.1693 157.02194 1104.3136 174.61853 0.5 0.5 0.5 0.5 0.5 0.5 0.5 0.86347306 
Car 0.5 3 0 490.9843 176.94418 514.6752 193.42464 0.5 0.5 0.5 0.5 0.5 0.5 0.5 0.86158663 
Car 0.5 3 0 545.8555 171.05247 574.29407 196.316 0.5 0.5 0.5 0.5 0.5 0.5 0.5 0.7771794 
Car 0.5 3 0 842.7009 159.83029 863.4112 171.6176 0.5 0.5 0.5 0.5 0.5 0.5 0.5 0.7527722 
Car 0.5 3 0 699.01825 168.90182 716.9534 186.98477 0.5 0.5 0.5 0.5 0.5 0.5 0.5 0.7113153 
Car 0.5 3 0 826.0852 160.16368 843.9014 171.98767 0.5 0.5 0.5 0.5 0.5 0.5 0.5 0.71048343 
Pedestrian 0.5 3 0 257.60165 195.87364 274.59506 229.04306 0.5 0.5 0.5 0.5 0.5 0.5 0.5 0.5656377 
Car 0.5 3 0 1205.9003 154.26645 1219.237 168.07083 0.5 0.5 0.5 0.5 0.5 0.5 0.5 0.51370436 
