Car 0.5 3 0 571.30316 176.06941 664.3766 234.00635 0.5 0.5 0.5 0.5 0.5 0.5 0.5 0.99570036 
Car 0.5 3 0 432.29846 182.15411 483.72546 210.63618 0.5 0.5 0.5 0.5 0.5 0.5 0.5 0.99245536 
Car 0.5 3 0 673.26843 172.06746 697.3096 195.09113 0.5 0.5 0.5 0.5 0.5 0.5 0.5 0.9882384 
Car 0.5 3 0 1165.6007 155.83194 1196.587 178.60713 0.5 0.5 0.5 0.5 0.5 0.5 0.5 0.98358905 
Car 0.5 3 0 254.48314 184.97 370.2459 230.77734 0.5 0.5 0.5 0.5 0.5 0.5 0.5 0.97657937 
Car 0.5 3 0 1039.1146 158.69572 1070.1975 177.70296 0.5 0.5 0.5 0.5 0.5 0.5 0.5 0.96730083 
Car 0.5 3 0 1195.5376 154.12146 1238.3341 175.15074 0.5 0.5 0.5 0.5 0.5 0.5 0.5 0.9601889 
Car 0.5 3 0 1130.9824 156.08693 1168.3989 177.25822 0.5 0.5 0.5 0.5 0.5 0.5 0.5 0.9552671 
Car 0.5 3 0 504.55148 173.99553 539.9052 201.5991 0.5 0.5 0.5 0.5 0.5 0.5 0.5 0.95116484 
Car 0.5 3 0 537.81866 173.817 558.6608 194.00874 0.5 0.5 0.5 0.5 0.5 0.5 0.5 0.9075991 
Car 0.5 3 0 885.47455 158.88521 917.5798 174.07124 0.5 0.5 0.5 0.5 0.5 0.5 0.5 0.9057055 
Car 0.5 3 0 822.02966 160.35373 850.7108 173.37813 0.5 0.5 0.5 0.5 0.5 0.5 0.5 0.89110345 
Car 0.5 3 0 1097.46 158.84929 1132.4379 178.08353 0.5 0.5 0.5 0.5 0.5 0.5 0.5 0.88233376 
Car 0.5 3 0 824.1507 159.70566 874.0825 173.26717 0.5 0.5 0.5 0.5 0.5 0.5 0.5 0.8801026 
Car 0.5 3 0 1013.2406 159.39424 1040.5643 175.79214 0.5 0.5 0.5 0.5 0.5 0.5 0.5 0.8750614 
Car 0.5 3 0 788.5462 159.0945 821.63495 172.89766 0.5 0.5 0.5 0.5 0.5 0.5 0.5 0.8261975 
Car 0.5 3 0 722.6573 164.86877 752.30774 192.14275 0.5 0.5 0.5 0.5 0.5 0.5 0.5 0.80417657 
Car 0.5 3 0 474.84644 175.63397 495.3318 193.95856 0.5 0.5 0.5 0.5 0.5 0.5 0.5 0.71423304 
Car 0.5 3 0 854.56683 160.05237 884.6341 172.7267 0.5 0.5 0.5 0.5 0.5 0.5 0.5 0.7012525 
Pedestrian 0.5 3 0 154.55795 197.96233 168.87701 241.28925 0.5 0.5 0.5 0.5 0.5 0.5 0.5 0.5480296 
