Car 0.5 3 0 723.29803 169.74057 749.9777 193.07315 0.5 0.5 0.5 0.5 0.5 0.5 0.5 0.98605114 
Car 0.5 3 0 1165.583 155.97897 1196.2533 178.67451 0.5 0.5 0.5 0.5 0.5 0.5 0.5 0.9848269 
Car 0.5 3 0 651.8699 171.05624 690.98773 197.53067 0.5 0.5 0.5 0.5 0.5 0.5 0.5 0.9771482 
Car 0.5 3 0 451.26035 180.99052 498.3474 208.80273 0.5 0.5 0.5 0.5 0.5 0.5 0.5 0.97518504 
Car 0.5 3 0 1038.9476 158.76782 1070.0856 177.73299 0.5 0.5 0.5 0.5 0.5 0.5 0.5 0.9706308 
Car 0.5 3 0 256.4778 189.08902 356.79202 230.9781 0.5 0.5 0.5 0.5 0.5 0.5 0.5 0.96893555 
Car 0.5 3 0 1195.1315 154.43436 1240.4117 174.76242 0.5 0.5 0.5 0.5 0.5 0.5 0.5 0.96823007 
Car 0.5 3 0 689.2441 171.21815 708.5728 188.57005 0.5 0.5 0.5 0.5 0.5 0.5 0.5 0.9633332 
Car 0.5 3 0 523.0458 179.10564 551.4525 197.67303 0.5 0.5 0.5 0.5 0.5 0.5 0.5 0.95101506 
Car 0.5 3 0 1130.7753 156.32156 1168.0745 177.21117 0.5 0.5 0.5 0.5 0.5 0.5 0.5 0.9481264 
Car 0.5 3 0 824.1984 159.59898 874.67737 173.37709 0.5 0.5 0.5 0.5 0.5 0.5 0.5 0.9087273 
Car 0.5 3 0 885.47565 158.87009 917.6863 174.10925 0.5 0.5 0.5 0.5 0.5 0.5 0.5 0.89831316 
Car 0.5 3 0 821.6058 160.61436 842.458 172.47435 0.5 0.5 0.5 0.5 0.5 0.5 0.5 0.8784848 
Car 0.5 3 0 1098.1866 158.62073 1133.184 177.94019 0.5 0.5 0.5 0.5 0.5 0.5 0.5 0.8692524 
Car 0.5 3 0 1013.09125 159.58183 1040.2375 175.86388 0.5 0.5 0.5 0.5 0.5 0.5 0.5 0.86010873 
Car 0.5 3 0 787.8981 159.01088 821.8597 173.60904 0.5 0.5 0.5 0.5 0.5 0.5 0.5 0.7573762 
Pedestrian 0.5 3 0 154.08119 198.17914 169.14769 242.38214 0.5 0.5 0.5 0.5 0.5 0.5 0.5 0.729791 
Car 0.5 3 0 854.1357 160.07033 884.5354 172.58226 0.5 0.5 0.5 0.5 0.5 0.5 0.5 0.68026805 
Car 0.5 3 0 803.9969 159.47897 822.32025 172.8682 0.5 0.5 0.5 0.5 0.5 0.5 0.5 0.64013815 
Car 0.5 3 0 352.39047 181.87126 384.83252 201.99785 0.5 0.5 0.5 0.5 0.5 0.5 0.5 0.6061193 
