Car 0.5 3 0 595.78186 187.91405 647.28613 223.77171 0.5 0.5 0.5 0.5 0.5 0.5 0.5 0.986166 
Car 0.5 3 0 859.7255 176.10748 890.76 192.42288 0.5 0.5 0.5 0.5 0.5 0.5 0.5 0.8859389 
Car 0.5 3 0 229.7308 202.91287 278.2917 220.42859 0.5 0.5 0.5 0.5 0.5 0.5 0.5 0.8595092 
Car 0.5 3 0 431.7785 188.03116 464.06638 205.48772 0.5 0.5 0.5 0.5 0.5 0.5 0.5 0.8568058 
Car 0.5 3 0 998.3225 179.37273 1025.005 194.00722 0.5 0.5 0.5 0.5 0.5 0.5 0.5 0.8348469 
Car 0.5 3 0 1192.4943 178.83868 1236.4553 200.31805 0.5 0.5 0.5 0.5 0.5 0.5 0.5 0.8329888 
Car 0.5 3 0 807.8872 177.18755 836.2957 189.25804 0.5 0.5 0.5 0.5 0.5 0.5 0.5 0.81713325 
Car 0.5 3 0 1023.72943 179.9001 1040.8088 197.98558 0.5 0.5 0.5 0.5 0.5 0.5 0.5 0.80082285 
Car 0.5 3 0 770.69965 176.15358 793.8335 189.19974 0.5 0.5 0.5 0.5 0.5 0.5 0.5 0.7510407 
Car 0.5 3 0 1090.835 180.00063 1121.8319 200.50406 0.5 0.5 0.5 0.5 0.5 0.5 0.5 0.743642 
Car 0.5 3 0 835.0638 177.70996 857.6931 191.28854 0.5 0.5 0.5 0.5 0.5 0.5 0.5 0.68694836 
Car 0.5 3 0 430.35986 188.6178 449.07684 205.93271 0.5 0.5 0.5 0.5 0.5 0.5 0.5 0.6837119 
Car 0.5 3 0 230.40834 204.64052 253.12001 218.07289 0.5 0.5 0.5 0.5 0.5 0.5 0.5 0.67749983 
Car 0.5 3 0 948.2825 181.32025 985.4694 200.33316 0.5 0.5 0.5 0.5 0.5 0.5 0.5 0.6259137 
Car 0.5 3 0 896.8535 178.68617 920.4984 192.97987 0.5 0.5 0.5 0.5 0.5 0.5 0.5 0.57895166 
Car 0.5 3 0 1022.42017 180.25684 1074.0508 198.32846 0.5 0.5 0.5 0.5 0.5 0.5 0.5 0.5455454 
Pedestrian 0.5 3 0 438.87036 199.94102 447.08926 218.06601 0.5 0.5 0.5 0.5 0.5 0.5 0.5 0.513368 
Pedestrian 0.5 3 0 391.64267 198.68481 401.7939 224.92348 0.5 0.5 0.5 0.5 0.5 0.5 0.5 0.50077486 
