Car 0.5 3 0 586.3142 174.04591 614.30444 184.08632 0.5 0.5 0.5 0.5 0.5 0.5 0.5 0.91347736 
Car 0.5 3 0 252.14821 180.63542 305.24118 210.27365 0.5 0.5 0.5 0.5 0.5 0.5 0.5 0.8433896 
Pedestrian 0.5 3 0 335.56464 180.92415 356.1316 255.55577 0.5 0.5 0.5 0.5 0.5 0.5 0.5 0.7643552 
Car 0.5 3 0 192.38016 184.10114 220.97488 199.75958 0.5 0.5 0.5 0.5 0.5 0.5 0.5 0.7311563 
Car 0.5 3 0 150.79503 182.8093 190.50067 204.8543 0.5 0.5 0.5 0.5 0.5 0.5 0.5 0.7040737 
Car 0.5 3 0 556.6482 175.30286 581.89844 183.88542 0.5 0.5 0.5 0.5 0.5 0.5 0.5 0.7026302 
Car 0.5 3 0 648.5058 170.95918 672.8096 186.20909 0.5 0.5 0.5 0.5 0.5 0.5 0.5 0.6753853 
Pedestrian 0.5 3 0 421.5225 181.11804 438.37393 239.00763 0.5 0.5 0.5 0.5 0.5 0.5 0.5 0.6738719 
Car 0.5 3 0 485.5051 175.88704 519.3722 196.76143 0.5 0.5 0.5 0.5 0.5 0.5 0.5 0.588774 
Pedestrian 0.5 3 0 467.80002 177.49516 486.50198 228.29779 0.5 0.5 0.5 0.5 0.5 0.5 0.5 0.5483665 
