Car 0.5 3 0 536.0999 173.96472 576.9216 189.56715 0.5 0.5 0.5 0.5 0.5 0.5 0.5 0.98772717 
Car 0.5 3 0 713.12 168.19293 741.4263 182.59544 0.5 0.5 0.5 0.5 0.5 0.5 0.5 0.9620742 
Car 0.5 3 0 678.74835 172.01436 713.13513 185.29944 0.5 0.5 0.5 0.5 0.5 0.5 0.5 0.900591 
Car 0.5 3 0 354.23154 176.98326 431.67575 194.29692 0.5 0.5 0.5 0.5 0.5 0.5 0.5 0.8870386 
Car 0.5 3 0 637.7843 172.02953 660.4005 184.2322 0.5 0.5 0.5 0.5 0.5 0.5 0.5 0.88030946 
Car 0.5 3 0 85.90585 170.29707 169.29182 206.72879 0.5 0.5 0.5 0.5 0.5 0.5 0.5 0.8187031 
Pedestrian 0.5 3 0 450.1246 184.38165 472.9562 225.35643 0.5 0.5 0.5 0.5 0.5 0.5 0.5 0.76568455 
Pedestrian 0.5 3 0 40.631905 174.86221 59.55589 231.76299 0.5 0.5 0.5 0.5 0.5 0.5 0.5 0.7521102 
Car 0.5 3 0 500.95154 176.14229 541.94257 198.39867 0.5 0.5 0.5 0.5 0.5 0.5 0.5 0.7057905 
Car 0.5 3 0 975.13885 158.77711 1009.5611 170.80663 0.5 0.5 0.5 0.5 0.5 0.5 0.5 0.7056005 
Car 0.5 3 0 754.45197 162.2037 779.67126 181.42653 0.5 0.5 0.5 0.5 0.5 0.5 0.5 0.50173974 
