Car 0.5 3 0 641.47424 171.46039 705.4309 212.8814 0.5 0.5 0.5 0.5 0.5 0.5 0.5 0.9925289 
Car 0.5 3 0 1165.2197 155.9188 1199.0217 177.55746 0.5 0.5 0.5 0.5 0.5 0.5 0.5 0.98485863 
Car 0.5 3 0 1194.9984 153.86919 1240.4065 175.00037 0.5 0.5 0.5 0.5 0.5 0.5 0.5 0.96817553 
Car 0.5 3 0 1038.8998 158.68936 1069.3369 177.90393 0.5 0.5 0.5 0.5 0.5 0.5 0.5 0.9661881 
Car 0.5 3 0 1130.9292 157.13249 1167.4803 177.18188 0.5 0.5 0.5 0.5 0.5 0.5 0.5 0.96014076 
Car 0.5 3 0 824.2298 159.59996 874.94037 173.38937 0.5 0.5 0.5 0.5 0.5 0.5 0.5 0.91115105 
Car 0.5 3 0 885.4995 158.91342 918.0223 174.17068 0.5 0.5 0.5 0.5 0.5 0.5 0.5 0.906418 
Car 0.5 3 0 821.57 160.55965 842.54675 172.47633 0.5 0.5 0.5 0.5 0.5 0.5 0.5 0.87888145 
Car 0.5 3 0 1013.07294 159.49335 1040.038 175.80003 0.5 0.5 0.5 0.5 0.5 0.5 0.5 0.874261 
Car 0.5 3 0 1098.9498 158.882 1131.6018 177.60034 0.5 0.5 0.5 0.5 0.5 0.5 0.5 0.87086535 
Car 0.5 3 0 495.57184 178.82208 524.61194 202.67397 0.5 0.5 0.5 0.5 0.5 0.5 0.5 0.85574 
Car 0.5 3 0 787.9274 159.03441 821.8649 173.38043 0.5 0.5 0.5 0.5 0.5 0.5 0.5 0.80984807 
Car 0.5 3 0 688.961 171.79718 709.74384 188.28809 0.5 0.5 0.5 0.5 0.5 0.5 0.5 0.7692982 
Car 0.5 3 0 854.3949 160.01309 884.7386 172.75778 0.5 0.5 0.5 0.5 0.5 0.5 0.5 0.6873209 
Car 0.5 3 0 803.2976 159.4124 821.47754 172.49957 0.5 0.5 0.5 0.5 0.5 0.5 0.5 0.6016344 
Car 0.5 3 0 639.3862 174.90952 654.22046 192.27766 0.5 0.5 0.5 0.5 0.5 0.5 0.5 0.56934774 
