Car 0.5 3 0 586.2639 186.49405 640.95386 224.71094 0.5 0.5 0.5 0.5 0.5 0.5 0.5 0.99178714 
Car 0.5 3 0 1164.8047 175.87595 1201.689 197.33875 0.5 0.5 0.5 0.5 0.5 0.5 0.5 0.98123795 
Car 0.5 3 0 1004.83655 177.97617 1028.7985 192.67812 0.5 0.5 0.5 0.5 0.5 0.5 0.5 0.92760146 
Car 0.5 3 0 1196.8094 176.04172 1240.8926 196.58261 0.5 0.5 0.5 0.5 0.5 0.5 0.5 0.92044085 
Car 0.5 3 0 1141.5773 175.57887 1169.5054 196.89859 0.5 0.5 0.5 0.5 0.5 0.5 0.5 0.84584355 
Car 0.5 3 0 869.29987 174.23923 899.78955 190.58803 0.5 0.5 0.5 0.5 0.5 0.5 0.5 0.8231509 
Car 0.5 3 0 810.3062 176.2031 841.9578 187.71227 0.5 0.5 0.5 0.5 0.5 0.5 0.5 0.8183481 
Car 0.5 3 0 443.15594 188.2818 476.87274 205.28831 0.5 0.5 0.5 0.5 0.5 0.5 0.5 0.817275 
Car 0.5 3 0 1060.504 179.56479 1080.0234 193.02933 0.5 0.5 0.5 0.5 0.5 0.5 0.5 0.76641685 
Car 0.5 3 0 246.46793 203.72856 268.69934 217.32124 0.5 0.5 0.5 0.5 0.5 0.5 0.5 0.7329666 
Car 0.5 3 0 813.518 175.0655 861.3941 189.38884 0.5 0.5 0.5 0.5 0.5 0.5 0.5 0.7232605 
Car 0.5 3 0 775.20764 174.30788 801.0029 187.49992 0.5 0.5 0.5 0.5 0.5 0.5 0.5 0.6727664 
Pedestrian 0.5 3 0 407.0045 196.70377 416.88397 222.6933 0.5 0.5 0.5 0.5 0.5 0.5 0.5 0.6348446 
Pedestrian 0.5 3 0 451.97104 197.63184 461.45493 216.08553 0.5 0.5 0.5 0.5 0.5 0.5 0.5 0.6252137 
Pedestrian 0.5 3 0 286.63275 190.80342 300.2018 234.38313 0.5 0.5 0.5 0.5 0.5 0.5 0.5 0.5952635 
Car 0.5 3 0 976.2614 179.38805 1004.61786 196.5113 0.5 0.5 0.5 0.5 0.5 0.5 0.5 0.5451365 
Car 0.5 3 0 841.0104 175.42616 865.133 189.79315 0.5 0.5 0.5 0.5 0.5 0.5 0.5 0.5444733 
