Car 0.5 3 0 1134.7644 185.84502 1174.9113 209.9237 0.5 0.5 0.5 0.5 0.5 0.5 0.5 0.98904014 
Car 0.5 3 0 1090.3574 186.18317 1132.2943 210.10686 0.5 0.5 0.5 0.5 0.5 0.5 0.5 0.9721061 
Car 0.5 3 0 289.32202 186.95058 317.53436 209.5685 0.5 0.5 0.5 0.5 0.5 0.5 0.5 0.9676834 
Car 0.5 3 0 974.9816 185.73413 1008.11774 206.9251 0.5 0.5 0.5 0.5 0.5 0.5 0.5 0.96393484 
Car 0.5 3 0 1010.54047 184.399 1041.551 206.10039 0.5 0.5 0.5 0.5 0.5 0.5 0.5 0.9581714 
Car 0.5 3 0 565.02765 189.58397 594.6725 215.52556 0.5 0.5 0.5 0.5 0.5 0.5 0.5 0.9521313 
Car 0.5 3 0 1179.0099 188.93053 1229.3401 210.62033 0.5 0.5 0.5 0.5 0.5 0.5 0.5 0.93413836 
Car 0.5 3 0 713.7702 180.65266 736.36395 192.32419 0.5 0.5 0.5 0.5 0.5 0.5 0.5 0.91351765 
Car 0.5 3 0 787.8131 180.05843 824.31836 198.82204 0.5 0.5 0.5 0.5 0.5 0.5 0.5 0.8791908 
Car 0.5 3 0 674.9759 178.1997 697.0688 190.78784 0.5 0.5 0.5 0.5 0.5 0.5 0.5 0.87096643 
Car 0.5 3 0 48.27112 202.07837 93.37922 221.5703 0.5 0.5 0.5 0.5 0.5 0.5 0.5 0.83919495 
Car 0.5 3 0 750.92773 180.7763 781.25525 195.43697 0.5 0.5 0.5 0.5 0.5 0.5 0.5 0.83265114 
Car 0.5 3 0 674.666 178.37094 712.52386 193.50989 0.5 0.5 0.5 0.5 0.5 0.5 0.5 0.8193224 
Car 0.5 3 0 732.36414 181.66367 751.149 194.04509 0.5 0.5 0.5 0.5 0.5 0.5 0.5 0.81196207 
Car 0.5 3 0 19.641106 205.75076 55.069435 225.79332 0.5 0.5 0.5 0.5 0.5 0.5 0.5 0.75934905 
Car 0.5 3 0 102.209595 188.10345 141.40106 210.86261 0.5 0.5 0.5 0.5 0.5 0.5 0.5 0.7042494 
Car 0.5 3 0 715.61224 180.4445 749.75336 194.49861 0.5 0.5 0.5 0.5 0.5 0.5 0.5 0.69716287 
Car 0.5 3 0 1040.6836 188.40567 1060.6581 203.83963 0.5 0.5 0.5 0.5 0.5 0.5 0.5 0.6696902 
Car 0.5 3 0 353.92685 183.73203 386.48672 201.04033 0.5 0.5 0.5 0.5 0.5 0.5 0.5 0.6239606 
Car 0.5 3 0 561.0697 181.13893 579.5908 200.50655 0.5 0.5 0.5 0.5 0.5 0.5 0.5 0.6071997 
Car 0.5 3 0 947.38116 184.65704 973.82117 205.20047 0.5 0.5 0.5 0.5 0.5 0.5 0.5 0.58988786 
Car 0.5 3 0 823.39 176.71913 862.5675 195.55016 0.5 0.5 0.5 0.5 0.5 0.5 0.5 0.5050579 
Car 0.5 3 0 743.7762 181.41502 761.91486 194.68489 0.5 0.5 0.5 0.5 0.5 0.5 0.5 0.50186443 
