Car 0.5 3 0 531.0781 173.65114 572.066 185.84285 0.5 0.5 0.5 0.5 0.5 0.5 0.5 0.93586445 
Pedestrian 0.5 3 0 407.23163 180.01913 425.70358 234.22647 0.5 0.5 0.5 0.5 0.5 0.5 0.5 0.90631384 
Car 0.5 3 0 304.16077 179.70413 349.83075 199.54774 0.5 0.5 0.5 0.5 0.5 0.5 0.5 0.89612955 
Car 0.5 3 0 610.3306 172.32088 633.9265 183.12973 0.5 0.5 0.5 0.5 0.5 0.5 0.5 0.7786353 
Pedestrian 0.5 3 0 342.6051 180.74469 362.2788 241.6986 0.5 0.5 0.5 0.5 0.5 0.5 0.5 0.76112765 
Car 0.5 3 0 611.3437 170.41199 656.4473 186.34636 0.5 0.5 0.5 0.5 0.5 0.5 0.5 0.7239365 
Pedestrian 0.5 3 0 466.39255 177.74744 480.17447 224.14343 0.5 0.5 0.5 0.5 0.5 0.5 0.5 0.5991641 
Car 0.5 3 0 637.00385 170.04808 658.5619 186.94446 0.5 0.5 0.5 0.5 0.5 0.5 0.5 0.59120417 
Pedestrian 0.5 3 0 499.3405 175.80763 512.84564 217.25752 0.5 0.5 0.5 0.5 0.5 0.5 0.5 0.5527672 
Car 0.5 3 0 417.59387 176.94743 445.99966 192.21405 0.5 0.5 0.5 0.5 0.5 0.5 0.5 0.5461218 
