Car 0.5 3 0 216.3246 191.00558 376.64722 254.96513 0.5 0.5 0.5 0.5 0.5 0.5 0.5 0.9985184 
Car 0.5 3 0 56.427765 183.54222 227.73157 245.6039 0.5 0.5 0.5 0.5 0.5 0.5 0.5 0.994044 
Car 0.5 3 0 471.6807 179.5928 552.8277 220.30428 0.5 0.5 0.5 0.5 0.5 0.5 0.5 0.99388593 
Car 0.5 3 0 577.3178 177.26193 628.12396 203.97385 0.5 0.5 0.5 0.5 0.5 0.5 0.5 0.97341496 
Car 0.5 3 0 731.0641 169.29996 751.12366 186.10846 0.5 0.5 0.5 0.5 0.5 0.5 0.5 0.96285176 
Car 0.5 3 0 679.0044 172.30568 701.79816 190.69736 0.5 0.5 0.5 0.5 0.5 0.5 0.5 0.960131 
Car 0.5 3 0 1092.232 154.68416 1120.6968 171.26814 0.5 0.5 0.5 0.5 0.5 0.5 0.5 0.94367963 
Car 0.5 3 0 1068.0133 155.59499 1095.1005 171.94475 0.5 0.5 0.5 0.5 0.5 0.5 0.5 0.9357272 
Car 0.5 3 0 1186.8325 151.80623 1230.3804 169.40974 0.5 0.5 0.5 0.5 0.5 0.5 0.5 0.91351926 
Car 0.5 3 0 1152.5767 154.25441 1188.0906 168.56563 0.5 0.5 0.5 0.5 0.5 0.5 0.5 0.9060668 
Car 0.5 3 0 696.3131 168.36765 716.0621 187.74289 0.5 0.5 0.5 0.5 0.5 0.5 0.5 0.89797646 
Car 0.5 3 0 661.2846 174.4252 672.9293 182.01945 0.5 0.5 0.5 0.5 0.5 0.5 0.5 0.8750439 
Car 0.5 3 0 831.1987 160.17374 863.88184 172.90923 0.5 0.5 0.5 0.5 0.5 0.5 0.5 0.86973804 
Car 0.5 3 0 410.65585 172.12576 480.86713 208.26167 0.5 0.5 0.5 0.5 0.5 0.5 0.5 0.8508285 
Car 0.5 3 0 1025.536 157.66426 1044.7009 169.89975 0.5 0.5 0.5 0.5 0.5 0.5 0.5 0.8420482 
Car 0.5 3 0 1118.4144 156.14792 1143.7566 169.3887 0.5 0.5 0.5 0.5 0.5 0.5 0.5 0.8391404 
Car 0.5 3 0 978.96936 158.78603 1004.6641 172.99963 0.5 0.5 0.5 0.5 0.5 0.5 0.5 0.82610834 
Car 0.5 3 0 880.2069 158.34946 901.2156 171.8508 0.5 0.5 0.5 0.5 0.5 0.5 0.5 0.8099485 
Car 0.5 3 0 792.07275 159.76323 831.1025 173.89484 0.5 0.5 0.5 0.5 0.5 0.5 0.5 0.7605062 
Car 0.5 3 0 1026.9896 156.21187 1068.782 170.75967 0.5 0.5 0.5 0.5 0.5 0.5 0.5 0.74964595 
Car 0.5 3 0 684.16125 169.37183 713.60266 189.38217 0.5 0.5 0.5 0.5 0.5 0.5 0.5 0.6615624 
Pedestrian 0.5 3 0 760.4591 150.73285 771.72943 189.07936 0.5 0.5 0.5 0.5 0.5 0.5 0.5 0.5836721 
Car 0.5 3 0 1230.4568 150.83026 1241.121 168.60603 0.5 0.5 0.5 0.5 0.5 0.5 0.5 0.5370514 
Car 0.5 3 0 383.05557 181.15155 404.41937 198.35887 0.5 0.5 0.5 0.5 0.5 0.5 0.5 0.5209715 
