Car 0.5 3 0 188.19893 189.9965 330.1523 241.22078 0.5 0.5 0.5 0.5 0.5 0.5 0.5 0.997703 
Pedestrian 0.5 3 0 1092.7223 153.40631 1202.7313 335.49457 0.5 0.5 0.5 0.5 0.5 0.5 0.5 0.9973302 
Car 0.5 3 0 425.79617 180.75705 510.29343 220.06898 0.5 0.5 0.5 0.5 0.5 0.5 0.5 0.98588514 
Car 0.5 3 0 492.25714 175.87148 540.1626 202.54245 0.5 0.5 0.5 0.5 0.5 0.5 0.5 0.98244387 
Car 0.5 3 0 565.1635 175.01973 617.77264 205.88675 0.5 0.5 0.5 0.5 0.5 0.5 0.5 0.9789777 
Car 0.5 3 0 1176.4395 164.33252 1215.0693 180.16812 0.5 0.5 0.5 0.5 0.5 0.5 0.5 0.9412034 
Car 0.5 3 0 289.6962 183.1398 346.871 213.64009 0.5 0.5 0.5 0.5 0.5 0.5 0.5 0.88917494 
Car 0.5 3 0 689.57025 178.73018 710.9863 190.12448 0.5 0.5 0.5 0.5 0.5 0.5 0.5 0.8347901 
Car 0.5 3 0 292.98697 183.47444 372.66037 223.41005 0.5 0.5 0.5 0.5 0.5 0.5 0.5 0.8279906 
Car 0.5 3 0 1040.1578 166.8216 1079.6438 180.9456 0.5 0.5 0.5 0.5 0.5 0.5 0.5 0.81581515 
Car 0.5 3 0 621.3595 178.60347 639.92804 192.12532 0.5 0.5 0.5 0.5 0.5 0.5 0.5 0.81352544 
Car 0.5 3 0 1092.2855 165.52528 1119.2643 179.1559 0.5 0.5 0.5 0.5 0.5 0.5 0.5 0.76778924 
Car 0.5 3 0 1079.0559 167.21555 1099.857 179.59003 0.5 0.5 0.5 0.5 0.5 0.5 0.5 0.74021745 
Car 0.5 3 0 986.7565 167.44856 1014.91437 179.42805 0.5 0.5 0.5 0.5 0.5 0.5 0.5 0.73234874 
Car 0.5 3 0 746.624 167.67949 770.15985 190.87581 0.5 0.5 0.5 0.5 0.5 0.5 0.5 0.70267427 
Car 0.5 3 0 711.5344 175.6941 731.9026 193.08676 0.5 0.5 0.5 0.5 0.5 0.5 0.5 0.6967316 
Car 0.5 3 0 1058.872 167.33955 1080.9685 179.59216 0.5 0.5 0.5 0.5 0.5 0.5 0.5 0.6226769 
Car 0.5 3 0 835.4212 166.62833 873.54114 180.25104 0.5 0.5 0.5 0.5 0.5 0.5 0.5 0.61646974 
Car 0.5 3 0 868.0236 166.85663 911.33954 178.29366 0.5 0.5 0.5 0.5 0.5 0.5 0.5 0.541322 
Car 0.5 3 0 996.5686 167.72214 1028.1467 180.04253 0.5 0.5 0.5 0.5 0.5 0.5 0.5 0.5327133 
