Car 0.5 3 0 536.76575 175.36905 609.86676 213.7644 0.5 0.5 0.5 0.5 0.5 0.5 0.5 0.995858 
Car 0.5 3 0 307.4908 191.6507 443.65378 246.23273 0.5 0.5 0.5 0.5 0.5 0.5 0.5 0.9947001 
Car 0.5 3 0 226.53459 172.8039 349.7188 232.07993 0.5 0.5 0.5 0.5 0.5 0.5 0.5 0.9860051 
Car 0.5 3 0 612.79596 173.7087 654.1574 201.8381 0.5 0.5 0.5 0.5 0.5 0.5 0.5 0.98160285 
Car 0.5 3 0 462.38458 178.66173 509.2474 207.95972 0.5 0.5 0.5 0.5 0.5 0.5 0.5 0.9801394 
Car 0.5 3 0 1116.546 151.72006 1150.2358 170.91595 0.5 0.5 0.5 0.5 0.5 0.5 0.5 0.95746714 
Car 0.5 3 0 790.4368 158.82814 821.57605 172.36565 0.5 0.5 0.5 0.5 0.5 0.5 0.5 0.9491295 
Car 0.5 3 0 726.792 168.85835 750.5572 184.80675 0.5 0.5 0.5 0.5 0.5 0.5 0.5 0.92864436 
Car 0.5 3 0 1063.232 153.95601 1091.0546 172.85764 0.5 0.5 0.5 0.5 0.5 0.5 0.5 0.91113526 
Car 0.5 3 0 1088.8076 152.86569 1119.0494 171.6151 0.5 0.5 0.5 0.5 0.5 0.5 0.5 0.90392494 
Car 0.5 3 0 1185.6127 152.41113 1219.8566 166.14131 0.5 0.5 0.5 0.5 0.5 0.5 0.5 0.897847 
Car 0.5 3 0 681.5221 171.69908 703.52795 190.09372 0.5 0.5 0.5 0.5 0.5 0.5 0.5 0.88426924 
Car 0.5 3 0 991.71497 157.01442 1014.1557 170.86266 0.5 0.5 0.5 0.5 0.5 0.5 0.5 0.86908495 
Car 0.5 3 0 694.7405 168.02454 715.3953 186.96234 0.5 0.5 0.5 0.5 0.5 0.5 0.5 0.8453089 
Car 0.5 3 0 822.48944 159.93187 839.63245 171.33574 0.5 0.5 0.5 0.5 0.5 0.5 0.5 0.8059997 
Car 0.5 3 0 1012.4417 157.26367 1032.3577 172.63431 0.5 0.5 0.5 0.5 0.5 0.5 0.5 0.7533986 
Car 0.5 3 0 853.8024 157.77127 882.3883 171.91725 0.5 0.5 0.5 0.5 0.5 0.5 0.5 0.7401246 
Car 0.5 3 0 881.4523 156.85657 896.88245 170.92426 0.5 0.5 0.5 0.5 0.5 0.5 0.5 0.71650743 
Car 0.5 3 0 1228.9381 153.25204 1241.6257 167.53078 0.5 0.5 0.5 0.5 0.5 0.5 0.5 0.66826475 
Car 0.5 3 0 1013.6549 155.5799 1061.4902 173.52377 0.5 0.5 0.5 0.5 0.5 0.5 0.5 0.6296345 
Car 0.5 3 0 519.6487 176.93114 536.3711 192.25597 0.5 0.5 0.5 0.5 0.5 0.5 0.5 0.58565265 
Car 0.5 3 0 1215.0839 149.01523 1236.8483 165.20406 0.5 0.5 0.5 0.5 0.5 0.5 0.5 0.584162 
Car 0.5 3 0 836.5683 157.7857 877.45807 172.5783 0.5 0.5 0.5 0.5 0.5 0.5 0.5 0.57583994 
Car 0.5 3 0 970.5029 157.81432 991.7915 170.6905 0.5 0.5 0.5 0.5 0.5 0.5 0.5 0.537745 
Car 0.5 3 0 1046.6024 155.20349 1067.1167 171.38846 0.5 0.5 0.5 0.5 0.5 0.5 0.5 0.53399324 
Car 0.5 3 0 993.334 155.94753 1028.0718 172.43497 0.5 0.5 0.5 0.5 0.5 0.5 0.5 0.508388 
Car 0.5 3 0 503.18475 176.48805 521.5185 193.51979 0.5 0.5 0.5 0.5 0.5 0.5 0.5 0.5032371 
