Car 0.5 3 0 0.0 228.88571 230.25005 366.00592 0.5 0.5 0.5 0.5 0.5 0.5 0.5 0.99811363 
Car 0.5 3 0 607.3839 173.52588 659.1806 206.57599 0.5 0.5 0.5 0.5 0.5 0.5 0.5 0.98787445 
Car 0.5 3 0 1164.9879 156.01126 1200.1722 177.70784 0.5 0.5 0.5 0.5 0.5 0.5 0.5 0.9865117 
Car 0.5 3 0 734.69354 168.3148 754.021 188.71843 0.5 0.5 0.5 0.5 0.5 0.5 0.5 0.9768375 
Car 0.5 3 0 100.25268 188.86514 275.6176 247.12386 0.5 0.5 0.5 0.5 0.5 0.5 0.5 0.9754126 
Car 0.5 3 0 410.5961 184.03137 434.9361 214.61623 0.5 0.5 0.5 0.5 0.5 0.5 0.5 0.9684628 
Car 0.5 3 0 1038.7538 158.70021 1070.3816 177.69647 0.5 0.5 0.5 0.5 0.5 0.5 0.5 0.9677233 
Car 0.5 3 0 1195.7383 154.15807 1238.4813 175.01279 0.5 0.5 0.5 0.5 0.5 0.5 0.5 0.9588049 
Car 0.5 3 0 1130.7782 156.41206 1168.2369 177.21008 0.5 0.5 0.5 0.5 0.5 0.5 0.5 0.9533656 
Car 0.5 3 0 823.90436 159.61455 875.1362 173.36061 0.5 0.5 0.5 0.5 0.5 0.5 0.5 0.920989 
Car 0.5 3 0 885.56744 158.91109 918.4065 174.04445 0.5 0.5 0.5 0.5 0.5 0.5 0.5 0.90049314 
Car 0.5 3 0 821.735 160.61453 843.3068 172.31168 0.5 0.5 0.5 0.5 0.5 0.5 0.5 0.8856809 
Car 0.5 3 0 1098.2985 158.79338 1132.266 178.10088 0.5 0.5 0.5 0.5 0.5 0.5 0.5 0.87338126 
Car 0.5 3 0 1013.29224 159.50153 1040.2563 175.61418 0.5 0.5 0.5 0.5 0.5 0.5 0.5 0.8615361 
Car 0.5 3 0 678.96124 172.98051 695.0142 185.19012 0.5 0.5 0.5 0.5 0.5 0.5 0.5 0.8078688 
Car 0.5 3 0 788.59155 159.0987 821.4546 172.69308 0.5 0.5 0.5 0.5 0.5 0.5 0.5 0.8029287 
Car 0.5 3 0 692.21466 161.7136 738.4527 202.62117 0.5 0.5 0.5 0.5 0.5 0.5 0.5 0.7793909 
Car 0.5 3 0 854.1977 160.07983 884.60297 172.75607 0.5 0.5 0.5 0.5 0.5 0.5 0.5 0.68570924 
Car 0.5 3 0 329.04755 179.56607 378.78937 199.31496 0.5 0.5 0.5 0.5 0.5 0.5 0.5 0.6835672 
Car 0.5 3 0 883.2051 12.351918 1039.7847 85.31131 0.5 0.5 0.5 0.5 0.5 0.5 0.5 0.67324626 
Car 0.5 3 0 667.4871 172.99797 682.0484 184.14267 0.5 0.5 0.5 0.5 0.5 0.5 0.5 0.6230404 
Car 0.5 3 0 1140.5302 154.94885 1191.4333 178.35184 0.5 0.5 0.5 0.5 0.5 0.5 0.5 0.60215735 
Car 0.5 3 0 291.0807 192.80948 311.16953 207.75925 0.5 0.5 0.5 0.5 0.5 0.5 0.5 0.5899576 
Car 0.5 3 0 353.35068 182.08282 384.48303 196.77522 0.5 0.5 0.5 0.5 0.5 0.5 0.5 0.5352845 
Car 0.5 3 0 290.20422 190.94926 326.46732 208.80692 0.5 0.5 0.5 0.5 0.5 0.5 0.5 0.5000066 
