Car 0.5 3 0 389.93213 177.39377 442.8972 193.81258 0.5 0.5 0.5 0.5 0.5 0.5 0.5 0.94710386 
Car 0.5 3 0 624.249 171.56061 655.121 184.64288 0.5 0.5 0.5 0.5 0.5 0.5 0.5 0.92358696 
Car 0.5 3 0 321.20187 176.82309 375.49887 194.55963 0.5 0.5 0.5 0.5 0.5 0.5 0.5 0.8794461 
Car 0.5 3 0 534.53906 174.08952 565.98737 190.57141 0.5 0.5 0.5 0.5 0.5 0.5 0.5 0.8782402 
Car 0.5 3 0 243.77695 179.25044 298.8295 206.52144 0.5 0.5 0.5 0.5 0.5 0.5 0.5 0.87222487 
Car 0.5 3 0 716.7933 167.46735 745.63196 184.1025 0.5 0.5 0.5 0.5 0.5 0.5 0.5 0.85494155 
Car 0.5 3 0 988.2902 158.27365 1006.82434 169.73483 0.5 0.5 0.5 0.5 0.5 0.5 0.5 0.7659738 
Car 0.5 3 0 696.88873 171.9086 732.2945 186.1039 0.5 0.5 0.5 0.5 0.5 0.5 0.5 0.7623249 
Car 0.5 3 0 12.013748 151.9796 170.95338 223.43404 0.5 0.5 0.5 0.5 0.5 0.5 0.5 0.6587266 
Car 0.5 3 0 673.3699 170.38454 687.2036 183.23505 0.5 0.5 0.5 0.5 0.5 0.5 0.5 0.646544 
Car 0.5 3 0 167.44586 166.65323 237.54358 221.5939 0.5 0.5 0.5 0.5 0.5 0.5 0.5 0.56445354 
Car 0.5 3 0 224.41345 177.99014 244.45746 196.40369 0.5 0.5 0.5 0.5 0.5 0.5 0.5 0.53412366 
