Car 0.5 3 0 265.31052 186.0181 361.38147 229.91542 0.5 0.5 0.5 0.5 0.5 0.5 0.5 0.9976101 
Car 0.5 3 0 445.17697 180.86658 497.6911 210.44278 0.5 0.5 0.5 0.5 0.5 0.5 0.5 0.991561 
Car 0.5 3 0 647.9628 165.59404 712.9361 215.19566 0.5 0.5 0.5 0.5 0.5 0.5 0.5 0.98370355 
Car 0.5 3 0 1165.1276 155.72041 1199.2361 177.53065 0.5 0.5 0.5 0.5 0.5 0.5 0.5 0.9834579 
Car 0.5 3 0 7.8197556 157.07085 300.26697 368.6647 0.5 0.5 0.5 0.5 0.5 0.5 0.5 0.9775244 
Car 0.5 3 0 1039.0183 158.72585 1069.7229 177.80629 0.5 0.5 0.5 0.5 0.5 0.5 0.5 0.97255075 
Car 0.5 3 0 1130.8853 156.5021 1168.1608 177.52257 0.5 0.5 0.5 0.5 0.5 0.5 0.5 0.96260196 
Car 0.5 3 0 1195.7896 153.77481 1238.6626 175.20872 0.5 0.5 0.5 0.5 0.5 0.5 0.5 0.9559102 
Car 0.5 3 0 524.21674 179.79791 554.1944 198.25706 0.5 0.5 0.5 0.5 0.5 0.5 0.5 0.93871236 
Car 0.5 3 0 721.30664 170.93887 738.2198 185.10402 0.5 0.5 0.5 0.5 0.5 0.5 0.5 0.9301083 
Car 0.5 3 0 885.45 159.00398 918.03156 174.11255 0.5 0.5 0.5 0.5 0.5 0.5 0.5 0.90556794 
Car 0.5 3 0 821.2206 161.01416 849.9007 172.99646 0.5 0.5 0.5 0.5 0.5 0.5 0.5 0.8959949 
Car 0.5 3 0 1097.7924 158.49841 1133.9622 178.15956 0.5 0.5 0.5 0.5 0.5 0.5 0.5 0.8871128 
Car 0.5 3 0 1012.86664 159.5566 1040.7551 176.06012 0.5 0.5 0.5 0.5 0.5 0.5 0.5 0.8630883 
Car 0.5 3 0 833.3838 159.71152 879.36536 172.69064 0.5 0.5 0.5 0.5 0.5 0.5 0.5 0.8455261 
Car 0.5 3 0 788.03925 159.04924 821.83093 173.11426 0.5 0.5 0.5 0.5 0.5 0.5 0.5 0.8243888 
Car 0.5 3 0 854.18274 159.9844 884.7192 172.63898 0.5 0.5 0.5 0.5 0.5 0.5 0.5 0.68182933 
Car 0.5 3 0 803.63153 159.44518 822.3554 172.62912 0.5 0.5 0.5 0.5 0.5 0.5 0.5 0.657004 
Car 0.5 3 0 353.24936 181.98721 385.0945 199.15103 0.5 0.5 0.5 0.5 0.5 0.5 0.5 0.5887822 
Car 0.5 3 0 1142.0994 154.9792 1191.146 178.49838 0.5 0.5 0.5 0.5 0.5 0.5 0.5 0.51903236 
