Car 0.5 3 0 1165.1259 155.74503 1197.7922 178.8417 0.5 0.5 0.5 0.5 0.5 0.5 0.5 0.9857944 
Car 0.5 3 0 1039.0394 159.12428 1070.892 177.93422 0.5 0.5 0.5 0.5 0.5 0.5 0.5 0.9657774 
Car 0.5 3 0 1130.2937 156.45491 1168.8472 177.74667 0.5 0.5 0.5 0.5 0.5 0.5 0.5 0.9621778 
Car 0.5 3 0 1196.5945 156.17302 1239.7563 175.21992 0.5 0.5 0.5 0.5 0.5 0.5 0.5 0.96147823 
Car 0.5 3 0 822.86304 160.06314 874.8013 174.26305 0.5 0.5 0.5 0.5 0.5 0.5 0.5 0.9232189 
Car 0.5 3 0 200.6755 170.76515 337.7743 232.43611 0.5 0.5 0.5 0.5 0.5 0.5 0.5 0.90341604 
Car 0.5 3 0 424.8484 166.30287 491.39633 212.1583 0.5 0.5 0.5 0.5 0.5 0.5 0.5 0.89895254 
Car 0.5 3 0 725.91144 170.2881 750.3026 190.33499 0.5 0.5 0.5 0.5 0.5 0.5 0.5 0.8943323 
Car 0.5 3 0 1013.3392 160.02786 1040.0397 176.17693 0.5 0.5 0.5 0.5 0.5 0.5 0.5 0.85703003 
Car 0.5 3 0 885.0345 159.26233 914.8284 174.20183 0.5 0.5 0.5 0.5 0.5 0.5 0.5 0.8511885 
Car 0.5 3 0 1098.44 160.2163 1130.2039 177.31174 0.5 0.5 0.5 0.5 0.5 0.5 0.5 0.81464815 
Car 0.5 3 0 821.65076 161.4979 842.27185 172.9107 0.5 0.5 0.5 0.5 0.5 0.5 0.5 0.78981173 
Car 0.5 3 0 854.37885 160.60333 885.0025 174.03862 0.5 0.5 0.5 0.5 0.5 0.5 0.5 0.6409027 
Car 0.5 3 0 651.38257 172.4976 674.5844 187.41464 0.5 0.5 0.5 0.5 0.5 0.5 0.5 0.6321987 
Car 0.5 3 0 803.7497 159.71732 820.7298 172.91255 0.5 0.5 0.5 0.5 0.5 0.5 0.5 0.61702734 
