Car 0.5 3 0 432.53564 175.39885 517.5736 217.18602 0.5 0.5 0.5 0.5 0.5 0.5 0.5 0.99368614 
Car 0.5 3 0 568.8273 174.62953 619.80396 202.11195 0.5 0.5 0.5 0.5 0.5 0.5 0.5 0.99167997 
Car 0.5 3 0 91.24355 184.34782 216.48299 229.31146 0.5 0.5 0.5 0.5 0.5 0.5 0.5 0.98537385 
Car 0.5 3 0 217.57553 188.25786 343.36383 236.92014 0.5 0.5 0.5 0.5 0.5 0.5 0.5 0.9787815 
Car 0.5 3 0 538.2759 168.20177 579.74713 193.70903 0.5 0.5 0.5 0.5 0.5 0.5 0.5 0.9776642 
Car 0.5 3 0 700.3333 170.92882 723.3679 188.2658 0.5 0.5 0.5 0.5 0.5 0.5 0.5 0.93520457 
Car 0.5 3 0 1116.07 161.28423 1141.0986 173.08766 0.5 0.5 0.5 0.5 0.5 0.5 0.5 0.9105854 
Car 0.5 3 0 823.82526 161.39926 847.7402 173.30202 0.5 0.5 0.5 0.5 0.5 0.5 0.5 0.8957633 
Car 0.5 3 0 411.2962 173.28296 454.41125 204.81696 0.5 0.5 0.5 0.5 0.5 0.5 0.5 0.8819815 
Car 0.5 3 0 1093.7489 158.72014 1121.7769 173.91832 0.5 0.5 0.5 0.5 0.5 0.5 0.5 0.87933785 
Car 0.5 3 0 1181.1162 157.28894 1219.9292 172.7688 0.5 0.5 0.5 0.5 0.5 0.5 0.5 0.8762244 
Car 0.5 3 0 1073.6042 159.03693 1100.2333 173.66225 0.5 0.5 0.5 0.5 0.5 0.5 0.5 0.83143157 
Car 0.5 3 0 192.21388 190.57188 223.4851 240.02678 0.5 0.5 0.5 0.5 0.5 0.5 0.5 0.789154 
Car 0.5 3 0 1057.2222 159.84079 1076.7645 173.38042 0.5 0.5 0.5 0.5 0.5 0.5 0.5 0.76060224 
Car 0.5 3 0 671.1312 172.8023 685.4482 181.16751 0.5 0.5 0.5 0.5 0.5 0.5 0.5 0.7327677 
Car 0.5 3 0 983.6921 159.30853 1015.0621 173.98265 0.5 0.5 0.5 0.5 0.5 0.5 0.5 0.7183617 
Car 0.5 3 0 614.8852 174.18448 632.25134 186.66048 0.5 0.5 0.5 0.5 0.5 0.5 0.5 0.6699649 
Car 0.5 3 0 903.9791 161.35904 924.11993 172.85144 0.5 0.5 0.5 0.5 0.5 0.5 0.5 0.6608801 
Pedestrian 0.5 3 0 779.9988 151.17168 790.9298 184.57376 0.5 0.5 0.5 0.5 0.5 0.5 0.5 0.5700013 
Car 0.5 3 0 1144.6558 160.09192 1171.0254 171.6255 0.5 0.5 0.5 0.5 0.5 0.5 0.5 0.5212244 
Car 0.5 3 0 1217.3485 162.59543 1229.8561 174.7197 0.5 0.5 0.5 0.5 0.5 0.5 0.5 0.510794 
