Car 0.5 3 0 597.5942 173.24484 654.8462 209.2561 0.5 0.5 0.5 0.5 0.5 0.5 0.5 0.9953614 
Car 0.5 3 0 371.71463 184.00638 430.1641 217.7748 0.5 0.5 0.5 0.5 0.5 0.5 0.5 0.9917236 
Car 0.5 3 0 697.36475 170.66309 736.6526 201.14859 0.5 0.5 0.5 0.5 0.5 0.5 0.5 0.9878522 
Car 0.5 3 0 1165.6587 155.88911 1196.3967 178.536 0.5 0.5 0.5 0.5 0.5 0.5 0.5 0.98770255 
Car 0.5 3 0 1038.8611 158.65994 1070.2795 177.84401 0.5 0.5 0.5 0.5 0.5 0.5 0.5 0.9706486 
Car 0.5 3 0 1194.9167 153.6838 1240.7612 175.25958 0.5 0.5 0.5 0.5 0.5 0.5 0.5 0.970648 
Car 0.5 3 0 730.5438 169.756 749.1802 188.20421 0.5 0.5 0.5 0.5 0.5 0.5 0.5 0.96559894 
Car 0.5 3 0 1130.7739 157.13266 1167.4227 177.15384 0.5 0.5 0.5 0.5 0.5 0.5 0.5 0.9611776 
Car 0.5 3 0 491.87173 177.08363 526.3442 203.56126 0.5 0.5 0.5 0.5 0.5 0.5 0.5 0.93872434 
Car 0.5 3 0 886.03 158.75987 919.93524 174.74889 0.5 0.5 0.5 0.5 0.5 0.5 0.5 0.91848 
Car 0.5 3 0 532.93494 179.5943 558.834 195.95724 0.5 0.5 0.5 0.5 0.5 0.5 0.5 0.8915144 
Car 0.5 3 0 824.3933 159.66335 874.27094 173.17517 0.5 0.5 0.5 0.5 0.5 0.5 0.5 0.8905821 
Car 0.5 3 0 684.8286 171.31554 702.8597 189.7674 0.5 0.5 0.5 0.5 0.5 0.5 0.5 0.88427794 
Car 0.5 3 0 821.6699 160.6267 842.4562 172.30753 0.5 0.5 0.5 0.5 0.5 0.5 0.5 0.88150465 
Car 0.5 3 0 1098.1895 159.00652 1132.0521 178.10286 0.5 0.5 0.5 0.5 0.5 0.5 0.5 0.87547994 
Car 0.5 3 0 1013.0844 159.55292 1040.4905 175.76404 0.5 0.5 0.5 0.5 0.5 0.5 0.5 0.8712532 
Car 0.5 3 0 291.0898 193.15761 310.82565 207.26949 0.5 0.5 0.5 0.5 0.5 0.5 0.5 0.8289747 
Car 0.5 3 0 471.7691 174.67232 493.9243 191.0598 0.5 0.5 0.5 0.5 0.5 0.5 0.5 0.8233376 
Car 0.5 3 0 787.9274 158.99481 821.9915 173.10225 0.5 0.5 0.5 0.5 0.5 0.5 0.5 0.77298707 
Car 0.5 3 0 854.2135 160.04129 884.75903 172.66467 0.5 0.5 0.5 0.5 0.5 0.5 0.5 0.69320726 
Car 0.5 3 0 353.476 182.75902 384.01428 203.15256 0.5 0.5 0.5 0.5 0.5 0.5 0.5 0.6824195 
Car 0.5 3 0 672.36237 173.10577 686.5367 184.2636 0.5 0.5 0.5 0.5 0.5 0.5 0.5 0.6697181 
Car 0.5 3 0 803.56915 159.41568 822.4601 172.56757 0.5 0.5 0.5 0.5 0.5 0.5 0.5 0.63830405 
Car 0.5 3 0 290.51535 191.35442 325.75308 208.07912 0.5 0.5 0.5 0.5 0.5 0.5 0.5 0.57595253 
Car 0.5 3 0 1143.9095 155.04607 1192.475 178.38222 0.5 0.5 0.5 0.5 0.5 0.5 0.5 0.5398185 
Car 0.5 3 0 327.54736 178.09708 359.8181 196.00954 0.5 0.5 0.5 0.5 0.5 0.5 0.5 0.51506186 
