Car 0.5 3 0 593.8762 176.05643 653.16736 210.88066 0.5 0.5 0.5 0.5 0.5 0.5 0.5 0.9919487 
Car 0.5 3 0 348.26697 185.46432 551.4865 283.1037 0.5 0.5 0.5 0.5 0.5 0.5 0.5 0.98119044 
Car 0.5 3 0 1164.9674 155.95567 1199.7533 177.66351 0.5 0.5 0.5 0.5 0.5 0.5 0.5 0.9781104 
Car 0.5 3 0 1038.8145 158.75237 1070.0332 177.81677 0.5 0.5 0.5 0.5 0.5 0.5 0.5 0.9721752 
Car 0.5 3 0 1195.3203 153.1851 1240.8701 175.24599 0.5 0.5 0.5 0.5 0.5 0.5 0.5 0.9667769 
Car 0.5 3 0 1130.962 156.8134 1168.195 177.6343 0.5 0.5 0.5 0.5 0.5 0.5 0.5 0.9558264 
Car 0.5 3 0 688.23505 172.77103 709.2031 191.0644 0.5 0.5 0.5 0.5 0.5 0.5 0.5 0.91858244 
Car 0.5 3 0 885.9874 158.6593 920.22327 174.62482 0.5 0.5 0.5 0.5 0.5 0.5 0.5 0.914158 
Car 0.5 3 0 824.10986 159.60066 875.2175 173.3632 0.5 0.5 0.5 0.5 0.5 0.5 0.5 0.9035539 
Car 0.5 3 0 1012.93646 159.51544 1040.362 176.08765 0.5 0.5 0.5 0.5 0.5 0.5 0.5 0.88711435 
Car 0.5 3 0 1098.953 158.6396 1132.5994 178.04329 0.5 0.5 0.5 0.5 0.5 0.5 0.5 0.8870771 
Car 0.5 3 0 821.77734 160.31682 851.0177 173.36098 0.5 0.5 0.5 0.5 0.5 0.5 0.5 0.8806548 
Car 0.5 3 0 788.0037 159.09676 821.93823 173.1136 0.5 0.5 0.5 0.5 0.5 0.5 0.5 0.82762617 
Car 0.5 3 0 523.37994 178.48984 543.1752 197.15778 0.5 0.5 0.5 0.5 0.5 0.5 0.5 0.8168789 
Car 0.5 3 0 672.0356 173.51884 689.1699 186.29356 0.5 0.5 0.5 0.5 0.5 0.5 0.5 0.7908154 
Car 0.5 3 0 291.14743 193.08553 311.1887 207.60268 0.5 0.5 0.5 0.5 0.5 0.5 0.5 0.7734596 
Car 0.5 3 0 853.3237 159.96082 884.6588 172.85902 0.5 0.5 0.5 0.5 0.5 0.5 0.5 0.6797183 
Car 0.5 3 0 328.97055 178.92336 373.74582 201.03584 0.5 0.5 0.5 0.5 0.5 0.5 0.5 0.64634675 
Car 0.5 3 0 524.1933 179.20984 559.4872 198.30276 0.5 0.5 0.5 0.5 0.5 0.5 0.5 0.59344333 
Car 0.5 3 0 1143.7568 155.17477 1193.4575 178.66988 0.5 0.5 0.5 0.5 0.5 0.5 0.5 0.59052753 
Car 0.5 3 0 290.6236 191.61476 325.32764 208.39784 0.5 0.5 0.5 0.5 0.5 0.5 0.5 0.5346267 
