Car 0.5 3 0 552.6638 173.65227 590.86414 186.41217 0.5 0.5 0.5 0.5 0.5 0.5 0.5 0.97490543 
Car 0.5 3 0 339.53238 176.33481 392.3661 196.7946 0.5 0.5 0.5 0.5 0.5 0.5 0.5 0.95294064 
Car 0.5 3 0 745.64685 166.62085 774.2372 181.95158 0.5 0.5 0.5 0.5 0.5 0.5 0.5 0.9088287 
Car 0.5 3 0 633.19653 172.16696 661.4034 182.8829 0.5 0.5 0.5 0.5 0.5 0.5 0.5 0.8778049 
Car 0.5 3 0 12.524502 184.91483 86.393875 205.79562 0.5 0.5 0.5 0.5 0.5 0.5 0.5 0.84962463 
Car 0.5 3 0 412.69232 175.2689 450.2933 190.61282 0.5 0.5 0.5 0.5 0.5 0.5 0.5 0.8333689 
Car 0.5 3 0 808.36475 167.07056 835.28534 178.41974 0.5 0.5 0.5 0.5 0.5 0.5 0.5 0.82775736 
Car 0.5 3 0 704.6374 169.48967 727.3148 182.91812 0.5 0.5 0.5 0.5 0.5 0.5 0.5 0.758371 
Car 0.5 3 0 126.145546 164.53322 250.77827 218.09322 0.5 0.5 0.5 0.5 0.5 0.5 0.5 0.7330726 
Car 0.5 3 0 10.468443 184.59601 90.550575 227.96169 0.5 0.5 0.5 0.5 0.5 0.5 0.5 0.7111104 
Car 0.5 3 0 455.912 176.0805 493.72974 197.90851 0.5 0.5 0.5 0.5 0.5 0.5 0.5 0.6825928 
Pedestrian 0.5 3 0 462.0196 184.3933 482.67627 216.08421 0.5 0.5 0.5 0.5 0.5 0.5 0.5 0.64766896 
Car 0.5 3 0 709.3363 167.19543 741.399 183.79936 0.5 0.5 0.5 0.5 0.5 0.5 0.5 0.64312375 
Car 0.5 3 0 946.3605 160.85007 969.30426 169.50893 0.5 0.5 0.5 0.5 0.5 0.5 0.5 0.60956675 
Pedestrian 0.5 3 0 123.04192 180.70671 137.40685 221.236 0.5 0.5 0.5 0.5 0.5 0.5 0.5 0.5502891 
Car 0.5 3 0 922.5667 161.41574 970.08575 171.73799 0.5 0.5 0.5 0.5 0.5 0.5 0.5 0.5024962 
