Car 0.5 3 0 206.26115 176.83798 322.78168 216.7267 0.5 0.5 0.5 0.5 0.5 0.5 0.5 0.99532473 
Car 0.5 3 0 568.9743 173.16795 621.7183 198.87782 0.5 0.5 0.5 0.5 0.5 0.5 0.5 0.99185926 
Pedestrian 0.5 3 0 847.3817 166.9352 873.0002 230.25598 0.5 0.5 0.5 0.5 0.5 0.5 0.5 0.9873115 
Car 0.5 3 0 430.11908 173.86256 509.2114 204.82336 0.5 0.5 0.5 0.5 0.5 0.5 0.5 0.9747559 
Car 0.5 3 0 644.9888 171.24751 673.1654 188.23051 0.5 0.5 0.5 0.5 0.5 0.5 0.5 0.9388207 
Car 0.5 3 0 384.211 166.32458 464.94495 199.0394 0.5 0.5 0.5 0.5 0.5 0.5 0.5 0.9335256 
Car 0.5 3 0 910.1177 166.49934 940.3258 178.3228 0.5 0.5 0.5 0.5 0.5 0.5 0.5 0.87310666 
Car 0.5 3 0 762.21985 170.26875 808.5799 190.30156 0.5 0.5 0.5 0.5 0.5 0.5 0.5 0.85648406 
Car 0.5 3 0 683.82294 171.45518 707.55634 185.83505 0.5 0.5 0.5 0.5 0.5 0.5 0.5 0.7935719 
Car 0.5 3 0 934.5102 166.65364 977.389 178.2001 0.5 0.5 0.5 0.5 0.5 0.5 0.5 0.6219912 
Car 0.5 3 0 1086.8854 167.75043 1124.4563 180.68387 0.5 0.5 0.5 0.5 0.5 0.5 0.5 0.58771706 
