Car 0.5 3 0 558.2333 172.73882 603.35 192.04352 0.5 0.5 0.5 0.5 0.5 0.5 0.5 0.99205875 
Car 0.5 3 0 114.07274 176.48242 212.30801 205.78178 0.5 0.5 0.5 0.5 0.5 0.5 0.5 0.982637 
Car 0.5 3 0 421.08508 172.71463 472.16953 195.66786 0.5 0.5 0.5 0.5 0.5 0.5 0.5 0.9609463 
Car 0.5 3 0 702.207 167.53268 737.528 183.7729 0.5 0.5 0.5 0.5 0.5 0.5 0.5 0.89236486 
Car 0.5 3 0 269.08414 178.0159 337.10614 195.60866 0.5 0.5 0.5 0.5 0.5 0.5 0.5 0.88682455 
Car 0.5 3 0 597.49164 171.51639 622.68774 186.91655 0.5 0.5 0.5 0.5 0.5 0.5 0.5 0.85943896 
Car 0.5 3 0 760.0572 166.551 832.4 184.87466 0.5 0.5 0.5 0.5 0.5 0.5 0.5 0.8554735 
Car 0.5 3 0 1019.74567 159.88043 1061.0315 170.9858 0.5 0.5 0.5 0.5 0.5 0.5 0.5 0.8548286 
Car 0.5 3 0 758.0983 170.16205 787.9356 185.8763 0.5 0.5 0.5 0.5 0.5 0.5 0.5 0.70281297 
Car 0.5 3 0 103.23995 175.37349 144.73337 199.79874 0.5 0.5 0.5 0.5 0.5 0.5 0.5 0.68377507 
Car 0.5 3 0 880.74945 153.603 901.8787 176.74821 0.5 0.5 0.5 0.5 0.5 0.5 0.5 0.66908616 
Car 0.5 3 0 476.48303 174.5329 500.63132 194.78305 0.5 0.5 0.5 0.5 0.5 0.5 0.5 0.660316 
Car 0.5 3 0 106.13682 174.40936 171.26094 203.072 0.5 0.5 0.5 0.5 0.5 0.5 0.5 0.5342941 
