Car 0.5 3 0 618.9355 172.64922 692.33887 223.44891 0.5 0.5 0.5 0.5 0.5 0.5 0.5 0.9946109 
Car 0.5 3 0 451.45993 177.39737 562.9047 234.75285 0.5 0.5 0.5 0.5 0.5 0.5 0.5 0.99207157 
Car 0.5 3 0 1165.6832 155.86311 1196.2448 178.6694 0.5 0.5 0.5 0.5 0.5 0.5 0.5 0.9851091 
Car 0.5 3 0 1195.0596 153.85379 1240.7588 175.16217 0.5 0.5 0.5 0.5 0.5 0.5 0.5 0.9720622 
Car 0.5 3 0 435.817 182.12276 470.1227 212.73376 0.5 0.5 0.5 0.5 0.5 0.5 0.5 0.9713438 
Car 0.5 3 0 1038.8314 158.65407 1070.1746 177.77399 0.5 0.5 0.5 0.5 0.5 0.5 0.5 0.96901447 
Car 0.5 3 0 679.3003 172.23611 703.46747 191.45488 0.5 0.5 0.5 0.5 0.5 0.5 0.5 0.9606537 
Car 0.5 3 0 1130.8225 156.74512 1168.174 177.56912 0.5 0.5 0.5 0.5 0.5 0.5 0.5 0.9599127 
Car 0.5 3 0 717.10565 170.04416 744.135 193.71265 0.5 0.5 0.5 0.5 0.5 0.5 0.5 0.94959486 
Car 0.5 3 0 823.8839 159.60474 874.439 173.54614 0.5 0.5 0.5 0.5 0.5 0.5 0.5 0.9115283 
Car 0.5 3 0 885.48035 158.9468 918.4207 174.25475 0.5 0.5 0.5 0.5 0.5 0.5 0.5 0.9000635 
Car 0.5 3 0 821.529 160.70935 842.37024 172.56879 0.5 0.5 0.5 0.5 0.5 0.5 0.5 0.89961314 
Car 0.5 3 0 1098.7347 158.70233 1132.5796 177.96169 0.5 0.5 0.5 0.5 0.5 0.5 0.5 0.88149565 
Car 0.5 3 0 1013.05634 159.48756 1040.6147 175.92996 0.5 0.5 0.5 0.5 0.5 0.5 0.5 0.88093716 
Car 0.5 3 0 788.24927 159.07979 821.5329 173.03282 0.5 0.5 0.5 0.5 0.5 0.5 0.5 0.7739808 
Car 0.5 3 0 354.10754 182.04442 383.5943 198.90344 0.5 0.5 0.5 0.5 0.5 0.5 0.5 0.6692705 
Car 0.5 3 0 853.96704 160.02133 884.6418 172.63101 0.5 0.5 0.5 0.5 0.5 0.5 0.5 0.63844323 
