Car 0.5 3 0 348.99057 182.67537 420.48248 219.95949 0.5 0.5 0.5 0.5 0.5 0.5 0.5 0.99657565 
Car 0.5 3 0 556.1125 167.56345 662.3695 244.04895 0.5 0.5 0.5 0.5 0.5 0.5 0.5 0.9917042 
Car 0.5 3 0 1164.2511 155.59247 1195.4296 178.55193 0.5 0.5 0.5 0.5 0.5 0.5 0.5 0.98385817 
Car 0.5 3 0 481.43582 180.65579 519.63995 206.43187 0.5 0.5 0.5 0.5 0.5 0.5 0.5 0.9802713 
Car 0.5 3 0 1038.9008 158.69084 1070.306 177.88805 0.5 0.5 0.5 0.5 0.5 0.5 0.5 0.97045463 
Car 0.5 3 0 1195.6354 154.08992 1238.3745 175.08665 0.5 0.5 0.5 0.5 0.5 0.5 0.5 0.9602342 
Car 0.5 3 0 1131.0681 156.0349 1168.5872 177.42104 0.5 0.5 0.5 0.5 0.5 0.5 0.5 0.9539497 
Car 0.5 3 0 704.76337 171.55403 721.0103 183.6368 0.5 0.5 0.5 0.5 0.5 0.5 0.5 0.9425067 
Car 0.5 3 0 534.1695 179.89948 556.02997 196.43932 0.5 0.5 0.5 0.5 0.5 0.5 0.5 0.9326066 
Car 0.5 3 0 684.34174 172.42946 705.3461 189.36807 0.5 0.5 0.5 0.5 0.5 0.5 0.5 0.91777587 
Car 0.5 3 0 824.0108 159.5883 875.0212 173.4936 0.5 0.5 0.5 0.5 0.5 0.5 0.5 0.91384804 
Car 0.5 3 0 885.591 158.95633 918.63116 174.20985 0.5 0.5 0.5 0.5 0.5 0.5 0.5 0.8974835 
Car 0.5 3 0 726.4438 170.88858 745.9724 187.23003 0.5 0.5 0.5 0.5 0.5 0.5 0.5 0.8941067 
Car 0.5 3 0 0.42574888 210.62424 12.849578 264.6032 0.5 0.5 0.5 0.5 0.5 0.5 0.5 0.8879183 
Car 0.5 3 0 821.54785 160.60983 842.97375 172.60318 0.5 0.5 0.5 0.5 0.5 0.5 0.5 0.878274 
Car 0.5 3 0 1013.1766 159.50488 1040.3585 176.04697 0.5 0.5 0.5 0.5 0.5 0.5 0.5 0.871797 
Car 0.5 3 0 1097.809 158.40646 1133.565 178.14539 0.5 0.5 0.5 0.5 0.5 0.5 0.5 0.868889 
Car 0.5 3 0 788.04144 159.14473 822.12476 173.5012 0.5 0.5 0.5 0.5 0.5 0.5 0.5 0.83744 
Car 0.5 3 0 291.21036 192.98825 311.22574 207.3101 0.5 0.5 0.5 0.5 0.5 0.5 0.5 0.7323494 
Car 0.5 3 0 668.80524 174.7963 684.9889 189.9785 0.5 0.5 0.5 0.5 0.5 0.5 0.5 0.71132416 
Car 0.5 3 0 854.0432 160.00932 884.4349 172.73364 0.5 0.5 0.5 0.5 0.5 0.5 0.5 0.69220895 
Car 0.5 3 0 803.19226 159.4842 821.5992 172.77199 0.5 0.5 0.5 0.5 0.5 0.5 0.5 0.6357645 
Car 0.5 3 0 328.5221 178.86955 354.72955 199.44418 0.5 0.5 0.5 0.5 0.5 0.5 0.5 0.62214977 
Car 0.5 3 0 473.48758 174.82147 491.82846 189.877 0.5 0.5 0.5 0.5 0.5 0.5 0.5 0.6166469 
Car 0.5 3 0 290.51163 191.26152 326.01648 208.32893 0.5 0.5 0.5 0.5 0.5 0.5 0.5 0.56880045 
Pedestrian 0.5 3 0 154.45955 198.53415 169.04724 241.94073 0.5 0.5 0.5 0.5 0.5 0.5 0.5 0.5479685 
