Car 0.5 3 0 413.39734 181.93738 471.8216 213.06044 0.5 0.5 0.5 0.5 0.5 0.5 0.5 0.9940003 
Car 0.5 3 0 608.1619 173.37366 684.6897 223.25667 0.5 0.5 0.5 0.5 0.5 0.5 0.5 0.9927717 
Car 0.5 3 0 210.29945 187.71393 336.64578 234.55063 0.5 0.5 0.5 0.5 0.5 0.5 0.5 0.98460937 
Car 0.5 3 0 1165.4258 155.8386 1196.395 178.98561 0.5 0.5 0.5 0.5 0.5 0.5 0.5 0.98394793 
Car 0.5 3 0 680.60803 170.92715 700.16187 192.71739 0.5 0.5 0.5 0.5 0.5 0.5 0.5 0.9734553 
Car 0.5 3 0 1038.9203 158.63873 1070.4874 177.77791 0.5 0.5 0.5 0.5 0.5 0.5 0.5 0.96711683 
Car 0.5 3 0 1130.8761 156.8245 1167.977 177.35979 0.5 0.5 0.5 0.5 0.5 0.5 0.5 0.95989436 
Car 0.5 3 0 1195.8159 154.09329 1238.0226 175.09488 0.5 0.5 0.5 0.5 0.5 0.5 0.5 0.95868987 
Car 0.5 3 0 533.63837 172.08069 560.1714 195.6124 0.5 0.5 0.5 0.5 0.5 0.5 0.5 0.9569221 
Car 0.5 3 0 496.26376 172.3847 536.4155 202.4556 0.5 0.5 0.5 0.5 0.5 0.5 0.5 0.9417034 
Car 0.5 3 0 824.12555 159.66371 874.4368 173.30385 0.5 0.5 0.5 0.5 0.5 0.5 0.5 0.91035974 
Car 0.5 3 0 885.4956 158.97375 918.2302 174.25061 0.5 0.5 0.5 0.5 0.5 0.5 0.5 0.9090749 
Car 0.5 3 0 472.34055 174.83342 494.15872 192.77261 0.5 0.5 0.5 0.5 0.5 0.5 0.5 0.90328664 
Car 0.5 3 0 821.56354 160.59833 842.8763 172.41429 0.5 0.5 0.5 0.5 0.5 0.5 0.5 0.8856283 
Car 0.5 3 0 1012.9768 159.40228 1040.5463 176.0571 0.5 0.5 0.5 0.5 0.5 0.5 0.5 0.8800233 
Car 0.5 3 0 1097.4177 158.63222 1133.4619 178.01999 0.5 0.5 0.5 0.5 0.5 0.5 0.5 0.8772465 
Car 0.5 3 0 788.1506 159.03735 821.16614 173.16411 0.5 0.5 0.5 0.5 0.5 0.5 0.5 0.76089954 
Car 0.5 3 0 854.1699 160.09459 884.6703 172.6849 0.5 0.5 0.5 0.5 0.5 0.5 0.5 0.69527143 
Pedestrian 0.5 3 0 154.06514 198.2168 169.06923 242.14261 0.5 0.5 0.5 0.5 0.5 0.5 0.5 0.64890265 
Car 0.5 3 0 726.63257 165.21527 753.52484 190.98793 0.5 0.5 0.5 0.5 0.5 0.5 0.5 0.62509364 
Car 0.5 3 0 803.2263 159.36319 821.0718 172.30171 0.5 0.5 0.5 0.5 0.5 0.5 0.5 0.6187467 
