Car 0.5 3 0 716.72833 169.00745 745.0928 193.11809 0.5 0.5 0.5 0.5 0.5 0.5 0.5 0.9869723 
Car 0.5 3 0 99.91117 191.35211 271.6927 248.60564 0.5 0.5 0.5 0.5 0.5 0.5 0.5 0.9859924 
Car 0.5 3 0 1165.5674 155.93872 1196.3279 178.7591 0.5 0.5 0.5 0.5 0.5 0.5 0.5 0.9840131 
Car 0.5 3 0 1038.7882 158.6879 1070.3938 177.80565 0.5 0.5 0.5 0.5 0.5 0.5 0.5 0.9696414 
Car 0.5 3 0 1195.8269 154.24582 1238.2822 175.0622 0.5 0.5 0.5 0.5 0.5 0.5 0.5 0.95776165 
Car 0.5 3 0 1130.9092 156.46216 1168.1771 177.44743 0.5 0.5 0.5 0.5 0.5 0.5 0.5 0.9546918 
Car 0.5 3 0 824.0577 159.6054 875.02045 173.41936 0.5 0.5 0.5 0.5 0.5 0.5 0.5 0.9128637 
Car 0.5 3 0 885.54645 158.98743 917.89734 174.16713 0.5 0.5 0.5 0.5 0.5 0.5 0.5 0.90011275 
Car 0.5 3 0 821.68463 160.62555 842.6461 172.33722 0.5 0.5 0.5 0.5 0.5 0.5 0.5 0.88789 
Car 0.5 3 0 1097.7695 158.53517 1134.2637 177.89275 0.5 0.5 0.5 0.5 0.5 0.5 0.5 0.87774456 
Car 0.5 3 0 1013.0413 159.45193 1039.9503 175.66821 0.5 0.5 0.5 0.5 0.5 0.5 0.5 0.85797864 
Car 0.5 3 0 368.7549 170.4923 450.40445 217.37616 0.5 0.5 0.5 0.5 0.5 0.5 0.5 0.8442006 
Car 0.5 3 0 788.685 159.08894 821.2721 172.94475 0.5 0.5 0.5 0.5 0.5 0.5 0.5 0.7987793 
Car 0.5 3 0 291.1247 192.9128 310.96957 207.49467 0.5 0.5 0.5 0.5 0.5 0.5 0.5 0.7282203 
Car 0.5 3 0 487.04822 167.70953 532.9222 205.31186 0.5 0.5 0.5 0.5 0.5 0.5 0.5 0.70678073 
Car 0.5 3 0 854.0443 160.06863 884.4346 172.83076 0.5 0.5 0.5 0.5 0.5 0.5 0.5 0.683483 
Car 0.5 3 0 350.518 183.15579 378.2325 203.86148 0.5 0.5 0.5 0.5 0.5 0.5 0.5 0.6727684 
Car 0.5 3 0 684.6861 157.89523 710.7369 190.98462 0.5 0.5 0.5 0.5 0.5 0.5 0.5 0.65380543 
Car 0.5 3 0 473.83823 174.80922 491.65076 191.86836 0.5 0.5 0.5 0.5 0.5 0.5 0.5 0.64595956 
Car 0.5 3 0 1141.3936 154.92508 1191.3623 178.36511 0.5 0.5 0.5 0.5 0.5 0.5 0.5 0.5722553 
Car 0.5 3 0 290.2518 191.157 326.11066 208.17548 0.5 0.5 0.5 0.5 0.5 0.5 0.5 0.50284594 
Car 0.5 3 0 327.81543 178.18167 360.1675 196.87375 0.5 0.5 0.5 0.5 0.5 0.5 0.5 0.5022544 
