Car 0.5 3 0 395.69717 184.58447 512.1892 240.3357 0.5 0.5 0.5 0.5 0.5 0.5 0.5 0.99661404 
Car 0.5 3 0 608.4751 174.65417 673.71606 207.11018 0.5 0.5 0.5 0.5 0.5 0.5 0.5 0.981616 
Car 0.5 3 0 732.442 171.24603 752.1869 184.8725 0.5 0.5 0.5 0.5 0.5 0.5 0.5 0.9735927 
Car 0.5 3 0 1138.4773 152.56476 1171.3156 171.75508 0.5 0.5 0.5 0.5 0.5 0.5 0.5 0.97159123 
Car 0.5 3 0 1170.6705 151.76971 1219.4111 169.69696 0.5 0.5 0.5 0.5 0.5 0.5 0.5 0.9431205 
Car 0.5 3 0 794.3707 159.52147 825.76544 172.78958 0.5 0.5 0.5 0.5 0.5 0.5 0.5 0.9365312 
Car 0.5 3 0 1026.7389 156.94244 1057.3486 173.97418 0.5 0.5 0.5 0.5 0.5 0.5 0.5 0.93188614 
Car 0.5 3 0 1109.7877 153.92392 1142.8779 174.44092 0.5 0.5 0.5 0.5 0.5 0.5 0.5 0.9293488 
Car 0.5 3 0 1004.9153 157.07394 1029.6155 172.92201 0.5 0.5 0.5 0.5 0.5 0.5 0.5 0.9190115 
Car 0.5 3 0 1216.821 153.46767 1241.7997 167.58777 0.5 0.5 0.5 0.5 0.5 0.5 0.5 0.9125994 
Car 0.5 3 0 512.06555 179.67159 538.69604 202.5204 0.5 0.5 0.5 0.5 0.5 0.5 0.5 0.8861153 
Car 0.5 3 0 1080.9391 156.58116 1111.9622 174.25523 0.5 0.5 0.5 0.5 0.5 0.5 0.5 0.8745753 
Car 0.5 3 0 829.5507 159.22514 873.7498 172.23364 0.5 0.5 0.5 0.5 0.5 0.5 0.5 0.8520959 
Car 0.5 3 0 717.1878 170.09544 733.7074 183.88025 0.5 0.5 0.5 0.5 0.5 0.5 0.5 0.8171341 
Car 0.5 3 0 686.6138 172.2939 710.8567 191.17595 0.5 0.5 0.5 0.5 0.5 0.5 0.5 0.8082782 
Car 0.5 3 0 537.15234 170.52074 572.5618 199.15402 0.5 0.5 0.5 0.5 0.5 0.5 0.5 0.7962366 
Car 0.5 3 0 827.7456 160.40253 847.3983 172.21635 0.5 0.5 0.5 0.5 0.5 0.5 0.5 0.7909014 
Car 0.5 3 0 848.3553 159.60915 878.1264 171.77783 0.5 0.5 0.5 0.5 0.5 0.5 0.5 0.7288399 
Car 0.5 3 0 489.73666 177.70068 514.3183 193.85051 0.5 0.5 0.5 0.5 0.5 0.5 0.5 0.7098693 
Car 0.5 3 0 895.84033 157.51051 911.8466 171.12181 0.5 0.5 0.5 0.5 0.5 0.5 0.5 0.67532307 
Car 0.5 3 0 379.7358 185.08818 404.4783 207.1504 0.5 0.5 0.5 0.5 0.5 0.5 0.5 0.652169 
Car 0.5 3 0 897.9215 158.19768 924.1016 171.8006 0.5 0.5 0.5 0.5 0.5 0.5 0.5 0.5847934 
Car 0.5 3 0 700.1329 168.43416 717.2877 186.93797 0.5 0.5 0.5 0.5 0.5 0.5 0.5 0.5695213 
Car 0.5 3 0 406.70303 179.42046 456.58798 193.46535 0.5 0.5 0.5 0.5 0.5 0.5 0.5 0.54159534 
Car 0.5 3 0 356.361 180.7903 379.29358 201.3549 0.5 0.5 0.5 0.5 0.5 0.5 0.5 0.51196337 
