Car 0.5 3 0 1164.8333 157.96591 1197.0449 179.10631 0.5 0.5 0.5 0.5 0.5 0.5 0.5 0.9860175 
Car 0.5 3 0 1039.0422 161.3419 1070.0115 180.06601 0.5 0.5 0.5 0.5 0.5 0.5 0.5 0.97525716 
Car 0.5 3 0 1196.3157 157.39874 1236.3767 177.82 0.5 0.5 0.5 0.5 0.5 0.5 0.5 0.9660271 
Car 0.5 3 0 1130.8767 159.15298 1167.5168 179.21948 0.5 0.5 0.5 0.5 0.5 0.5 0.5 0.9623791 
Car 0.5 3 0 728.4434 171.87856 747.8515 189.49748 0.5 0.5 0.5 0.5 0.5 0.5 0.5 0.9211045 
Car 0.5 3 0 1013.4971 161.64894 1041.7743 178.38751 0.5 0.5 0.5 0.5 0.5 0.5 0.5 0.9158236 
Car 0.5 3 0 713.0984 171.75465 730.62274 186.14406 0.5 0.5 0.5 0.5 0.5 0.5 0.5 0.9020948 
Car 0.5 3 0 354.4436 165.31511 449.69693 221.55667 0.5 0.5 0.5 0.5 0.5 0.5 0.5 0.86989474 
Car 0.5 3 0 678.3613 175.07484 692.62415 189.20705 0.5 0.5 0.5 0.5 0.5 0.5 0.5 0.8697964 
Car 0.5 3 0 885.1787 160.30283 913.51105 175.81815 0.5 0.5 0.5 0.5 0.5 0.5 0.5 0.85461044 
Car 0.5 3 0 1098.4779 160.67773 1134.4368 179.5195 0.5 0.5 0.5 0.5 0.5 0.5 0.5 0.8313364 
Car 0.5 3 0 821.0887 162.82622 851.1009 175.47774 0.5 0.5 0.5 0.5 0.5 0.5 0.5 0.8146056 
Car 0.5 3 0 833.21625 163.51006 853.1259 174.33183 0.5 0.5 0.5 0.5 0.5 0.5 0.5 0.7331204 
Car 0.5 3 0 0.0 155.53255 406.32956 363.95895 0.5 0.5 0.5 0.5 0.5 0.5 0.5 0.72930694 
Car 0.5 3 0 826.11005 161.66461 871.36646 174.41554 0.5 0.5 0.5 0.5 0.5 0.5 0.5 0.7011779 
Car 0.5 3 0 854.9957 162.70294 885.38556 175.14452 0.5 0.5 0.5 0.5 0.5 0.5 0.5 0.58848697 
Car 0.5 3 0 803.70966 161.386 818.6569 173.0013 0.5 0.5 0.5 0.5 0.5 0.5 0.5 0.5444494 
Car 0.5 3 0 474.30136 176.49283 504.08755 193.60973 0.5 0.5 0.5 0.5 0.5 0.5 0.5 0.53434104 
Car 0.5 3 0 487.8793 179.42896 509.4394 194.7331 0.5 0.5 0.5 0.5 0.5 0.5 0.5 0.5327127 
Car 0.5 3 0 788.8952 161.54083 817.87524 173.90591 0.5 0.5 0.5 0.5 0.5 0.5 0.5 0.5068903 
