Car 0.5 3 0 326.07162 179.64182 376.55295 206.2489 0.5 0.5 0.5 0.5 0.5 0.5 0.5 0.9820232 
Pedestrian 0.5 3 0 810.8228 158.58377 829.10474 209.81837 0.5 0.5 0.5 0.5 0.5 0.5 0.5 0.9516734 
Car 0.5 3 0 362.4588 172.03957 414.01614 197.65631 0.5 0.5 0.5 0.5 0.5 0.5 0.5 0.90218574 
Car 0.5 3 0 722.59686 167.89238 747.9525 183.18756 0.5 0.5 0.5 0.5 0.5 0.5 0.5 0.87587976 
Pedestrian 0.5 3 0 637.1001 170.92717 649.3931 201.75943 0.5 0.5 0.5 0.5 0.5 0.5 0.5 0.85543835 
Car 0.5 3 0 674.4965 168.54912 698.04236 190.40706 0.5 0.5 0.5 0.5 0.5 0.5 0.5 0.82358575 
Car 0.5 3 0 426.76062 179.07292 449.46683 190.60042 0.5 0.5 0.5 0.5 0.5 0.5 0.5 0.8030863 
Car 0.5 3 0 333.79025 173.85864 401.15027 199.68207 0.5 0.5 0.5 0.5 0.5 0.5 0.5 0.7838159 
Car 0.5 3 0 250.3016 179.54684 340.92987 215.20709 0.5 0.5 0.5 0.5 0.5 0.5 0.5 0.7378969 
Pedestrian 0.5 3 0 657.8656 170.82672 675.7108 226.35289 0.5 0.5 0.5 0.5 0.5 0.5 0.5 0.6295441 
Car 0.5 3 0 392.48438 175.34673 416.7836 195.98584 0.5 0.5 0.5 0.5 0.5 0.5 0.5 0.5920681 
