Car 0.5 3 0 339.5464 183.85078 410.46143 221.29085 0.5 0.5 0.5 0.5 0.5 0.5 0.5 0.9927348 
Car 0.5 3 0 620.0993 172.16672 668.7719 203.80193 0.5 0.5 0.5 0.5 0.5 0.5 0.5 0.98570234 
Car 0.5 3 0 710.9654 171.00835 743.4423 197.12119 0.5 0.5 0.5 0.5 0.5 0.5 0.5 0.98471314 
Car 0.5 3 0 1165.0674 155.6592 1198.5187 177.27623 0.5 0.5 0.5 0.5 0.5 0.5 0.5 0.98196113 
Car 0.5 3 0 1038.9758 158.69171 1069.9678 177.78236 0.5 0.5 0.5 0.5 0.5 0.5 0.5 0.9718535 
Car 0.5 3 0 483.09448 179.73973 518.8321 205.7106 0.5 0.5 0.5 0.5 0.5 0.5 0.5 0.97031087 
Car 0.5 3 0 1195.5435 153.94621 1238.7823 175.2251 0.5 0.5 0.5 0.5 0.5 0.5 0.5 0.9607978 
Car 0.5 3 0 1130.9651 156.7057 1168.3877 177.20705 0.5 0.5 0.5 0.5 0.5 0.5 0.5 0.95819354 
Car 0.5 3 0 531.8864 178.87865 555.9343 196.6699 0.5 0.5 0.5 0.5 0.5 0.5 0.5 0.9179499 
Car 0.5 3 0 686.8514 172.2621 708.2206 189.563 0.5 0.5 0.5 0.5 0.5 0.5 0.5 0.91676754 
Car 0.5 3 0 885.5567 158.87553 917.9515 174.26662 0.5 0.5 0.5 0.5 0.5 0.5 0.5 0.9073975 
Car 0.5 3 0 821.56885 160.61057 842.5673 172.45322 0.5 0.5 0.5 0.5 0.5 0.5 0.5 0.90343255 
Car 0.5 3 0 1013.33374 159.64969 1040.1099 175.83548 0.5 0.5 0.5 0.5 0.5 0.5 0.5 0.87227595 
Car 0.5 3 0 1097.5297 158.74174 1132.9583 178.09277 0.5 0.5 0.5 0.5 0.5 0.5 0.5 0.8625518 
Car 0.5 3 0 833.5311 159.74806 879.0253 172.73392 0.5 0.5 0.5 0.5 0.5 0.5 0.5 0.83729696 
Car 0.5 3 0 737.0154 171.58807 748.2138 187.9195 0.5 0.5 0.5 0.5 0.5 0.5 0.5 0.8285862 
Car 0.5 3 0 291.30347 193.0986 310.81787 207.12672 0.5 0.5 0.5 0.5 0.5 0.5 0.5 0.8063673 
Car 0.5 3 0 787.75275 158.95718 821.78406 173.40239 0.5 0.5 0.5 0.5 0.5 0.5 0.5 0.73904705 
Car 0.5 3 0 854.39813 160.0325 884.7559 172.7979 0.5 0.5 0.5 0.5 0.5 0.5 0.5 0.6899632 
Car 0.5 3 0 803.9186 159.34218 822.1322 172.68784 0.5 0.5 0.5 0.5 0.5 0.5 0.5 0.6347502 
Car 0.5 3 0 670.1093 173.5049 686.33923 185.55977 0.5 0.5 0.5 0.5 0.5 0.5 0.5 0.58598894 
Car 0.5 3 0 328.90027 178.52318 355.8875 198.31311 0.5 0.5 0.5 0.5 0.5 0.5 0.5 0.584606 
Car 0.5 3 0 472.54422 174.9914 490.77817 189.93564 0.5 0.5 0.5 0.5 0.5 0.5 0.5 0.5674964 
Car 0.5 3 0 290.76248 191.43279 325.0455 207.90259 0.5 0.5 0.5 0.5 0.5 0.5 0.5 0.53751117 
