Car 0.5 3 0 432.8606 182.16481 465.07156 208.5059 0.5 0.5 0.5 0.5 0.5 0.5 0.5 0.9872018 
Car 0.5 3 0 887.429 158.57495 924.4908 186.84482 0.5 0.5 0.5 0.5 0.5 0.5 0.5 0.98619324 
Car 0.5 3 0 1018.9809 152.28188 1136.8499 196.1996 0.5 0.5 0.5 0.5 0.5 0.5 0.5 0.9839864 
Car 0.5 3 0 771.10803 160.30925 813.425 186.22038 0.5 0.5 0.5 0.5 0.5 0.5 0.5 0.9639714 
Car 0.5 3 0 794.7658 159.49278 849.80414 186.24812 0.5 0.5 0.5 0.5 0.5 0.5 0.5 0.96111333 
Car 0.5 3 0 1191.1307 152.62482 1240.5845 205.32477 0.5 0.5 0.5 0.5 0.5 0.5 0.5 0.9539358 
Car 0.5 3 0 912.0725 157.21924 971.0904 190.75633 0.5 0.5 0.5 0.5 0.5 0.5 0.5 0.9403021 
Car 0.5 3 0 726.115 160.08076 762.6487 183.3566 0.5 0.5 0.5 0.5 0.5 0.5 0.5 0.9300395 
Car 0.5 3 0 749.9657 159.30077 785.36847 183.80106 0.5 0.5 0.5 0.5 0.5 0.5 0.5 0.92509747 
Car 0.5 3 0 983.171 155.84192 1025.104 182.52649 0.5 0.5 0.5 0.5 0.5 0.5 0.5 0.9195726 
Car 0.5 3 0 733.6151 159.7218 810.1828 185.33234 0.5 0.5 0.5 0.5 0.5 0.5 0.5 0.8818946 
Car 0.5 3 0 419.4554 181.10884 439.3939 198.92513 0.5 0.5 0.5 0.5 0.5 0.5 0.5 0.81193703 
Car 0.5 3 0 656.68445 157.50185 701.06476 182.54947 0.5 0.5 0.5 0.5 0.5 0.5 0.5 0.7806501 
Car 0.5 3 0 377.9907 177.29057 396.10522 190.23706 0.5 0.5 0.5 0.5 0.5 0.5 0.5 0.76989615 
Car 0.5 3 0 845.8733 165.58301 868.62604 185.783 0.5 0.5 0.5 0.5 0.5 0.5 0.5 0.60193586 
Car 0.5 3 0 684.1939 159.45897 714.90857 182.5296 0.5 0.5 0.5 0.5 0.5 0.5 0.5 0.5419961 
Car 0.5 3 0 486.49313 171.38203 523.3379 206.10153 0.5 0.5 0.5 0.5 0.5 0.5 0.5 0.5006291 
