Car 0.5 3 0 1.0899907 208.25821 205.06004 333.50497 0.5 0.5 0.5 0.5 0.5 0.5 0.5 0.9977017 
Car 0.5 3 0 1165.0795 156.61964 1197.598 179.25902 0.5 0.5 0.5 0.5 0.5 0.5 0.5 0.98892736 
Car 0.5 3 0 1040.2502 161.14473 1067.5597 178.64258 0.5 0.5 0.5 0.5 0.5 0.5 0.5 0.9669602 
Car 0.5 3 0 1195.0764 157.3677 1237.4775 177.13086 0.5 0.5 0.5 0.5 0.5 0.5 0.5 0.9668888 
Car 0.5 3 0 1131.2798 157.99728 1167.9313 178.82599 0.5 0.5 0.5 0.5 0.5 0.5 0.5 0.9548663 
Car 0.5 3 0 110.27075 171.95787 277.2515 244.27904 0.5 0.5 0.5 0.5 0.5 0.5 0.5 0.95008004 
Car 0.5 3 0 729.0405 172.74669 749.76434 189.95863 0.5 0.5 0.5 0.5 0.5 0.5 0.5 0.916117 
Car 0.5 3 0 822.0253 161.49782 850.61163 174.82321 0.5 0.5 0.5 0.5 0.5 0.5 0.5 0.8925595 
Car 0.5 3 0 1099.0051 161.84059 1130.937 178.82576 0.5 0.5 0.5 0.5 0.5 0.5 0.5 0.89140457 
Car 0.5 3 0 1013.18713 160.55898 1041.1898 177.77766 0.5 0.5 0.5 0.5 0.5 0.5 0.5 0.8786566 
Car 0.5 3 0 885.8079 159.97571 917.4491 175.74843 0.5 0.5 0.5 0.5 0.5 0.5 0.5 0.85455084 
Car 0.5 3 0 825.3226 160.8726 872.72253 174.72446 0.5 0.5 0.5 0.5 0.5 0.5 0.5 0.7957762 
Car 0.5 3 0 290.60132 194.12086 309.91583 209.24513 0.5 0.5 0.5 0.5 0.5 0.5 0.5 0.7215108 
Car 0.5 3 0 393.12393 166.56274 471.1329 218.0781 0.5 0.5 0.5 0.5 0.5 0.5 0.5 0.71586967 
Car 0.5 3 0 486.79434 176.81348 509.69904 193.78128 0.5 0.5 0.5 0.5 0.5 0.5 0.5 0.68292814 
Car 0.5 3 0 855.1252 161.15388 884.07385 174.87451 0.5 0.5 0.5 0.5 0.5 0.5 0.5 0.67958087 
Car 0.5 3 0 652.82324 173.91379 672.44415 185.23946 0.5 0.5 0.5 0.5 0.5 0.5 0.5 0.6764859 
Car 0.5 3 0 472.3371 177.1966 490.75327 192.33836 0.5 0.5 0.5 0.5 0.5 0.5 0.5 0.6760485 
Car 0.5 3 0 717.8481 170.65195 735.0724 184.38713 0.5 0.5 0.5 0.5 0.5 0.5 0.5 0.65560514 
Car 0.5 3 0 352.2496 183.74902 386.90854 203.52208 0.5 0.5 0.5 0.5 0.5 0.5 0.5 0.5998999 
Car 0.5 3 0 802.30725 160.69714 821.36914 173.6149 0.5 0.5 0.5 0.5 0.5 0.5 0.5 0.5756507 
Car 0.5 3 0 329.0727 180.64732 352.87442 200.33372 0.5 0.5 0.5 0.5 0.5 0.5 0.5 0.5260455 
Car 0.5 3 0 834.1889 161.66765 859.69556 172.88893 0.5 0.5 0.5 0.5 0.5 0.5 0.5 0.5229948 
