Pedestrian 0.5 3 0 320.96857 174.2009 343.1809 229.36102 0.5 0.5 0.5 0.5 0.5 0.5 0.5 0.9351521 
Car 0.5 3 0 607.76984 171.44849 628.34564 179.90167 0.5 0.5 0.5 0.5 0.5 0.5 0.5 0.9265353 
Car 0.5 3 0 0.7824177 176.02364 42.49479 194.71164 0.5 0.5 0.5 0.5 0.5 0.5 0.5 0.8265882 
Pedestrian 0.5 3 0 406.22543 166.27812 425.15524 219.66112 0.5 0.5 0.5 0.5 0.5 0.5 0.5 0.82402635 
Pedestrian 0.5 3 0 436.57864 162.03319 471.9456 218.9528 0.5 0.5 0.5 0.5 0.5 0.5 0.5 0.82057536 
Car 0.5 3 0 675.0727 171.51588 695.98816 180.9766 0.5 0.5 0.5 0.5 0.5 0.5 0.5 0.817268 
Car 0.5 3 0 208.92921 173.94014 258.30243 199.82246 0.5 0.5 0.5 0.5 0.5 0.5 0.5 0.81225634 
Car 0.5 3 0 92.87506 176.55986 142.67595 188.65976 0.5 0.5 0.5 0.5 0.5 0.5 0.5 0.77057 
Pedestrian 0.5 3 0 369.96082 180.41661 385.27835 224.60042 0.5 0.5 0.5 0.5 0.5 0.5 0.5 0.7099218 
Car 0.5 3 0 483.35956 173.43051 507.47168 184.4174 0.5 0.5 0.5 0.5 0.5 0.5 0.5 0.70983666 
Car 0.5 3 0 630.94696 169.5779 656.46265 182.05034 0.5 0.5 0.5 0.5 0.5 0.5 0.5 0.69110304 
Pedestrian 0.5 3 0 493.72775 179.57574 509.6648 212.17538 0.5 0.5 0.5 0.5 0.5 0.5 0.5 0.67682564 
Car 0.5 3 0 568.58496 175.38828 575.31976 184.22176 0.5 0.5 0.5 0.5 0.5 0.5 0.5 0.60483724 
Car 0.5 3 0 655.42145 171.63377 669.6132 181.51512 0.5 0.5 0.5 0.5 0.5 0.5 0.5 0.55730873 
Pedestrian 0.5 3 0 551.1608 177.08444 564.52185 205.66423 0.5 0.5 0.5 0.5 0.5 0.5 0.5 0.53994036 
Pedestrian 0.5 3 0 453.72058 172.10515 473.28696 216.94128 0.5 0.5 0.5 0.5 0.5 0.5 0.5 0.5193334 
