Car 0.5 3 0 751.00555 171.15118 806.4914 218.75255 0.5 0.5 0.5 0.5 0.5 0.5 0.5 0.9558161 
Car 0.5 3 0 316.9721 176.91035 357.58188 204.83727 0.5 0.5 0.5 0.5 0.5 0.5 0.5 0.92951065 
Car 0.5 3 0 190.42795 179.86423 270.67706 219.80078 0.5 0.5 0.5 0.5 0.5 0.5 0.5 0.92415655 
Car 0.5 3 0 22.260468 185.46555 70.39847 203.8 0.5 0.5 0.5 0.5 0.5 0.5 0.5 0.8871925 
Car 0.5 3 0 66.69726 180.65668 224.5716 239.3312 0.5 0.5 0.5 0.5 0.5 0.5 0.5 0.88701713 
Car 0.5 3 0 809.57513 172.76314 876.8055 215.79495 0.5 0.5 0.5 0.5 0.5 0.5 0.5 0.87567604 
Car 0.5 3 0 218.5486 170.0252 325.62094 213.49828 0.5 0.5 0.5 0.5 0.5 0.5 0.5 0.8714126 
Pedestrian 0.5 3 0 699.0106 185.1222 716.7237 232.75299 0.5 0.5 0.5 0.5 0.5 0.5 0.5 0.73115236 
Car 0.5 3 0 386.46506 174.24197 417.85507 187.96574 0.5 0.5 0.5 0.5 0.5 0.5 0.5 0.69250953 
Car 0.5 3 0 694.9875 169.98785 712.2516 179.56564 0.5 0.5 0.5 0.5 0.5 0.5 0.5 0.68727624 
Car 0.5 3 0 370.47128 182.33783 395.49277 193.99988 0.5 0.5 0.5 0.5 0.5 0.5 0.5 0.64372784 
Pedestrian 0.5 3 0 584.5642 167.68176 594.42694 194.83698 0.5 0.5 0.5 0.5 0.5 0.5 0.5 0.56252164 
Car 0.5 3 0 292.79086 172.8742 346.99515 207.3796 0.5 0.5 0.5 0.5 0.5 0.5 0.5 0.5570804 
Car 0.5 3 0 445.5679 176.51895 473.12802 189.56683 0.5 0.5 0.5 0.5 0.5 0.5 0.5 0.5277371 
