Car 0.5 3 0 344.82928 182.50487 425.43475 221.34668 0.5 0.5 0.5 0.5 0.5 0.5 0.5 0.99398166 
Car 0.5 3 0 30.92906 192.12993 225.51265 254.19966 0.5 0.5 0.5 0.5 0.5 0.5 0.5 0.9911293 
Car 0.5 3 0 1165.8257 156.07536 1196.2438 178.49615 0.5 0.5 0.5 0.5 0.5 0.5 0.5 0.9848172 
Car 0.5 3 0 670.7662 171.27853 718.9994 206.90543 0.5 0.5 0.5 0.5 0.5 0.5 0.5 0.9805886 
Car 0.5 3 0 1038.9186 158.69035 1070.322 177.76848 0.5 0.5 0.5 0.5 0.5 0.5 0.5 0.96710914 
Car 0.5 3 0 1195.9098 154.04384 1238.2495 175.21048 0.5 0.5 0.5 0.5 0.5 0.5 0.5 0.9560904 
Car 0.5 3 0 1130.9142 155.56213 1168.9266 177.34235 0.5 0.5 0.5 0.5 0.5 0.5 0.5 0.94653803 
Car 0.5 3 0 521.39886 170.7305 554.9541 198.81277 0.5 0.5 0.5 0.5 0.5 0.5 0.5 0.94030315 
Car 0.5 3 0 824.1472 159.67928 874.3946 173.42152 0.5 0.5 0.5 0.5 0.5 0.5 0.5 0.9034224 
Car 0.5 3 0 885.47595 158.98962 918.1063 174.21274 0.5 0.5 0.5 0.5 0.5 0.5 0.5 0.9000542 
Car 0.5 3 0 822.0996 160.35297 850.79736 173.4809 0.5 0.5 0.5 0.5 0.5 0.5 0.5 0.8909081 
Car 0.5 3 0 1013.1919 159.61658 1040.0591 175.794 0.5 0.5 0.5 0.5 0.5 0.5 0.5 0.87778807 
Car 0.5 3 0 1097.9437 158.24852 1134.7333 177.76712 0.5 0.5 0.5 0.5 0.5 0.5 0.5 0.8647486 
Car 0.5 3 0 467.61575 171.04448 517.9308 205.41498 0.5 0.5 0.5 0.5 0.5 0.5 0.5 0.83103395 
Car 0.5 3 0 788.58844 159.1789 821.3676 172.71306 0.5 0.5 0.5 0.5 0.5 0.5 0.5 0.78829896 
Car 0.5 3 0 658.0211 153.64609 698.1589 194.14023 0.5 0.5 0.5 0.5 0.5 0.5 0.5 0.7358483 
Car 0.5 3 0 854.1156 160.0655 884.7563 172.70958 0.5 0.5 0.5 0.5 0.5 0.5 0.5 0.7020127 
Car 0.5 3 0 1138.0087 154.67218 1190.6516 178.2215 0.5 0.5 0.5 0.5 0.5 0.5 0.5 0.6190325 
Car 0.5 3 0 291.08612 192.97115 311.47626 207.34624 0.5 0.5 0.5 0.5 0.5 0.5 0.5 0.5816855 
Car 0.5 3 0 328.54706 178.84195 353.545 198.48943 0.5 0.5 0.5 0.5 0.5 0.5 0.5 0.533924 
Car 0.5 3 0 290.4789 190.9729 326.93604 208.54399 0.5 0.5 0.5 0.5 0.5 0.5 0.5 0.5011456 
