Car 0.5 3 0 468.8568 180.34816 496.5406 204.44817 0.5 0.5 0.5 0.5 0.5 0.5 0.5 0.97171223 
Car 0.5 3 0 1202.1685 175.83551 1241.3185 216.28177 0.5 0.5 0.5 0.5 0.5 0.5 0.5 0.95635647 
Car 0.5 3 0 794.5282 168.53429 837.64886 192.49734 0.5 0.5 0.5 0.5 0.5 0.5 0.5 0.9548559 
Car 0.5 3 0 1071.6724 177.1005 1117.1726 206.84682 0.5 0.5 0.5 0.5 0.5 0.5 0.5 0.928189 
Car 0.5 3 0 38.49542 173.72842 98.46684 207.94458 0.5 0.5 0.5 0.5 0.5 0.5 0.5 0.9085326 
Car 0.5 3 0 1139.4462 173.5994 1205.2913 216.74628 0.5 0.5 0.5 0.5 0.5 0.5 0.5 0.8915444 
Car 0.5 3 0 871.1064 170.40475 892.68774 189.76138 0.5 0.5 0.5 0.5 0.5 0.5 0.5 0.8912195 
Car 0.5 3 0 737.29065 167.57225 768.51447 186.6025 0.5 0.5 0.5 0.5 0.5 0.5 0.5 0.8424443 
Car 0.5 3 0 703.4457 168.02739 725.8907 185.05617 0.5 0.5 0.5 0.5 0.5 0.5 0.5 0.8423757 
Car 0.5 3 0 718.2919 168.26405 740.2639 186.71904 0.5 0.5 0.5 0.5 0.5 0.5 0.5 0.8123619 
Car 0.5 3 0 684.4215 168.22739 724.40686 187.03773 0.5 0.5 0.5 0.5 0.5 0.5 0.5 0.7993315 
Car 0.5 3 0 778.86957 170.12845 799.3735 186.12663 0.5 0.5 0.5 0.5 0.5 0.5 0.5 0.7686663 
Car 0.5 3 0 629.43304 164.23221 668.95197 184.05693 0.5 0.5 0.5 0.5 0.5 0.5 0.5 0.74717635 
Car 0.5 3 0 412.00092 179.34583 430.1927 191.19058 0.5 0.5 0.5 0.5 0.5 0.5 0.5 0.7427101 
Car 0.5 3 0 753.49396 169.17953 775.73956 188.2675 0.5 0.5 0.5 0.5 0.5 0.5 0.5 0.68534255 
Car 0.5 3 0 713.4149 167.68076 732.475 185.98296 0.5 0.5 0.5 0.5 0.5 0.5 0.5 0.6367377 
Car 0.5 3 0 441.51373 179.94305 459.73465 193.83417 0.5 0.5 0.5 0.5 0.5 0.5 0.5 0.60141605 
Car 0.5 3 0 731.4632 167.23618 755.78687 186.53276 0.5 0.5 0.5 0.5 0.5 0.5 0.5 0.5972067 
