Pedestrian 0.5 3 0 1006.32697 150.6983 1083.3253 311.91275 0.5 0.5 0.5 0.5 0.5 0.5 0.5 0.9945322 
Car 0.5 3 0 1027.8607 175.7969 1237.6974 368.9912 0.5 0.5 0.5 0.5 0.5 0.5 0.5 0.99142843 
Car 0.5 3 0 0.64993906 173.49222 69.85046 225.46326 0.5 0.5 0.5 0.5 0.5 0.5 0.5 0.9767 
Pedestrian 0.5 3 0 1080.2286 167.38911 1130.6808 225.89706 0.5 0.5 0.5 0.5 0.5 0.5 0.5 0.9750737 
Car 0.5 3 0 169.10854 176.73883 213.2708 190.22517 0.5 0.5 0.5 0.5 0.5 0.5 0.5 0.86061215 
Car 0.5 3 0 64.98576 172.20084 140.87143 212.66043 0.5 0.5 0.5 0.5 0.5 0.5 0.5 0.85117 
Car 0.5 3 0 133.38568 177.22118 179.53041 193.25925 0.5 0.5 0.5 0.5 0.5 0.5 0.5 0.76962423 
Pedestrian 0.5 3 0 509.54776 162.574 526.2191 205.73564 0.5 0.5 0.5 0.5 0.5 0.5 0.5 0.76632124 
Car 0.5 3 0 657.4604 167.51527 687.39276 177.96715 0.5 0.5 0.5 0.5 0.5 0.5 0.5 0.761087 
Car 0.5 3 0 180.89453 173.35017 226.67267 189.60788 0.5 0.5 0.5 0.5 0.5 0.5 0.5 0.72800195 
Pedestrian 0.5 3 0 483.57434 166.83359 496.1084 207.55537 0.5 0.5 0.5 0.5 0.5 0.5 0.5 0.7129939 
Car 0.5 3 0 253.28632 169.96869 298.27365 186.8742 0.5 0.5 0.5 0.5 0.5 0.5 0.5 0.70043737 
Car 0.5 3 0 289.65768 176.64966 329.17892 189.87735 0.5 0.5 0.5 0.5 0.5 0.5 0.5 0.67683315 
Car 0.5 3 0 350.83536 171.0948 375.00998 185.29875 0.5 0.5 0.5 0.5 0.5 0.5 0.5 0.61387265 
Car 0.5 3 0 730.06 169.93596 749.186 178.88663 0.5 0.5 0.5 0.5 0.5 0.5 0.5 0.56231755 
