Pedestrian 0.5 3 0 773.64056 162.59947 793.6696 211.7656 0.5 0.5 0.5 0.5 0.5 0.5 0.5 0.971563 
Car 0.5 3 0 360.67993 174.94502 420.14133 199.7539 0.5 0.5 0.5 0.5 0.5 0.5 0.5 0.9449355 
Pedestrian 0.5 3 0 641.2796 177.18915 656.3683 217.80653 0.5 0.5 0.5 0.5 0.5 0.5 0.5 0.9227476 
Car 0.5 3 0 387.58774 175.13837 426.9948 197.11504 0.5 0.5 0.5 0.5 0.5 0.5 0.5 0.8895141 
Pedestrian 0.5 3 0 660.59 175.01566 684.7655 240.5556 0.5 0.5 0.5 0.5 0.5 0.5 0.5 0.842582 
Car 0.5 3 0 429.61618 179.99101 452.51477 192.79031 0.5 0.5 0.5 0.5 0.5 0.5 0.5 0.8336921 
Car 0.5 3 0 359.0809 179.74524 398.52225 202.177 0.5 0.5 0.5 0.5 0.5 0.5 0.5 0.7904122 
Car 0.5 3 0 470.1693 175.01587 489.60934 188.49828 0.5 0.5 0.5 0.5 0.5 0.5 0.5 0.7811431 
Pedestrian 0.5 3 0 630.56647 176.47403 641.1786 202.65735 0.5 0.5 0.5 0.5 0.5 0.5 0.5 0.77524066 
Car 0.5 3 0 573.1745 174.42249 591.54004 188.3791 0.5 0.5 0.5 0.5 0.5 0.5 0.5 0.7193113 
Car 0.5 3 0 662.9149 173.60524 686.33185 192.84947 0.5 0.5 0.5 0.5 0.5 0.5 0.5 0.6950776 
Car 0.5 3 0 406.53186 177.39708 427.88126 196.1231 0.5 0.5 0.5 0.5 0.5 0.5 0.5 0.62637836 
Pedestrian 0.5 3 0 222.34808 197.33357 241.2391 250.88034 0.5 0.5 0.5 0.5 0.5 0.5 0.5 0.5359236 
Car 0.5 3 0 680.97534 168.64359 700.14215 182.89253 0.5 0.5 0.5 0.5 0.5 0.5 0.5 0.5299736 
