Car 0.5 3 0 0.66686094 182.78949 58.24371 202.22913 0.5 0.5 0.5 0.5 0.5 0.5 0.5 0.9373846 
Pedestrian 0.5 3 0 411.5669 167.54512 430.60504 219.65248 0.5 0.5 0.5 0.5 0.5 0.5 0.5 0.91710186 
Car 0.5 3 0 265.7166 178.12866 295.29224 192.257 0.5 0.5 0.5 0.5 0.5 0.5 0.5 0.85009974 
Car 0.5 3 0 645.07837 171.17764 675.9959 181.9501 0.5 0.5 0.5 0.5 0.5 0.5 0.5 0.72567904 
Car 0.5 3 0 1036.033 126.854225 1239.1107 352.26288 0.5 0.5 0.5 0.5 0.5 0.5 0.5 0.6942216 
Car 0.5 3 0 188.92578 173.24582 221.87126 189.45981 0.5 0.5 0.5 0.5 0.5 0.5 0.5 0.68891895 
Pedestrian 0.5 3 0 545.1227 177.6612 556.1969 207.32109 0.5 0.5 0.5 0.5 0.5 0.5 0.5 0.6498829 
Car 0.5 3 0 95.37877 178.33192 132.51791 196.06615 0.5 0.5 0.5 0.5 0.5 0.5 0.5 0.5780985 
Pedestrian 0.5 3 0 450.01083 180.29065 461.72556 216.12592 0.5 0.5 0.5 0.5 0.5 0.5 0.5 0.5514183 
Car 0.5 3 0 704.4365 173.48193 725.0843 183.14326 0.5 0.5 0.5 0.5 0.5 0.5 0.5 0.5424275 
Pedestrian 0.5 3 0 589.094 177.75917 603.54315 202.4746 0.5 0.5 0.5 0.5 0.5 0.5 0.5 0.53161025 
Car 0.5 3 0 427.14752 172.43422 460.9047 193.28416 0.5 0.5 0.5 0.5 0.5 0.5 0.5 0.5299233 
Pedestrian 0.5 3 0 514.74945 178.83702 525.7292 209.13348 0.5 0.5 0.5 0.5 0.5 0.5 0.5 0.5280799 
Car 0.5 3 0 33.33667 180.16077 78.29626 198.2838 0.5 0.5 0.5 0.5 0.5 0.5 0.5 0.52723014 
Car 0.5 3 0 217.44664 178.52803 238.34128 191.12999 0.5 0.5 0.5 0.5 0.5 0.5 0.5 0.5234465 
