Pedestrian 0.5 3 0 324.6756 183.07803 344.38037 248.91759 0.5 0.5 0.5 0.5 0.5 0.5 0.5 0.904449 
Pedestrian 0.5 3 0 493.75705 179.9254 507.74625 221.72922 0.5 0.5 0.5 0.5 0.5 0.5 0.5 0.90150326 
Car 0.5 3 0 523.6154 176.09177 572.42896 187.8904 0.5 0.5 0.5 0.5 0.5 0.5 0.5 0.8837312 
Car 0.5 3 0 624.48285 173.2301 662.4809 189.80421 0.5 0.5 0.5 0.5 0.5 0.5 0.5 0.7857107 
Car 0.5 3 0 311.1902 180.82341 346.59695 197.11214 0.5 0.5 0.5 0.5 0.5 0.5 0.5 0.6903985 
Car 0.5 3 0 601.183 174.4069 660.5095 193.00296 0.5 0.5 0.5 0.5 0.5 0.5 0.5 0.5953877 
Car 0.5 3 0 7.1156845 173.514 72.29896 216.12148 0.5 0.5 0.5 0.5 0.5 0.5 0.5 0.58848923 
Car 0.5 3 0 406.373 181.3889 439.08185 208.77885 0.5 0.5 0.5 0.5 0.5 0.5 0.5 0.54891366 
Pedestrian 0.5 3 0 459.3197 180.6847 470.86792 230.74681 0.5 0.5 0.5 0.5 0.5 0.5 0.5 0.5132526 
Car 0.5 3 0 659.5487 170.95581 686.64435 185.83398 0.5 0.5 0.5 0.5 0.5 0.5 0.5 0.5106312 
Car 0.5 3 0 602.4448 175.43198 632.7946 185.28778 0.5 0.5 0.5 0.5 0.5 0.5 0.5 0.50879997 
