Car 0.5 3 0 3.9945762 195.22902 145.95932 261.98438 0.5 0.5 0.5 0.5 0.5 0.5 0.5 0.9946339 
Car 0.5 3 0 723.17035 168.38382 749.01685 190.55154 0.5 0.5 0.5 0.5 0.5 0.5 0.5 0.9841098 
Car 0.5 3 0 1165.9456 156.06892 1198.0826 178.341 0.5 0.5 0.5 0.5 0.5 0.5 0.5 0.9833987 
Car 0.5 3 0 1038.5681 158.5098 1070.2859 177.80257 0.5 0.5 0.5 0.5 0.5 0.5 0.5 0.9683223 
Car 0.5 3 0 289.13785 169.43922 395.7553 226.8131 0.5 0.5 0.5 0.5 0.5 0.5 0.5 0.9622594 
Car 0.5 3 0 1195.713 153.9066 1238.257 175.18489 0.5 0.5 0.5 0.5 0.5 0.5 0.5 0.9559343 
Car 0.5 3 0 1131.0231 155.85674 1168.6156 177.3374 0.5 0.5 0.5 0.5 0.5 0.5 0.5 0.95085603 
Car 0.5 3 0 824.0228 159.63216 874.75226 173.52972 0.5 0.5 0.5 0.5 0.5 0.5 0.5 0.91206425 
Car 0.5 3 0 885.3807 158.96956 916.96606 174.08952 0.5 0.5 0.5 0.5 0.5 0.5 0.5 0.90465844 
Car 0.5 3 0 821.5348 160.71329 842.3591 172.63667 0.5 0.5 0.5 0.5 0.5 0.5 0.5 0.88621 
Car 0.5 3 0 1097.3889 159.00894 1132.5851 178.01804 0.5 0.5 0.5 0.5 0.5 0.5 0.5 0.8770934 
Car 0.5 3 0 1013.13086 159.38745 1040.0023 175.70216 0.5 0.5 0.5 0.5 0.5 0.5 0.5 0.8651897 
Car 0.5 3 0 788.76447 159.16528 821.26404 172.90944 0.5 0.5 0.5 0.5 0.5 0.5 0.5 0.81483823 
Car 0.5 3 0 854.3037 160.11018 884.6378 172.69786 0.5 0.5 0.5 0.5 0.5 0.5 0.5 0.6947042 
Pedestrian 0.5 3 0 152.4114 198.84935 169.41452 242.19519 0.5 0.5 0.5 0.5 0.5 0.5 0.5 0.6597203 
Car 0.5 3 0 710.39923 170.52905 723.2382 182.39891 0.5 0.5 0.5 0.5 0.5 0.5 0.5 0.62446016 
Car 0.5 3 0 123.79793 194.26018 169.90604 240.67448 0.5 0.5 0.5 0.5 0.5 0.5 0.5 0.5288462 
Car 0.5 3 0 449.62366 166.96283 517.8016 208.13194 0.5 0.5 0.5 0.5 0.5 0.5 0.5 0.50825626 
