Car 0.5 3 0 281.5478 190.20625 426.38773 247.44734 0.5 0.5 0.5 0.5 0.5 0.5 0.5 0.99295264 
Car 0.5 3 0 519.1844 175.65227 593.3745 215.81252 0.5 0.5 0.5 0.5 0.5 0.5 0.5 0.992935 
Car 0.5 3 0 602.6306 173.83624 646.8772 202.498 0.5 0.5 0.5 0.5 0.5 0.5 0.5 0.9859709 
Car 0.5 3 0 478.1388 178.1537 518.94196 204.42229 0.5 0.5 0.5 0.5 0.5 0.5 0.5 0.9642975 
Car 0.5 3 0 726.82404 169.12546 749.7329 185.44437 0.5 0.5 0.5 0.5 0.5 0.5 0.5 0.96052605 
Car 0.5 3 0 987.1102 157.11218 1010.2711 171.60179 0.5 0.5 0.5 0.5 0.5 0.5 0.5 0.93903244 
Car 0.5 3 0 1082.873 152.90492 1111.1924 170.99655 0.5 0.5 0.5 0.5 0.5 0.5 0.5 0.933496 
Car 0.5 3 0 790.1803 159.18716 820.9848 172.09843 0.5 0.5 0.5 0.5 0.5 0.5 0.5 0.9076144 
Car 0.5 3 0 1056.3044 153.93465 1083.3707 173.07162 0.5 0.5 0.5 0.5 0.5 0.5 0.5 0.8774378 
Car 0.5 3 0 1220.0151 150.73514 1241.5394 167.4801 0.5 0.5 0.5 0.5 0.5 0.5 0.5 0.8688745 
Car 0.5 3 0 283.24347 173.44421 393.82773 204.90593 0.5 0.5 0.5 0.5 0.5 0.5 0.5 0.868379 
Car 0.5 3 0 988.19684 157.0376 1027.3103 173.09041 0.5 0.5 0.5 0.5 0.5 0.5 0.5 0.85535896 
Car 0.5 3 0 1107.8948 152.24298 1129.2184 170.39883 0.5 0.5 0.5 0.5 0.5 0.5 0.5 0.84355974 
Car 0.5 3 0 1178.894 152.75394 1208.7957 167.08585 0.5 0.5 0.5 0.5 0.5 0.5 0.5 0.8236363 
Car 0.5 3 0 693.4411 167.85594 714.25836 187.09409 0.5 0.5 0.5 0.5 0.5 0.5 0.5 0.8144865 
Pedestrian 0.5 3 0 73.102104 203.53105 89.90116 246.84966 0.5 0.5 0.5 0.5 0.5 0.5 0.5 0.7788836 
Car 0.5 3 0 833.66797 158.4175 874.58673 171.9793 0.5 0.5 0.5 0.5 0.5 0.5 0.5 0.7443004 
Car 0.5 3 0 677.9884 170.73772 703.6298 190.57367 0.5 0.5 0.5 0.5 0.5 0.5 0.5 0.70448136 
Car 0.5 3 0 820.4662 161.2244 832.6973 171.82637 0.5 0.5 0.5 0.5 0.5 0.5 0.5 0.6990907 
Car 0.5 3 0 1109.954 152.40303 1156.5276 170.40222 0.5 0.5 0.5 0.5 0.5 0.5 0.5 0.6638792 
Car 0.5 3 0 1210.4651 149.3933 1237.1368 166.5477 0.5 0.5 0.5 0.5 0.5 0.5 0.5 0.66132194 
Car 0.5 3 0 1145.7084 151.7956 1183.0717 165.96423 0.5 0.5 0.5 0.5 0.5 0.5 0.5 0.6563178 
Car 0.5 3 0 1007.94604 157.83224 1029.4753 171.98688 0.5 0.5 0.5 0.5 0.5 0.5 0.5 0.6305884 
Car 0.5 3 0 389.45026 181.58197 425.978 207.01025 0.5 0.5 0.5 0.5 0.5 0.5 0.5 0.5545998 
Car 0.5 3 0 879.0326 161.6759 887.5093 169.97552 0.5 0.5 0.5 0.5 0.5 0.5 0.5 0.53462356 
