Car 0.5 3 0 734.43024 171.23857 773.08093 209.14384 0.5 0.5 0.5 0.5 0.5 0.5 0.5 0.9501562 
Car 0.5 3 0 347.5184 177.87218 379.50668 202.86223 0.5 0.5 0.5 0.5 0.5 0.5 0.5 0.938472 
Car 0.5 3 0 245.62964 179.72739 311.45078 214.63197 0.5 0.5 0.5 0.5 0.5 0.5 0.5 0.9124672 
Car 0.5 3 0 147.55348 181.05629 275.64032 230.17325 0.5 0.5 0.5 0.5 0.5 0.5 0.5 0.8399856 
Car 0.5 3 0 446.85562 178.33263 473.64932 189.51324 0.5 0.5 0.5 0.5 0.5 0.5 0.5 0.8344512 
Car 0.5 3 0 257.17944 172.27724 349.10794 210.62422 0.5 0.5 0.5 0.5 0.5 0.5 0.5 0.8171445 
Car 0.5 3 0 791.07965 174.31602 833.39606 213.47781 0.5 0.5 0.5 0.5 0.5 0.5 0.5 0.6350441 
Car 0.5 3 0 420.46844 180.32321 436.71017 188.18195 0.5 0.5 0.5 0.5 0.5 0.5 0.5 0.61983275 
Pedestrian 0.5 3 0 689.2182 173.09926 706.9971 229.16443 0.5 0.5 0.5 0.5 0.5 0.5 0.5 0.61711556 
Car 0.5 3 0 421.61908 198.99985 432.84036 206.58899 0.5 0.5 0.5 0.5 0.5 0.5 0.5 0.61425304 
Car 0.5 3 0 41.19896 189.5202 84.67146 208.27249 0.5 0.5 0.5 0.5 0.5 0.5 0.5 0.613941 
Car 0.5 3 0 839.0821 173.82208 900.30225 201.02505 0.5 0.5 0.5 0.5 0.5 0.5 0.5 0.53742033 
Car 0.5 3 0 747.11237 162.45541 786.10004 204.58926 0.5 0.5 0.5 0.5 0.5 0.5 0.5 0.5285544 
Car 0.5 3 0 391.53317 174.80144 424.44324 188.7923 0.5 0.5 0.5 0.5 0.5 0.5 0.5 0.52696246 
Car 0.5 3 0 648.54456 170.47784 667.9938 185.68015 0.5 0.5 0.5 0.5 0.5 0.5 0.5 0.51716083 
Car 0.5 3 0 760.02563 209.73468 814.7274 234.69136 0.5 0.5 0.5 0.5 0.5 0.5 0.5 0.5107241 
Car 0.5 3 0 220.32399 181.25386 293.4627 220.10965 0.5 0.5 0.5 0.5 0.5 0.5 0.5 0.5049792 
