Car 0.5 3 0 0.43488738 211.12177 148.96078 318.4561 0.5 0.5 0.5 0.5 0.5 0.5 0.5 0.9960269 
Car 0.5 3 0 1165.6892 155.98225 1198.138 178.41017 0.5 0.5 0.5 0.5 0.5 0.5 0.5 0.9835433 
Car 0.5 3 0 1039.2085 158.70503 1069.5425 177.91733 0.5 0.5 0.5 0.5 0.5 0.5 0.5 0.9651852 
Car 0.5 3 0 1195.9381 154.2077 1238.0879 175.17114 0.5 0.5 0.5 0.5 0.5 0.5 0.5 0.96091616 
Car 0.5 3 0 1131.0109 156.25655 1168.2585 177.44685 0.5 0.5 0.5 0.5 0.5 0.5 0.5 0.95398396 
Car 0.5 3 0 517.3711 180.28441 552.2416 199.5315 0.5 0.5 0.5 0.5 0.5 0.5 0.5 0.9420458 
Car 0.5 3 0 823.65564 159.54584 875.42706 173.53055 0.5 0.5 0.5 0.5 0.5 0.5 0.5 0.9268592 
Car 0.5 3 0 717.54193 170.52483 734.3546 184.04655 0.5 0.5 0.5 0.5 0.5 0.5 0.5 0.9230015 
Car 0.5 3 0 885.557 158.8903 918.0216 174.27498 0.5 0.5 0.5 0.5 0.5 0.5 0.5 0.8985435 
Car 0.5 3 0 169.97874 160.41368 498.43527 323.39423 0.5 0.5 0.5 0.5 0.5 0.5 0.5 0.89809877 
Car 0.5 3 0 674.2308 165.68254 723.15393 208.33849 0.5 0.5 0.5 0.5 0.5 0.5 0.5 0.88532245 
Car 0.5 3 0 821.5435 160.62956 843.512 172.53928 0.5 0.5 0.5 0.5 0.5 0.5 0.5 0.8812924 
Car 0.5 3 0 1013.1628 159.49527 1040.5011 176.16467 0.5 0.5 0.5 0.5 0.5 0.5 0.5 0.8787787 
Car 0.5 3 0 1097.7124 158.83635 1132.7031 177.98935 0.5 0.5 0.5 0.5 0.5 0.5 0.5 0.8701064 
Car 0.5 3 0 788.01874 159.08743 821.95624 173.57153 0.5 0.5 0.5 0.5 0.5 0.5 0.5 0.83830607 
Pedestrian 0.5 3 0 154.1808 198.92206 168.6443 240.60428 0.5 0.5 0.5 0.5 0.5 0.5 0.5 0.7372298 
Car 0.5 3 0 473.5822 176.12112 494.10513 194.79808 0.5 0.5 0.5 0.5 0.5 0.5 0.5 0.6756512 
Car 0.5 3 0 853.8046 159.98927 884.61945 172.88338 0.5 0.5 0.5 0.5 0.5 0.5 0.5 0.64744407 
Car 0.5 3 0 803.57367 159.46808 822.47266 172.9137 0.5 0.5 0.5 0.5 0.5 0.5 0.5 0.6461342 
Car 0.5 3 0 463.46118 181.25905 483.448 202.15024 0.5 0.5 0.5 0.5 0.5 0.5 0.5 0.5111049 
