Car 0.5 3 0 131.85178 186.96231 295.96323 245.02658 0.5 0.5 0.5 0.5 0.5 0.5 0.5 0.9906351 
Car 0.5 3 0 599.6141 173.87386 652.4785 207.06186 0.5 0.5 0.5 0.5 0.5 0.5 0.5 0.9872596 
Car 0.5 3 0 1164.9613 155.85004 1200.1006 177.61095 0.5 0.5 0.5 0.5 0.5 0.5 0.5 0.9854145 
Car 0.5 3 0 1.1442468 298.95618 72.93761 373.2314 0.5 0.5 0.5 0.5 0.5 0.5 0.5 0.9786687 
Car 0.5 3 0 732.94196 168.12372 754.23444 189.44594 0.5 0.5 0.5 0.5 0.5 0.5 0.5 0.97606474 
Car 0.5 3 0 1038.692 158.74734 1070.12 177.78995 0.5 0.5 0.5 0.5 0.5 0.5 0.5 0.96912026 
Car 0.5 3 0 1195.5566 154.20969 1238.3165 175.07436 0.5 0.5 0.5 0.5 0.5 0.5 0.5 0.95908356 
Car 0.5 3 0 1130.7941 155.69632 1169.0295 177.5159 0.5 0.5 0.5 0.5 0.5 0.5 0.5 0.95130885 
Car 0.5 3 0 823.65356 159.59802 874.7978 173.47536 0.5 0.5 0.5 0.5 0.5 0.5 0.5 0.9279152 
Car 0.5 3 0 885.4176 158.92664 917.7909 174.0727 0.5 0.5 0.5 0.5 0.5 0.5 0.5 0.9104338 
Car 0.5 3 0 1097.794 158.96873 1132.3723 178.12604 0.5 0.5 0.5 0.5 0.5 0.5 0.5 0.8846334 
Car 0.5 3 0 821.6482 160.58904 842.9104 172.39532 0.5 0.5 0.5 0.5 0.5 0.5 0.5 0.87859213 
Car 0.5 3 0 1012.866 159.4911 1040.788 176.09235 0.5 0.5 0.5 0.5 0.5 0.5 0.5 0.86987066 
Car 0.5 3 0 685.8629 161.22237 735.1778 204.22038 0.5 0.5 0.5 0.5 0.5 0.5 0.5 0.83664703 
Car 0.5 3 0 788.83844 159.192 821.02856 173.12769 0.5 0.5 0.5 0.5 0.5 0.5 0.5 0.73022145 
Car 0.5 3 0 353.68274 182.32133 383.04028 196.13623 0.5 0.5 0.5 0.5 0.5 0.5 0.5 0.71307343 
Car 0.5 3 0 669.0087 173.8378 683.8158 183.20952 0.5 0.5 0.5 0.5 0.5 0.5 0.5 0.7117605 
Car 0.5 3 0 854.4166 160.0223 884.5997 172.80429 0.5 0.5 0.5 0.5 0.5 0.5 0.5 0.6734417 
Car 0.5 3 0 293.2048 193.08563 310.80048 206.57698 0.5 0.5 0.5 0.5 0.5 0.5 0.5 0.61235344 
Car 0.5 3 0 327.61517 177.9206 361.42984 195.5856 0.5 0.5 0.5 0.5 0.5 0.5 0.5 0.5676454 
