Car 0.5 3 0 536.23505 173.89505 614.6196 219.44142 0.5 0.5 0.5 0.5 0.5 0.5 0.5 0.9956808 
Car 0.5 3 0 412.60062 181.93365 460.9774 213.64944 0.5 0.5 0.5 0.5 0.5 0.5 0.5 0.99219185 
Car 0.5 3 0 1165.6271 155.94792 1196.319 178.16 0.5 0.5 0.5 0.5 0.5 0.5 0.5 0.98731685 
Car 0.5 3 0 665.6185 170.44482 719.40656 210.05391 0.5 0.5 0.5 0.5 0.5 0.5 0.5 0.98247784 
Car 0.5 3 0 1194.8141 153.58957 1240.9445 175.12083 0.5 0.5 0.5 0.5 0.5 0.5 0.5 0.9686572 
Car 0.5 3 0 1038.7975 158.65924 1070.1669 177.79828 0.5 0.5 0.5 0.5 0.5 0.5 0.5 0.9672898 
Car 0.5 3 0 1130.8151 157.68079 1166.9165 177.17918 0.5 0.5 0.5 0.5 0.5 0.5 0.5 0.9647996 
Car 0.5 3 0 886.0187 158.88672 919.6365 174.47566 0.5 0.5 0.5 0.5 0.5 0.5 0.5 0.9223525 
Car 0.5 3 0 290.56955 193.0976 309.5711 207.5379 0.5 0.5 0.5 0.5 0.5 0.5 0.5 0.911885 
Car 0.5 3 0 512.8703 179.86426 535.3674 198.93843 0.5 0.5 0.5 0.5 0.5 0.5 0.5 0.9107571 
Car 0.5 3 0 723.8423 169.07108 748.3985 191.78569 0.5 0.5 0.5 0.5 0.5 0.5 0.5 0.9074269 
Car 0.5 3 0 824.1195 159.62804 874.3646 173.28152 0.5 0.5 0.5 0.5 0.5 0.5 0.5 0.8922578 
Car 0.5 3 0 821.5308 160.58366 842.2387 172.41327 0.5 0.5 0.5 0.5 0.5 0.5 0.5 0.8890332 
Car 0.5 3 0 1098.5052 158.93526 1131.6328 177.945 0.5 0.5 0.5 0.5 0.5 0.5 0.5 0.8867787 
Car 0.5 3 0 1013.01166 159.55663 1040.1986 175.92578 0.5 0.5 0.5 0.5 0.5 0.5 0.5 0.86799014 
Car 0.5 3 0 472.33536 175.11955 492.04718 191.26262 0.5 0.5 0.5 0.5 0.5 0.5 0.5 0.8001021 
Car 0.5 3 0 787.8969 158.94852 822.08215 173.37854 0.5 0.5 0.5 0.5 0.5 0.5 0.5 0.7530709 
Car 0.5 3 0 854.20874 160.00916 884.71344 172.55234 0.5 0.5 0.5 0.5 0.5 0.5 0.5 0.70348084 
Car 0.5 3 0 328.93265 179.69777 379.1297 199.22626 0.5 0.5 0.5 0.5 0.5 0.5 0.5 0.6659494 
Car 0.5 3 0 803.87134 159.39774 822.4483 172.76982 0.5 0.5 0.5 0.5 0.5 0.5 0.5 0.62750536 
Car 0.5 3 0 290.4367 191.03319 326.10504 207.86021 0.5 0.5 0.5 0.5 0.5 0.5 0.5 0.5546514 
Car 0.5 3 0 353.30557 182.06677 383.98697 197.21783 0.5 0.5 0.5 0.5 0.5 0.5 0.5 0.51640016 
