Car 0.5 3 0 586.69226 179.6398 637.66223 199.14212 0.5 0.5 0.5 0.5 0.5 0.5 0.5 0.9931211 
Car 0.5 3 0 514.3591 179.93875 564.68536 199.9097 0.5 0.5 0.5 0.5 0.5 0.5 0.5 0.97463346 
Car 0.5 3 0 349.20724 178.21706 397.3133 204.46661 0.5 0.5 0.5 0.5 0.5 0.5 0.5 0.94454646 
Pedestrian 0.5 3 0 820.2188 175.01501 837.39667 216.39001 0.5 0.5 0.5 0.5 0.5 0.5 0.5 0.9321589 
Car 0.5 3 0 671.0289 175.37015 711.909 194.53009 0.5 0.5 0.5 0.5 0.5 0.5 0.5 0.9171186 
Car 0.5 3 0 751.44745 180.37146 776.0349 192.83319 0.5 0.5 0.5 0.5 0.5 0.5 0.5 0.8664226 
Car 0.5 3 0 446.4276 178.71718 476.04642 204.45897 0.5 0.5 0.5 0.5 0.5 0.5 0.5 0.8205691 
Car 0.5 3 0 792.3232 180.59506 815.56934 197.16394 0.5 0.5 0.5 0.5 0.5 0.5 0.5 0.81316096 
Car 0.5 3 0 1023.3069 174.95007 1083.0486 186.23997 0.5 0.5 0.5 0.5 0.5 0.5 0.5 0.7887182 
Car 0.5 3 0 846.35284 176.4811 876.59485 193.18846 0.5 0.5 0.5 0.5 0.5 0.5 0.5 0.77306104 
Car 0.5 3 0 448.5518 179.22766 499.26248 205.52672 0.5 0.5 0.5 0.5 0.5 0.5 0.5 0.7122153 
Car 0.5 3 0 1047.4146 175.19089 1083.4707 184.62277 0.5 0.5 0.5 0.5 0.5 0.5 0.5 0.703571 
Car 0.5 3 0 831.18396 178.64685 849.3361 193.0543 0.5 0.5 0.5 0.5 0.5 0.5 0.5 0.6514526 
Car 0.5 3 0 113.83843 175.14366 137.97752 193.29366 0.5 0.5 0.5 0.5 0.5 0.5 0.5 0.59298253 
Car 0.5 3 0 21.073877 180.35327 57.011482 196.93036 0.5 0.5 0.5 0.5 0.5 0.5 0.5 0.5741081 
Car 0.5 3 0 775.52167 178.40912 794.16003 194.71162 0.5 0.5 0.5 0.5 0.5 0.5 0.5 0.54147357 
Car 0.5 3 0 753.86 179.34673 790.6259 195.10869 0.5 0.5 0.5 0.5 0.5 0.5 0.5 0.53223836 
