Car 0.5 3 0 275.54544 188.35686 513.32855 303.28275 0.5 0.5 0.5 0.5 0.5 0.5 0.5 0.99331266 
Car 0.5 3 0 1164.7249 155.7134 1200.7085 177.76073 0.5 0.5 0.5 0.5 0.5 0.5 0.5 0.98359585 
Car 0.5 3 0 4.4378943 191.36671 201.20232 260.88565 0.5 0.5 0.5 0.5 0.5 0.5 0.5 0.97884035 
Car 0.5 3 0 476.74832 183.59175 513.258 205.22285 0.5 0.5 0.5 0.5 0.5 0.5 0.5 0.97616255 
Car 0.5 3 0 634.3965 173.18639 676.4217 201.15259 0.5 0.5 0.5 0.5 0.5 0.5 0.5 0.9660484 
Car 0.5 3 0 1038.9679 158.83218 1070.1213 177.73793 0.5 0.5 0.5 0.5 0.5 0.5 0.5 0.96471524 
Car 0.5 3 0 1195.629 154.25749 1238.0852 175.24675 0.5 0.5 0.5 0.5 0.5 0.5 0.5 0.95251966 
Car 0.5 3 0 1130.8718 155.89682 1169.0165 177.45013 0.5 0.5 0.5 0.5 0.5 0.5 0.5 0.9512919 
Car 0.5 3 0 677.30554 172.93785 693.1963 184.98326 0.5 0.5 0.5 0.5 0.5 0.5 0.5 0.9211357 
Car 0.5 3 0 823.7727 159.58702 875.3553 173.47687 0.5 0.5 0.5 0.5 0.5 0.5 0.5 0.91856635 
Car 0.5 3 0 885.7237 158.95905 917.7933 174.15358 0.5 0.5 0.5 0.5 0.5 0.5 0.5 0.88800925 
Car 0.5 3 0 821.68494 160.2868 851.2728 173.51837 0.5 0.5 0.5 0.5 0.5 0.5 0.5 0.88342863 
Car 0.5 3 0 1098.1389 158.53589 1133.99 178.2393 0.5 0.5 0.5 0.5 0.5 0.5 0.5 0.87389225 
Car 0.5 3 0 1013.02747 159.41695 1040.7893 176.24506 0.5 0.5 0.5 0.5 0.5 0.5 0.5 0.8701359 
Car 0.5 3 0 742.4693 167.86574 753.52295 189.11554 0.5 0.5 0.5 0.5 0.5 0.5 0.5 0.8659298 
Car 0.5 3 0 788.87775 159.20479 821.1047 172.83783 0.5 0.5 0.5 0.5 0.5 0.5 0.5 0.75472254 
Car 0.5 3 0 290.45447 193.14742 309.6038 208.12599 0.5 0.5 0.5 0.5 0.5 0.5 0.5 0.7470627 
Car 0.5 3 0 854.0137 160.04128 884.69183 172.8338 0.5 0.5 0.5 0.5 0.5 0.5 0.5 0.6920584 
Car 0.5 3 0 707.6779 163.1073 744.9344 197.57503 0.5 0.5 0.5 0.5 0.5 0.5 0.5 0.63663363 
