Car 0.5 3 0 1144.9688 178.25906 1185.1553 200.60417 0.5 0.5 0.5 0.5 0.5 0.5 0.5 0.98728776 
Car 0.5 3 0 599.3004 185.75511 644.01483 217.507 0.5 0.5 0.5 0.5 0.5 0.5 0.5 0.9821854 
Car 0.5 3 0 1107.9065 177.03143 1149.6775 199.91162 0.5 0.5 0.5 0.5 0.5 0.5 0.5 0.97336775 
Car 0.5 3 0 1008.5542 179.33876 1035.9291 197.08441 0.5 0.5 0.5 0.5 0.5 0.5 0.5 0.9565809 
Car 0.5 3 0 775.4614 176.0993 797.9427 188.15372 0.5 0.5 0.5 0.5 0.5 0.5 0.5 0.9444123 
Car 0.5 3 0 981.1941 178.89696 1007.1195 194.23085 0.5 0.5 0.5 0.5 0.5 0.5 0.5 0.93765074 
Car 0.5 3 0 1181.3916 179.47903 1230.3777 199.95302 0.5 0.5 0.5 0.5 0.5 0.5 0.5 0.9346244 
Car 0.5 3 0 1037.0896 179.19963 1065.338 197.83432 0.5 0.5 0.5 0.5 0.5 0.5 0.5 0.9027953 
Car 0.5 3 0 752.5144 174.28207 773.57666 188.2152 0.5 0.5 0.5 0.5 0.5 0.5 0.5 0.793821 
Car 0.5 3 0 405.32263 185.00056 436.11298 203.82504 0.5 0.5 0.5 0.5 0.5 0.5 0.5 0.76306474 
Pedestrian 0.5 3 0 200.78236 200.41792 220.49278 239.18323 0.5 0.5 0.5 0.5 0.5 0.5 0.5 0.6906277 
Car 0.5 3 0 632.1686 175.8923 655.84283 196.80092 0.5 0.5 0.5 0.5 0.5 0.5 0.5 0.6881428 
Pedestrian 0.5 3 0 354.20105 196.56056 363.54886 222.62625 0.5 0.5 0.5 0.5 0.5 0.5 0.5 0.68084246 
Car 0.5 3 0 404.1199 185.50801 420.38495 203.9137 0.5 0.5 0.5 0.5 0.5 0.5 0.5 0.62772554 
Car 0.5 3 0 810.41064 176.32945 838.35205 189.24474 0.5 0.5 0.5 0.5 0.5 0.5 0.5 0.6093967 
Car 0.5 3 0 738.28375 177.62958 746.42926 187.92047 0.5 0.5 0.5 0.5 0.5 0.5 0.5 0.59641117 
Car 0.5 3 0 190.87737 201.4741 212.94905 218.60391 0.5 0.5 0.5 0.5 0.5 0.5 0.5 0.5962667 
Car 0.5 3 0 841.413 173.33882 870.46063 191.42262 0.5 0.5 0.5 0.5 0.5 0.5 0.5 0.5404246 
Car 0.5 3 0 419.40204 185.48193 439.22018 202.02975 0.5 0.5 0.5 0.5 0.5 0.5 0.5 0.5101088 
