Car 0.5 3 0 455.44055 181.87479 485.6247 206.39156 0.5 0.5 0.5 0.5 0.5 0.5 0.5 0.97783375 
Car 0.5 3 0 816.41565 169.0177 881.04083 195.59427 0.5 0.5 0.5 0.5 0.5 0.5 0.5 0.9763901 
Car 0.5 3 0 907.7757 167.73895 983.59894 199.85124 0.5 0.5 0.5 0.5 0.5 0.5 0.5 0.9708053 
Car 0.5 3 0 748.49963 168.7484 795.868 190.79698 0.5 0.5 0.5 0.5 0.5 0.5 0.5 0.94255644 
Car 0.5 3 0 899.01746 168.83261 928.9257 191.30664 0.5 0.5 0.5 0.5 0.5 0.5 0.5 0.93005264 
Car 0.5 3 0 1149.1105 183.82939 1207.9423 216.29703 0.5 0.5 0.5 0.5 0.5 0.5 0.5 0.925726 
Car 0.5 3 0 694.26447 168.759 720.6612 188.82 0.5 0.5 0.5 0.5 0.5 0.5 0.5 0.9155176 
Car 0.5 3 0 731.5717 168.23662 761.6457 189.73463 0.5 0.5 0.5 0.5 0.5 0.5 0.5 0.87365687 
Car 0.5 3 0 434.59067 181.1747 454.3072 197.75467 0.5 0.5 0.5 0.5 0.5 0.5 0.5 0.8682797 
Car 0.5 3 0 383.43204 177.56761 401.19952 190.37198 0.5 0.5 0.5 0.5 0.5 0.5 0.5 0.8220501 
Car 0.5 3 0 794.35767 170.62645 820.7869 188.34673 0.5 0.5 0.5 0.5 0.5 0.5 0.5 0.82027894 
Car 0.5 3 0 406.77957 181.19083 419.62927 191.96689 0.5 0.5 0.5 0.5 0.5 0.5 0.5 0.8054953 
Car 0.5 3 0 504.85925 172.47292 541.71857 206.0339 0.5 0.5 0.5 0.5 0.5 0.5 0.5 0.80298954 
Car 0.5 3 0 31.809547 174.09961 50.690647 208.0766 0.5 0.5 0.5 0.5 0.5 0.5 0.5 0.7676643 
Car 0.5 3 0 695.6563 167.94246 743.30096 189.99901 0.5 0.5 0.5 0.5 0.5 0.5 0.5 0.7379229 
Car 0.5 3 0 635.2062 165.37141 667.7809 183.45729 0.5 0.5 0.5 0.5 0.5 0.5 0.5 0.73271024 
Car 0.5 3 0 1015.4165 175.44775 1061.823 207.64815 0.5 0.5 0.5 0.5 0.5 0.5 0.5 0.72501403 
Car 0.5 3 0 420.5888 180.72795 434.49866 194.5147 0.5 0.5 0.5 0.5 0.5 0.5 0.5 0.6587504 
Car 0.5 3 0 662.38666 166.12465 687.88116 186.69504 0.5 0.5 0.5 0.5 0.5 0.5 0.5 0.65611327 
Car 0.5 3 0 640.56573 164.75479 684.28436 186.02136 0.5 0.5 0.5 0.5 0.5 0.5 0.5 0.59681267 
Car 0.5 3 0 744.2107 167.77827 769.43964 190.12349 0.5 0.5 0.5 0.5 0.5 0.5 0.5 0.5187021 
