Car 0.5 3 0 549.8595 176.67876 647.9249 237.2108 0.5 0.5 0.5 0.5 0.5 0.5 0.5 0.996391 
Car 0.5 3 0 438.2606 182.01753 490.75723 211.1308 0.5 0.5 0.5 0.5 0.5 0.5 0.5 0.99014753 
Car 0.5 3 0 669.0283 171.64803 695.6073 195.82318 0.5 0.5 0.5 0.5 0.5 0.5 0.5 0.9901002 
Car 0.5 3 0 1164.8524 155.78664 1200.266 177.71739 0.5 0.5 0.5 0.5 0.5 0.5 0.5 0.9837991 
Car 0.5 3 0 275.02197 185.63625 381.63208 228.93819 0.5 0.5 0.5 0.5 0.5 0.5 0.5 0.9819434 
Car 0.5 3 0 0.46850997 216.5397 22.01197 255.30144 0.5 0.5 0.5 0.5 0.5 0.5 0.5 0.9694956 
Car 0.5 3 0 1038.7737 158.72728 1070.183 177.69865 0.5 0.5 0.5 0.5 0.5 0.5 0.5 0.966023 
Car 0.5 3 0 1195.6221 153.87503 1238.5387 175.13896 0.5 0.5 0.5 0.5 0.5 0.5 0.5 0.9606382 
Car 0.5 3 0 1130.8945 156.25356 1168.1652 177.11751 0.5 0.5 0.5 0.5 0.5 0.5 0.5 0.9512812 
Car 0.5 3 0 506.8675 173.66866 541.70264 199.44827 0.5 0.5 0.5 0.5 0.5 0.5 0.5 0.93232065 
Car 0.5 3 0 885.5277 159.04121 918.38715 174.20464 0.5 0.5 0.5 0.5 0.5 0.5 0.5 0.8930888 
Car 0.5 3 0 821.6391 160.61578 842.9738 172.54416 0.5 0.5 0.5 0.5 0.5 0.5 0.5 0.8905892 
Car 0.5 3 0 1013.03406 159.43964 1040.7222 176.13463 0.5 0.5 0.5 0.5 0.5 0.5 0.5 0.8807945 
Car 0.5 3 0 1097.6069 158.78842 1132.7677 178.185 0.5 0.5 0.5 0.5 0.5 0.5 0.5 0.8643601 
Car 0.5 3 0 833.2408 159.70815 879.11273 172.70078 0.5 0.5 0.5 0.5 0.5 0.5 0.5 0.8457387 
Car 0.5 3 0 538.9418 172.07146 559.6813 193.44714 0.5 0.5 0.5 0.5 0.5 0.5 0.5 0.810633 
Car 0.5 3 0 720.9856 164.37865 751.02295 192.98145 0.5 0.5 0.5 0.5 0.5 0.5 0.5 0.8092973 
Car 0.5 3 0 788.4213 159.14027 821.4552 172.96086 0.5 0.5 0.5 0.5 0.5 0.5 0.5 0.80649775 
Pedestrian 0.5 3 0 154.13702 198.51364 169.22455 241.77397 0.5 0.5 0.5 0.5 0.5 0.5 0.5 0.7714153 
Car 0.5 3 0 854.251 159.97142 884.7088 172.70863 0.5 0.5 0.5 0.5 0.5 0.5 0.5 0.6646785 
Car 0.5 3 0 1139.2921 154.81778 1191.414 178.2125 0.5 0.5 0.5 0.5 0.5 0.5 0.5 0.5970903 
Car 0.5 3 0 472.87054 175.864 492.78256 193.34892 0.5 0.5 0.5 0.5 0.5 0.5 0.5 0.58357674 
