Car 0.5 3 0 1163.5503 165.2946 1198.4585 186.38231 0.5 0.5 0.5 0.5 0.5 0.5 0.5 0.977088 
Car 0.5 3 0 725.51587 179.0667 744.8415 195.48325 0.5 0.5 0.5 0.5 0.5 0.5 0.5 0.9560575 
Car 0.5 3 0 1038.6388 168.176 1069.9786 186.213 0.5 0.5 0.5 0.5 0.5 0.5 0.5 0.9479791 
Car 0.5 3 0 1195.6481 165.48723 1237.3503 185.1629 0.5 0.5 0.5 0.5 0.5 0.5 0.5 0.9471911 
Car 0.5 3 0 708.7541 178.74965 727.188 192.89691 0.5 0.5 0.5 0.5 0.5 0.5 0.5 0.91187865 
Car 0.5 3 0 286.26248 201.03644 304.5889 219.15121 0.5 0.5 0.5 0.5 0.5 0.5 0.5 0.8803743 
Car 0.5 3 0 1129.6162 166.66966 1167.1918 186.08499 0.5 0.5 0.5 0.5 0.5 0.5 0.5 0.8794399 
Car 0.5 3 0 675.69446 181.56245 689.9654 194.57999 0.5 0.5 0.5 0.5 0.5 0.5 0.5 0.8747553 
Car 0.5 3 0 1098.0125 167.63535 1135.4231 186.9285 0.5 0.5 0.5 0.5 0.5 0.5 0.5 0.8674405 
Car 0.5 3 0 1012.44135 169.38745 1039.0966 185.18451 0.5 0.5 0.5 0.5 0.5 0.5 0.5 0.8156802 
Car 0.5 3 0 882.758 167.54932 915.5262 183.04922 0.5 0.5 0.5 0.5 0.5 0.5 0.5 0.79232806 
Car 0.5 3 0 822.8426 168.06705 871.4898 182.04156 0.5 0.5 0.5 0.5 0.5 0.5 0.5 0.7871005 
Pedestrian 0.5 3 0 142.06416 205.75162 157.48581 249.41034 0.5 0.5 0.5 0.5 0.5 0.5 0.5 0.7010942 
Car 0.5 3 0 820.05273 169.47403 847.6999 182.02353 0.5 0.5 0.5 0.5 0.5 0.5 0.5 0.68752587 
Car 0.5 3 0 843.2628 168.66263 880.1304 181.81683 0.5 0.5 0.5 0.5 0.5 0.5 0.5 0.6675482 
Car 0.5 3 0 0.6548973 176.55276 106.45084 268.03888 0.5 0.5 0.5 0.5 0.5 0.5 0.5 0.6612432 
Car 0.5 3 0 831.08435 169.47021 851.7965 181.32143 0.5 0.5 0.5 0.5 0.5 0.5 0.5 0.5511197 
Car 0.5 3 0 803.9633 168.2203 820.8287 181.29128 0.5 0.5 0.5 0.5 0.5 0.5 0.5 0.5330459 
Car 0.5 3 0 298.83203 164.17224 554.6478 306.07834 0.5 0.5 0.5 0.5 0.5 0.5 0.5 0.5244065 
