Car 0.5 3 0 1176.7905 188.29973 1239.1898 218.73618 0.5 0.5 0.5 0.5 0.5 0.5 0.5 0.97614235 
Car 0.5 3 0 521.4687 189.93114 550.9624 213.36688 0.5 0.5 0.5 0.5 0.5 0.5 0.5 0.970155 
Car 0.5 3 0 1027.7645 186.51213 1062.824 211.14316 0.5 0.5 0.5 0.5 0.5 0.5 0.5 0.96481407 
Car 0.5 3 0 986.97485 185.82169 1020.5464 211.90779 0.5 0.5 0.5 0.5 0.5 0.5 0.5 0.962389 
Car 0.5 3 0 822.39014 178.77942 865.6161 202.48312 0.5 0.5 0.5 0.5 0.5 0.5 0.5 0.9613299 
Car 0.5 3 0 201.03194 183.73051 237.86555 209.52954 0.5 0.5 0.5 0.5 0.5 0.5 0.5 0.9498685 
Car 0.5 3 0 793.4026 177.38345 835.33124 199.1186 0.5 0.5 0.5 0.5 0.5 0.5 0.5 0.88100654 
Car 0.5 3 0 640.9288 176.88902 672.52875 191.93939 0.5 0.5 0.5 0.5 0.5 0.5 0.5 0.84810275 
Car 0.5 3 0 705.3154 180.10127 729.228 194.78131 0.5 0.5 0.5 0.5 0.5 0.5 0.5 0.817601 
Car 0.5 3 0 1078.6208 191.3571 1115.7786 214.7185 0.5 0.5 0.5 0.5 0.5 0.5 0.5 0.8066278 
Car 0.5 3 0 909.9898 187.84682 945.5899 211.97095 0.5 0.5 0.5 0.5 0.5 0.5 0.5 0.765634 
Car 0.5 3 0 723.64417 179.11938 746.09985 195.08078 0.5 0.5 0.5 0.5 0.5 0.5 0.5 0.7187616 
Car 0.5 3 0 947.03424 186.90096 972.90753 208.69002 0.5 0.5 0.5 0.5 0.5 0.5 0.5 0.7094201 
Car 0.5 3 0 760.87067 179.4625 785.27985 196.23491 0.5 0.5 0.5 0.5 0.5 0.5 0.5 0.69990003 
Car 0.5 3 0 290.09564 178.81795 310.17252 197.5386 0.5 0.5 0.5 0.5 0.5 0.5 0.5 0.6426271 
Car 0.5 3 0 732.09485 180.85939 762.58704 196.0188 0.5 0.5 0.5 0.5 0.5 0.5 0.5 0.6373954 
Car 0.5 3 0 265.34775 182.10938 299.8871 205.31076 0.5 0.5 0.5 0.5 0.5 0.5 0.5 0.622236 
Car 0.5 3 0 709.43756 178.92377 742.2766 195.58769 0.5 0.5 0.5 0.5 0.5 0.5 0.5 0.6141839 
Car 0.5 3 0 572.8776 180.88441 606.5947 215.17949 0.5 0.5 0.5 0.5 0.5 0.5 0.5 0.5936827 
Car 0.5 3 0 1058.6943 189.35123 1094.1045 210.2848 0.5 0.5 0.5 0.5 0.5 0.5 0.5 0.5482587 
Car 0.5 3 0 1133.6086 198.115 1177.2292 216.08115 0.5 0.5 0.5 0.5 0.5 0.5 0.5 0.5346153 
Car 0.5 3 0 680.58093 181.3491 711.3285 197.96425 0.5 0.5 0.5 0.5 0.5 0.5 0.5 0.5336805 
