Car 0.5 3 0 600.9324 174.92816 656.80066 208.4092 0.5 0.5 0.5 0.5 0.5 0.5 0.5 0.99389005 
Car 0.5 3 0 456.31598 181.04402 601.99445 257.19608 0.5 0.5 0.5 0.5 0.5 0.5 0.5 0.991593 
Car 0.5 3 0 1163.8973 155.9105 1198.4879 177.0246 0.5 0.5 0.5 0.5 0.5 0.5 0.5 0.9788765 
Car 0.5 3 0 1039.0831 158.66066 1069.697 177.94168 0.5 0.5 0.5 0.5 0.5 0.5 0.5 0.96975607 
Car 0.5 3 0 1195.1289 153.82458 1240.2957 175.05936 0.5 0.5 0.5 0.5 0.5 0.5 0.5 0.9683123 
Car 0.5 3 0 1129.8757 157.23663 1166.6449 176.83138 0.5 0.5 0.5 0.5 0.5 0.5 0.5 0.9654915 
Car 0.5 3 0 687.9699 172.20633 708.90924 189.64578 0.5 0.5 0.5 0.5 0.5 0.5 0.5 0.9431588 
Car 0.5 3 0 821.5158 160.5925 842.6519 172.45895 0.5 0.5 0.5 0.5 0.5 0.5 0.5 0.8927521 
Car 0.5 3 0 1098.9102 158.66458 1132.5177 177.63329 0.5 0.5 0.5 0.5 0.5 0.5 0.5 0.88557196 
Car 0.5 3 0 885.59283 157.9261 917.2223 173.89241 0.5 0.5 0.5 0.5 0.5 0.5 0.5 0.88328576 
Car 0.5 3 0 1012.94 159.47188 1040.7013 176.1304 0.5 0.5 0.5 0.5 0.5 0.5 0.5 0.87950504 
Car 0.5 3 0 787.93195 159.02635 821.60443 173.16066 0.5 0.5 0.5 0.5 0.5 0.5 0.5 0.8291903 
Car 0.5 3 0 834.6094 159.79759 879.11255 172.73004 0.5 0.5 0.5 0.5 0.5 0.5 0.5 0.82213944 
Car 0.5 3 0 328.12158 179.75764 344.7535 198.96422 0.5 0.5 0.5 0.5 0.5 0.5 0.5 0.759653 
Car 0.5 3 0 670.5899 173.97337 685.4181 184.75954 0.5 0.5 0.5 0.5 0.5 0.5 0.5 0.75465417 
Car 0.5 3 0 854.6992 160.0275 884.6647 172.87221 0.5 0.5 0.5 0.5 0.5 0.5 0.5 0.72488165 
Car 0.5 3 0 804.0867 159.34445 822.46643 172.77278 0.5 0.5 0.5 0.5 0.5 0.5 0.5 0.6798028 
Car 0.5 3 0 291.23236 192.95824 311.42175 206.9506 0.5 0.5 0.5 0.5 0.5 0.5 0.5 0.66604394 
Pedestrian 0.5 3 0 154.4319 198.5363 169.16245 241.71849 0.5 0.5 0.5 0.5 0.5 0.5 0.5 0.6645451 
Car 0.5 3 0 724.00903 165.31752 747.3295 186.23447 0.5 0.5 0.5 0.5 0.5 0.5 0.5 0.6190351 
Car 0.5 3 0 290.43936 191.12169 326.77344 208.05008 0.5 0.5 0.5 0.5 0.5 0.5 0.5 0.5390161 
Car 0.5 3 0 829.6182 160.49034 852.61957 171.93546 0.5 0.5 0.5 0.5 0.5 0.5 0.5 0.5281184 
