Car 0.5 3 0 648.2232 175.64546 703.3436 206.72144 0.5 0.5 0.5 0.5 0.5 0.5 0.5 0.98194915 
Car 0.5 3 0 1147.8304 156.9024 1180.822 177.29332 0.5 0.5 0.5 0.5 0.5 0.5 0.5 0.9720828 
Car 0.5 3 0 1117.3713 158.84172 1151.2625 178.30473 0.5 0.5 0.5 0.5 0.5 0.5 0.5 0.96077573 
Car 0.5 3 0 1032.6978 161.64081 1065.7131 179.19249 0.5 0.5 0.5 0.5 0.5 0.5 0.5 0.9565727 
Car 0.5 3 0 1180.8484 154.51488 1238.0142 174.02913 0.5 0.5 0.5 0.5 0.5 0.5 0.5 0.94793785 
Car 0.5 3 0 727.9558 175.88129 746.5938 188.74547 0.5 0.5 0.5 0.5 0.5 0.5 0.5 0.94779027 
Car 0.5 3 0 1087.1056 160.94484 1119.7122 178.44977 0.5 0.5 0.5 0.5 0.5 0.5 0.5 0.9386988 
Car 0.5 3 0 795.08295 163.09401 827.4303 176.57341 0.5 0.5 0.5 0.5 0.5 0.5 0.5 0.91811836 
Car 0.5 3 0 1006.40454 161.33098 1035.1351 178.65152 0.5 0.5 0.5 0.5 0.5 0.5 0.5 0.91364145 
Car 0.5 3 0 323.02786 190.92073 359.1809 230.50365 0.5 0.5 0.5 0.5 0.5 0.5 0.5 0.87306887 
Car 0.5 3 0 827.0417 164.50383 847.2292 176.7186 0.5 0.5 0.5 0.5 0.5 0.5 0.5 0.85590655 
Car 0.5 3 0 963.67664 163.43019 1002.74347 180.84232 0.5 0.5 0.5 0.5 0.5 0.5 0.5 0.82910824 
Car 0.5 3 0 828.1123 163.11223 873.8202 176.2853 0.5 0.5 0.5 0.5 0.5 0.5 0.5 0.8232161 
Car 0.5 3 0 692.2735 173.82188 717.3198 192.29277 0.5 0.5 0.5 0.5 0.5 0.5 0.5 0.725847 
Car 0.5 3 0 888.2627 161.20384 905.7512 175.91917 0.5 0.5 0.5 0.5 0.5 0.5 0.5 0.6854959 
Car 0.5 3 0 1229.2012 157.36366 1242.0 171.20453 0.5 0.5 0.5 0.5 0.5 0.5 0.5 0.66114575 
Car 0.5 3 0 852.0771 162.87164 886.2077 176.09795 0.5 0.5 0.5 0.5 0.5 0.5 0.5 0.5968137 
Car 0.5 3 0 924.3221 163.34375 937.4537 173.45883 0.5 0.5 0.5 0.5 0.5 0.5 0.5 0.58307815 
Car 0.5 3 0 794.90515 164.31758 807.2415 173.40181 0.5 0.5 0.5 0.5 0.5 0.5 0.5 0.54282004 
