Car 0.5 3 0 0.26150966 193.7645 172.69128 260.85046 0.5 0.5 0.5 0.5 0.5 0.5 0.5 0.9964721 
Car 0.5 3 0 315.43063 183.87772 406.27734 224.92442 0.5 0.5 0.5 0.5 0.5 0.5 0.5 0.99200493 
Car 0.5 3 0 683.20404 171.12859 727.966 203.73064 0.5 0.5 0.5 0.5 0.5 0.5 0.5 0.9877301 
Car 0.5 3 0 1165.2213 155.30898 1197.4227 178.00764 0.5 0.5 0.5 0.5 0.5 0.5 0.5 0.98298717 
Car 0.5 3 0 1038.8129 158.72957 1070.3817 177.72824 0.5 0.5 0.5 0.5 0.5 0.5 0.5 0.9692303 
Car 0.5 3 0 1195.7262 154.31369 1238.0409 175.04996 0.5 0.5 0.5 0.5 0.5 0.5 0.5 0.961451 
Car 0.5 3 0 1130.8795 155.88397 1168.5173 177.41441 0.5 0.5 0.5 0.5 0.5 0.5 0.5 0.95632833 
Car 0.5 3 0 885.4427 159.02832 917.7695 174.07599 0.5 0.5 0.5 0.5 0.5 0.5 0.5 0.9101681 
Car 0.5 3 0 518.49994 169.8298 551.5137 200.10712 0.5 0.5 0.5 0.5 0.5 0.5 0.5 0.9098747 
Car 0.5 3 0 821.7542 160.61676 842.6081 172.40884 0.5 0.5 0.5 0.5 0.5 0.5 0.5 0.8918519 
Car 0.5 3 0 448.91983 171.67427 506.25656 208.0673 0.5 0.5 0.5 0.5 0.5 0.5 0.5 0.89069873 
Car 0.5 3 0 824.37 159.68413 874.02075 173.40237 0.5 0.5 0.5 0.5 0.5 0.5 0.5 0.8834709 
Car 0.5 3 0 1097.3683 158.81174 1132.501 178.18425 0.5 0.5 0.5 0.5 0.5 0.5 0.5 0.8807016 
Car 0.5 3 0 1013.13983 159.70216 1039.8239 175.69368 0.5 0.5 0.5 0.5 0.5 0.5 0.5 0.8755544 
Car 0.5 3 0 788.7886 159.15926 821.21545 172.82413 0.5 0.5 0.5 0.5 0.5 0.5 0.5 0.79711825 
Car 0.5 3 0 854.17017 160.04944 884.70184 172.67108 0.5 0.5 0.5 0.5 0.5 0.5 0.5 0.6963693 
Car 0.5 3 0 290.40906 192.37315 323.071 208.4087 0.5 0.5 0.5 0.5 0.5 0.5 0.5 0.6418091 
Car 0.5 3 0 725.3938 167.31549 753.8095 187.05342 0.5 0.5 0.5 0.5 0.5 0.5 0.5 0.63943154 
