Car 0.5 3 0 590.5823 178.67444 640.5076 197.52805 0.5 0.5 0.5 0.5 0.5 0.5 0.5 0.9890358 
Car 0.5 3 0 739.972 179.13403 767.14954 191.58553 0.5 0.5 0.5 0.5 0.5 0.5 0.5 0.9732579 
Car 0.5 3 0 283.14963 177.20903 356.72525 209.09027 0.5 0.5 0.5 0.5 0.5 0.5 0.5 0.9672746 
Car 0.5 3 0 457.97537 178.20534 520.6851 203.8758 0.5 0.5 0.5 0.5 0.5 0.5 0.5 0.96135604 
Pedestrian 0.5 3 0 826.75226 175.42136 846.3099 217.21143 0.5 0.5 0.5 0.5 0.5 0.5 0.5 0.94571227 
Car 0.5 3 0 652.8403 173.4061 696.9146 193.66904 0.5 0.5 0.5 0.5 0.5 0.5 0.5 0.94356215 
Car 0.5 3 0 1016.987 172.63417 1041.9893 183.81567 0.5 0.5 0.5 0.5 0.5 0.5 0.5 0.8712182 
Car 0.5 3 0 800.28503 177.19447 827.534 196.04233 0.5 0.5 0.5 0.5 0.5 0.5 0.5 0.7620196 
Car 0.5 3 0 501.34894 177.34009 530.9835 198.93663 0.5 0.5 0.5 0.5 0.5 0.5 0.5 0.753203 
Car 0.5 3 0 836.85156 175.23032 878.5136 193.63051 0.5 0.5 0.5 0.5 0.5 0.5 0.5 0.7172172 
Car 0.5 3 0 772.22455 176.58461 800.515 192.39879 0.5 0.5 0.5 0.5 0.5 0.5 0.5 0.67095006 
Car 0.5 3 0 1017.90894 172.61728 1072.759 184.04828 0.5 0.5 0.5 0.5 0.5 0.5 0.5 0.59446853 
Car 0.5 3 0 875.00256 174.91324 903.29736 192.48781 0.5 0.5 0.5 0.5 0.5 0.5 0.5 0.5532877 
Car 0.5 3 0 438.8357 177.19252 505.79053 211.70567 0.5 0.5 0.5 0.5 0.5 0.5 0.5 0.5390734 
Car 0.5 3 0 70.843666 173.66656 109.80209 193.54259 0.5 0.5 0.5 0.5 0.5 0.5 0.5 0.5107693 
