Car 0.5 3 0 77.06613 182.60315 242.6016 249.94836 0.5 0.5 0.5 0.5 0.5 0.5 0.5 0.9914778 
Car 0.5 3 0 427.35715 181.3251 479.06985 211.00885 0.5 0.5 0.5 0.5 0.5 0.5 0.5 0.99110234 
Car 0.5 3 0 704.1019 170.6217 736.0961 195.69574 0.5 0.5 0.5 0.5 0.5 0.5 0.5 0.96914107 
Car 0.5 3 0 1154.1749 152.81221 1193.0187 175.78229 0.5 0.5 0.5 0.5 0.5 0.5 0.5 0.96000695 
Car 0.5 3 0 1036.5609 157.51236 1066.92 176.62497 0.5 0.5 0.5 0.5 0.5 0.5 0.5 0.9563245 
Car 0.5 3 0 1190.3512 151.9665 1241.5166 170.89734 0.5 0.5 0.5 0.5 0.5 0.5 0.5 0.9558306 
Car 0.5 3 0 546.4486 178.3001 599.9675 215.70955 0.5 0.5 0.5 0.5 0.5 0.5 0.5 0.9525815 
Car 0.5 3 0 0.11402394 264.43246 20.167841 316.79596 0.5 0.5 0.5 0.5 0.5 0.5 0.5 0.94556516 
Car 0.5 3 0 824.4988 158.29587 882.78845 172.66225 0.5 0.5 0.5 0.5 0.5 0.5 0.5 0.9363777 
Car 0.5 3 0 797.76306 157.67844 823.8183 172.87383 0.5 0.5 0.5 0.5 0.5 0.5 0.5 0.926802 
Car 0.5 3 0 1095.8534 157.31903 1130.5632 175.76958 0.5 0.5 0.5 0.5 0.5 0.5 0.5 0.9089473 
Car 0.5 3 0 1125.7598 154.89078 1163.1637 176.55074 0.5 0.5 0.5 0.5 0.5 0.5 0.5 0.9006361 
Car 0.5 3 0 1011.3753 158.56534 1040.5109 176.60956 0.5 0.5 0.5 0.5 0.5 0.5 0.5 0.8829005 
Car 0.5 3 0 887.5707 157.22728 913.8051 172.58379 0.5 0.5 0.5 0.5 0.5 0.5 0.5 0.86469805 
Car 0.5 3 0 301.13596 192.91296 319.95038 204.906 0.5 0.5 0.5 0.5 0.5 0.5 0.5 0.81644416 
Car 0.5 3 0 929.6118 156.74376 939.79285 173.09207 0.5 0.5 0.5 0.5 0.5 0.5 0.5 0.69847274 
Car 0.5 3 0 824.3856 159.26176 856.96466 171.77972 0.5 0.5 0.5 0.5 0.5 0.5 0.5 0.6420408 
Car 0.5 3 0 336.29257 179.7747 354.50003 198.44795 0.5 0.5 0.5 0.5 0.5 0.5 0.5 0.6378702 
Pedestrian 0.5 3 0 361.2332 187.32755 374.5811 218.40613 0.5 0.5 0.5 0.5 0.5 0.5 0.5 0.5964222 
Car 0.5 3 0 691.83905 167.9485 706.2134 185.31963 0.5 0.5 0.5 0.5 0.5 0.5 0.5 0.5863899 
Car 0.5 3 0 482.16327 165.53053 537.59015 205.29343 0.5 0.5 0.5 0.5 0.5 0.5 0.5 0.576528 
Car 0.5 3 0 850.1351 158.9954 885.35394 171.59608 0.5 0.5 0.5 0.5 0.5 0.5 0.5 0.554618 
Car 0.5 3 0 356.13867 182.23018 391.88315 202.32133 0.5 0.5 0.5 0.5 0.5 0.5 0.5 0.51274854 
