Car 0.5 3 0 424.717 180.59428 475.02606 210.41183 0.5 0.5 0.5 0.5 0.5 0.5 0.5 0.9966342 
Car 0.5 3 0 1.0618054 176.19458 369.46265 370.9278 0.5 0.5 0.5 0.5 0.5 0.5 0.5 0.98877966 
Car 0.5 3 0 1165.4325 155.78079 1196.588 178.9089 0.5 0.5 0.5 0.5 0.5 0.5 0.5 0.98238105 
Car 0.5 3 0 1039.1285 158.6506 1069.5173 177.85121 0.5 0.5 0.5 0.5 0.5 0.5 0.5 0.96799713 
Car 0.5 3 0 1195.0892 154.03215 1240.6693 175.05406 0.5 0.5 0.5 0.5 0.5 0.5 0.5 0.9679225 
Car 0.5 3 0 512.8559 181.51097 542.4116 200.19576 0.5 0.5 0.5 0.5 0.5 0.5 0.5 0.9583928 
Car 0.5 3 0 1131.0703 155.93132 1168.4684 177.38861 0.5 0.5 0.5 0.5 0.5 0.5 0.5 0.9524121 
Car 0.5 3 0 724.8452 170.65588 751.1515 189.76634 0.5 0.5 0.5 0.5 0.5 0.5 0.5 0.94649625 
Car 0.5 3 0 670.22516 172.50768 699.26404 194.40366 0.5 0.5 0.5 0.5 0.5 0.5 0.5 0.93439764 
Car 0.5 3 0 471.86313 174.91232 492.9618 193.95387 0.5 0.5 0.5 0.5 0.5 0.5 0.5 0.9219584 
Car 0.5 3 0 823.97064 159.59425 875.30444 173.22653 0.5 0.5 0.5 0.5 0.5 0.5 0.5 0.91144013 
Car 0.5 3 0 1097.8722 158.7025 1133.0076 178.01428 0.5 0.5 0.5 0.5 0.5 0.5 0.5 0.88780653 
Car 0.5 3 0 886.3284 158.73724 922.5925 174.85587 0.5 0.5 0.5 0.5 0.5 0.5 0.5 0.88085735 
Car 0.5 3 0 821.5659 160.62689 843.0487 172.36952 0.5 0.5 0.5 0.5 0.5 0.5 0.5 0.8793198 
Car 0.5 3 0 1013.09467 159.49011 1040.3793 175.9447 0.5 0.5 0.5 0.5 0.5 0.5 0.5 0.87418276 
Car 0.5 3 0 787.9887 159.04416 822.0795 172.84135 0.5 0.5 0.5 0.5 0.5 0.5 0.5 0.8067045 
Car 0.5 3 0 853.6617 159.93694 884.5897 172.81711 0.5 0.5 0.5 0.5 0.5 0.5 0.5 0.6749261 
Car 0.5 3 0 694.2977 171.00359 706.94775 187.3964 0.5 0.5 0.5 0.5 0.5 0.5 0.5 0.6598564 
Car 0.5 3 0 328.81113 179.36241 377.29947 199.41022 0.5 0.5 0.5 0.5 0.5 0.5 0.5 0.6553941 
Car 0.5 3 0 290.65723 192.91774 312.70618 209.70073 0.5 0.5 0.5 0.5 0.5 0.5 0.5 0.61572516 
Car 0.5 3 0 541.1959 180.4743 559.357 196.37944 0.5 0.5 0.5 0.5 0.5 0.5 0.5 0.5422659 
Car 0.5 3 0 353.1376 182.05641 384.09372 196.70735 0.5 0.5 0.5 0.5 0.5 0.5 0.5 0.52580667 
Car 0.5 3 0 329.6016 179.0856 353.98862 199.26526 0.5 0.5 0.5 0.5 0.5 0.5 0.5 0.52337897 
