Car 0.5 3 0 716.28467 168.44144 747.18585 193.23238 0.5 0.5 0.5 0.5 0.5 0.5 0.5 0.9846028 
Car 0.5 3 0 61.85829 191.62471 250.00873 252.41289 0.5 0.5 0.5 0.5 0.5 0.5 0.5 0.9845691 
Car 0.5 3 0 1165.3408 155.27742 1197.4623 178.09071 0.5 0.5 0.5 0.5 0.5 0.5 0.5 0.9834057 
Car 0.5 3 0 1038.8542 158.72902 1070.2887 177.75287 0.5 0.5 0.5 0.5 0.5 0.5 0.5 0.9661375 
Car 0.5 3 0 1195.8616 154.08455 1238.1365 175.04204 0.5 0.5 0.5 0.5 0.5 0.5 0.5 0.9574077 
Car 0.5 3 0 1130.8688 156.44974 1168.1904 177.35704 0.5 0.5 0.5 0.5 0.5 0.5 0.5 0.9518586 
Car 0.5 3 0 885.5197 158.93207 918.3725 174.14116 0.5 0.5 0.5 0.5 0.5 0.5 0.5 0.91623354 
Car 0.5 3 0 824.1615 159.64302 874.469 173.39944 0.5 0.5 0.5 0.5 0.5 0.5 0.5 0.90796876 
Car 0.5 3 0 821.6602 160.62698 842.5404 172.38618 0.5 0.5 0.5 0.5 0.5 0.5 0.5 0.88963324 
Car 0.5 3 0 352.024 170.05191 437.78705 218.91785 0.5 0.5 0.5 0.5 0.5 0.5 0.5 0.8797421 
Car 0.5 3 0 1097.6427 158.42226 1133.8063 178.02866 0.5 0.5 0.5 0.5 0.5 0.5 0.5 0.8712425 
Car 0.5 3 0 1012.9253 159.54474 1040.3773 175.86612 0.5 0.5 0.5 0.5 0.5 0.5 0.5 0.8630952 
Car 0.5 3 0 480.4271 168.29576 530.67377 205.18576 0.5 0.5 0.5 0.5 0.5 0.5 0.5 0.8294033 
Car 0.5 3 0 788.73376 159.16525 821.1148 172.81453 0.5 0.5 0.5 0.5 0.5 0.5 0.5 0.7722149 
Car 0.5 3 0 854.5852 160.01602 884.5152 172.79932 0.5 0.5 0.5 0.5 0.5 0.5 0.5 0.6869327 
Car 0.5 3 0 291.07562 193.10074 310.9698 207.34941 0.5 0.5 0.5 0.5 0.5 0.5 0.5 0.6477865 
Car 0.5 3 0 327.40692 179.05374 360.04596 200.06834 0.5 0.5 0.5 0.5 0.5 0.5 0.5 0.6149361 
Car 0.5 3 0 651.87823 172.66557 679.0828 189.28941 0.5 0.5 0.5 0.5 0.5 0.5 0.5 0.5847353 
Car 0.5 3 0 685.65283 157.66655 710.8129 190.98758 0.5 0.5 0.5 0.5 0.5 0.5 0.5 0.5098419 
