Pedestrian 0.5 3 0 907.0383 158.13757 933.0475 232.12132 0.5 0.5 0.5 0.5 0.5 0.5 0.5 0.9876101 
Car 0.5 3 0 257.47086 182.70941 318.28867 219.3892 0.5 0.5 0.5 0.5 0.5 0.5 0.5 0.9806481 
Car 0.5 3 0 300.318 180.46635 351.65152 210.02776 0.5 0.5 0.5 0.5 0.5 0.5 0.5 0.9700742 
Car 0.5 3 0 701.58453 173.30016 731.86096 203.11691 0.5 0.5 0.5 0.5 0.5 0.5 0.5 0.86843854 
Car 0.5 3 0 343.22784 173.1827 401.02753 203.18336 0.5 0.5 0.5 0.5 0.5 0.5 0.5 0.82839996 
Car 0.5 3 0 316.37967 176.37567 379.2821 204.48285 0.5 0.5 0.5 0.5 0.5 0.5 0.5 0.80499816 
Pedestrian 0.5 3 0 657.35077 177.15887 675.1363 214.69168 0.5 0.5 0.5 0.5 0.5 0.5 0.5 0.7899315 
Car 0.5 3 0 768.4746 176.27303 807.361 192.73451 0.5 0.5 0.5 0.5 0.5 0.5 0.5 0.7494578 
Car 0.5 3 0 622.9436 173.69942 642.9343 189.37871 0.5 0.5 0.5 0.5 0.5 0.5 0.5 0.72278666 
Cyclist 0.5 3 0 911.08386 192.24133 937.2041 234.90578 0.5 0.5 0.5 0.5 0.5 0.5 0.5 0.68862784 
Car 0.5 3 0 376.97382 179.2119 403.86713 200.50995 0.5 0.5 0.5 0.5 0.5 0.5 0.5 0.6569215 
Car 0.5 3 0 116.52012 190.93724 143.53998 217.7877 0.5 0.5 0.5 0.5 0.5 0.5 0.5 0.59838796 
Pedestrian 0.5 3 0 678.9119 182.51468 692.16064 223.01984 0.5 0.5 0.5 0.5 0.5 0.5 0.5 0.58884865 
Car 0.5 3 0 517.29767 177.46965 532.2615 189.27654 0.5 0.5 0.5 0.5 0.5 0.5 0.5 0.5824037 
Car 0.5 3 0 480.9952 174.69263 494.8247 188.36723 0.5 0.5 0.5 0.5 0.5 0.5 0.5 0.5613028 
