Car 0.5 3 0 805.9521 173.26045 884.43536 235.915 0.5 0.5 0.5 0.5 0.5 0.5 0.5 0.9938205 
Car 0.5 3 0 887.66504 175.0281 994.48535 235.36163 0.5 0.5 0.5 0.5 0.5 0.5 0.5 0.9904398 
Car 0.5 3 0 0.15948762 182.55907 79.037254 261.93723 0.5 0.5 0.5 0.5 0.5 0.5 0.5 0.98113304 
Car 0.5 3 0 47.842487 188.2417 114.76299 240.53502 0.5 0.5 0.5 0.5 0.5 0.5 0.5 0.9781594 
Car 0.5 3 0 264.11728 176.5268 314.624 208.23106 0.5 0.5 0.5 0.5 0.5 0.5 0.5 0.93969357 
Car 0.5 3 0 308.88544 174.25879 338.56564 201.58366 0.5 0.5 0.5 0.5 0.5 0.5 0.5 0.8865821 
Car 0.5 3 0 43.673 178.21147 183.1443 231.89246 0.5 0.5 0.5 0.5 0.5 0.5 0.5 0.8846584 
Car 0.5 3 0 355.84595 173.52577 392.72537 192.48618 0.5 0.5 0.5 0.5 0.5 0.5 0.5 0.7426824 
Car 0.5 3 0 225.20258 178.09512 293.84042 213.40083 0.5 0.5 0.5 0.5 0.5 0.5 0.5 0.71286905 
Car 0.5 3 0 406.4707 177.98778 427.84613 188.13783 0.5 0.5 0.5 0.5 0.5 0.5 0.5 0.7118955 
Car 0.5 3 0 457.15775 177.63446 488.69275 189.73273 0.5 0.5 0.5 0.5 0.5 0.5 0.5 0.7058409 
Car 0.5 3 0 120.12352 168.85733 250.61615 218.84503 0.5 0.5 0.5 0.5 0.5 0.5 0.5 0.533246 
Car 0.5 3 0 107.569916 178.86316 186.46661 227.48042 0.5 0.5 0.5 0.5 0.5 0.5 0.5 0.5147932 
