Car 0.5 3 0 2.3652875 184.89246 181.13162 371.48627 0.5 0.5 0.5 0.5 0.5 0.5 0.5 0.9971783 
Car 0.5 3 0 282.09805 184.25505 372.46533 227.84909 0.5 0.5 0.5 0.5 0.5 0.5 0.5 0.9967777 
Car 0.5 3 0 1164.9001 155.90842 1200.0057 177.60843 0.5 0.5 0.5 0.5 0.5 0.5 0.5 0.9843613 
Car 0.5 3 0 637.5819 165.91042 708.198 216.81613 0.5 0.5 0.5 0.5 0.5 0.5 0.5 0.9778129 
Car 0.5 3 0 449.49792 179.02513 502.7631 209.78651 0.5 0.5 0.5 0.5 0.5 0.5 0.5 0.97632015 
Car 0.5 3 0 1039.07 158.71838 1069.5903 177.93091 0.5 0.5 0.5 0.5 0.5 0.5 0.5 0.9686848 
Car 0.5 3 0 525.7689 179.28671 557.4396 198.79997 0.5 0.5 0.5 0.5 0.5 0.5 0.5 0.96185756 
Car 0.5 3 0 1195.818 153.97139 1238.428 175.2252 0.5 0.5 0.5 0.5 0.5 0.5 0.5 0.9583547 
Car 0.5 3 0 1131.0608 155.87273 1168.7714 177.31717 0.5 0.5 0.5 0.5 0.5 0.5 0.5 0.95165086 
Car 0.5 3 0 722.3913 171.06526 740.2876 185.37909 0.5 0.5 0.5 0.5 0.5 0.5 0.5 0.94571275 
Car 0.5 3 0 885.549 158.96225 917.6477 174.03352 0.5 0.5 0.5 0.5 0.5 0.5 0.5 0.9053417 
Car 0.5 3 0 821.4741 160.63582 842.83923 172.55214 0.5 0.5 0.5 0.5 0.5 0.5 0.5 0.88716084 
Car 0.5 3 0 1097.6744 158.5652 1133.6212 178.15681 0.5 0.5 0.5 0.5 0.5 0.5 0.5 0.88412863 
Car 0.5 3 0 1012.87354 159.53001 1040.4252 175.98366 0.5 0.5 0.5 0.5 0.5 0.5 0.5 0.88132185 
Car 0.5 3 0 833.50037 159.73418 878.995 172.61293 0.5 0.5 0.5 0.5 0.5 0.5 0.5 0.8290549 
Car 0.5 3 0 788.0313 159.09941 821.85236 173.23787 0.5 0.5 0.5 0.5 0.5 0.5 0.5 0.8257981 
Car 0.5 3 0 698.3318 172.8143 711.5966 182.68892 0.5 0.5 0.5 0.5 0.5 0.5 0.5 0.7229488 
Car 0.5 3 0 854.316 159.98323 884.59344 172.66306 0.5 0.5 0.5 0.5 0.5 0.5 0.5 0.70168644 
Car 0.5 3 0 803.2281 159.41989 821.1903 172.40594 0.5 0.5 0.5 0.5 0.5 0.5 0.5 0.61994076 
Pedestrian 0.5 3 0 154.3374 198.77838 168.66391 241.63184 0.5 0.5 0.5 0.5 0.5 0.5 0.5 0.60283893 
