Car 0.5 3 0 562.1019 170.57414 597.85126 182.63548 0.5 0.5 0.5 0.5 0.5 0.5 0.5 0.95256644 
Car 0.5 3 0 437.34528 173.91415 485.2248 206.22348 0.5 0.5 0.5 0.5 0.5 0.5 0.5 0.9421797 
Car 0.5 3 0 335.16348 176.1342 370.0232 195.92873 0.5 0.5 0.5 0.5 0.5 0.5 0.5 0.8337712 
Car 0.5 3 0 609.95874 171.91551 635.13873 181.65167 0.5 0.5 0.5 0.5 0.5 0.5 0.5 0.7778026 
Car 0.5 3 0 632.9979 169.22664 658.9063 180.58159 0.5 0.5 0.5 0.5 0.5 0.5 0.5 0.7627203 
Car 0.5 3 0 170.72974 159.44296 258.64767 208.42453 0.5 0.5 0.5 0.5 0.5 0.5 0.5 0.741098 
Car 0.5 3 0 789.22754 163.39424 812.6612 175.31108 0.5 0.5 0.5 0.5 0.5 0.5 0.5 0.7281556 
Car 0.5 3 0 729.7606 164.82515 751.58276 176.9448 0.5 0.5 0.5 0.5 0.5 0.5 0.5 0.66796297 
Car 0.5 3 0 923.34094 159.28844 947.6404 169.0047 0.5 0.5 0.5 0.5 0.5 0.5 0.5 0.63343847 
Car 0.5 3 0 436.35828 171.9625 481.9992 187.19931 0.5 0.5 0.5 0.5 0.5 0.5 0.5 0.6008326 
Car 0.5 3 0 339.5126 171.8805 381.31683 189.4127 0.5 0.5 0.5 0.5 0.5 0.5 0.5 0.5357606 
