Pedestrian 0.5 3 0 941.35065 123.37191 1071.3704 345.56818 0.5 0.5 0.5 0.5 0.5 0.5 0.5 0.99909365 
Cyclist 0.5 3 0 942.8924 233.97916 1091.6005 373.7644 0.5 0.5 0.5 0.5 0.5 0.5 0.5 0.98224777 
Car 0.5 3 0 524.3086 176.73653 548.6441 195.60585 0.5 0.5 0.5 0.5 0.5 0.5 0.5 0.9816288 
Pedestrian 0.5 3 0 672.3635 176.18999 687.585 222.63011 0.5 0.5 0.5 0.5 0.5 0.5 0.5 0.9592346 
Car 0.5 3 0 211.8725 188.70679 277.07907 212.53444 0.5 0.5 0.5 0.5 0.5 0.5 0.5 0.92322785 
Pedestrian 0.5 3 0 689.2895 167.65265 700.33606 196.7882 0.5 0.5 0.5 0.5 0.5 0.5 0.5 0.82464474 
Car 0.5 3 0 443.40698 168.41553 489.9438 191.14568 0.5 0.5 0.5 0.5 0.5 0.5 0.5 0.8245474 
Car 0.5 3 0 468.1205 171.1484 491.32843 187.86604 0.5 0.5 0.5 0.5 0.5 0.5 0.5 0.79051965 
Car 0.5 3 0 543.9154 171.31358 557.15125 182.65672 0.5 0.5 0.5 0.5 0.5 0.5 0.5 0.79030746 
Car 0.5 3 0 276.42194 184.46967 317.81372 211.53452 0.5 0.5 0.5 0.5 0.5 0.5 0.5 0.71331936 
