Car 0.5 3 0 335.93835 180.27188 384.30618 205.17645 0.5 0.5 0.5 0.5 0.5 0.5 0.5 0.9777234 
Pedestrian 0.5 3 0 799.86804 159.96922 818.59656 209.13293 0.5 0.5 0.5 0.5 0.5 0.5 0.5 0.9479853 
Car 0.5 3 0 367.24368 171.72702 417.4815 197.43236 0.5 0.5 0.5 0.5 0.5 0.5 0.5 0.9132905 
Car 0.5 3 0 341.07153 175.0127 397.3874 199.80536 0.5 0.5 0.5 0.5 0.5 0.5 0.5 0.8545619 
Pedestrian 0.5 3 0 634.6849 171.76291 646.30554 201.6561 0.5 0.5 0.5 0.5 0.5 0.5 0.5 0.8531148 
Pedestrian 0.5 3 0 653.3551 171.38568 670.38904 224.93518 0.5 0.5 0.5 0.5 0.5 0.5 0.5 0.83191264 
Car 0.5 3 0 670.62415 169.45494 695.5222 193.63779 0.5 0.5 0.5 0.5 0.5 0.5 0.5 0.79292613 
Car 0.5 3 0 718.0107 168.9367 740.79016 182.97395 0.5 0.5 0.5 0.5 0.5 0.5 0.5 0.7658001 
Car 0.5 3 0 426.36786 179.16628 451.89105 189.33 0.5 0.5 0.5 0.5 0.5 0.5 0.5 0.75928694 
Car 0.5 3 0 258.0791 179.34299 339.79938 214.95087 0.5 0.5 0.5 0.5 0.5 0.5 0.5 0.7271093 
Car 0.5 3 0 389.2215 173.924 419.3331 196.41493 0.5 0.5 0.5 0.5 0.5 0.5 0.5 0.5934865 
Car 0.5 3 0 465.76865 173.99394 477.9798 183.9757 0.5 0.5 0.5 0.5 0.5 0.5 0.5 0.56058365 
Car 0.5 3 0 681.3314 164.39604 709.35144 183.51807 0.5 0.5 0.5 0.5 0.5 0.5 0.5 0.53396696 
