Car 0.5 3 0 0.3748805 218.08841 98.35174 372.50052 0.5 0.5 0.5 0.5 0.5 0.5 0.5 0.9962787 
Pedestrian 0.5 3 0 754.8947 162.8657 773.0712 207.98184 0.5 0.5 0.5 0.5 0.5 0.5 0.5 0.9901635 
Car 0.5 3 0 384.64185 174.11197 433.4339 197.14946 0.5 0.5 0.5 0.5 0.5 0.5 0.5 0.9479994 
Car 0.5 3 0 381.47812 177.95033 416.57504 199.0234 0.5 0.5 0.5 0.5 0.5 0.5 0.5 0.8906301 
Pedestrian 0.5 3 0 286.58536 192.14404 303.753 239.45367 0.5 0.5 0.5 0.5 0.5 0.5 0.5 0.8501679 
Car 0.5 3 0 437.1895 179.91573 452.93546 193.36664 0.5 0.5 0.5 0.5 0.5 0.5 0.5 0.8098209 
Car 0.5 3 0 571.4266 174.45729 589.05695 187.74167 0.5 0.5 0.5 0.5 0.5 0.5 0.5 0.8047707 
Car 0.5 3 0 659.55005 172.63576 681.20306 189.1214 0.5 0.5 0.5 0.5 0.5 0.5 0.5 0.77715826 
Pedestrian 0.5 3 0 636.6443 175.23862 648.314 210.4166 0.5 0.5 0.5 0.5 0.5 0.5 0.5 0.6999975 
Car 0.5 3 0 416.99518 177.46783 437.21582 195.19626 0.5 0.5 0.5 0.5 0.5 0.5 0.5 0.6567304 
Pedestrian 0.5 3 0 651.2224 179.05484 666.3237 223.81456 0.5 0.5 0.5 0.5 0.5 0.5 0.5 0.5781113 
Car 0.5 3 0 478.99136 174.4564 492.99274 187.19608 0.5 0.5 0.5 0.5 0.5 0.5 0.5 0.5591915 
Car 0.5 3 0 368.79358 181.8234 406.3461 203.72142 0.5 0.5 0.5 0.5 0.5 0.5 0.5 0.5548722 
Car 0.5 3 0 424.66617 177.2806 453.85626 195.88342 0.5 0.5 0.5 0.5 0.5 0.5 0.5 0.5487377 
Car 0.5 3 0 697.50635 174.51947 716.926 189.53014 0.5 0.5 0.5 0.5 0.5 0.5 0.5 0.50840056 
Car 0.5 3 0 674.492 168.43588 696.28937 183.70201 0.5 0.5 0.5 0.5 0.5 0.5 0.5 0.50685877 
