Car 0.5 3 0 203.59679 180.20775 299.34583 223.12343 0.5 0.5 0.5 0.5 0.5 0.5 0.5 0.9789958 
Car 0.5 3 0 279.45288 180.1412 329.93774 213.537 0.5 0.5 0.5 0.5 0.5 0.5 0.5 0.9733574 
Pedestrian 0.5 3 0 965.303 152.06781 1002.1244 235.82298 0.5 0.5 0.5 0.5 0.5 0.5 0.5 0.9572889 
Car 0.5 3 0 38.91399 185.86281 78.52634 228.91176 0.5 0.5 0.5 0.5 0.5 0.5 0.5 0.92476976 
Cyclist 0.5 3 0 966.95953 197.97258 1001.5194 242.64287 0.5 0.5 0.5 0.5 0.5 0.5 0.5 0.8983107 
Car 0.5 3 0 711.44086 172.052 753.28284 206.47714 0.5 0.5 0.5 0.5 0.5 0.5 0.5 0.89114934 
Pedestrian 0.5 3 0 696.12354 182.56491 713.7822 236.81445 0.5 0.5 0.5 0.5 0.5 0.5 0.5 0.85961515 
Car 0.5 3 0 369.3848 178.57014 393.12808 200.77821 0.5 0.5 0.5 0.5 0.5 0.5 0.5 0.85787255 
Pedestrian 0.5 3 0 665.8372 175.99283 689.82605 222.59985 0.5 0.5 0.5 0.5 0.5 0.5 0.5 0.82840526 
Car 0.5 3 0 277.2058 174.88869 364.22186 209.09143 0.5 0.5 0.5 0.5 0.5 0.5 0.5 0.8276162 
Car 0.5 3 0 328.71954 171.82404 390.18665 204.75609 0.5 0.5 0.5 0.5 0.5 0.5 0.5 0.76194483 
Car 0.5 3 0 454.28693 178.95824 466.8751 189.21744 0.5 0.5 0.5 0.5 0.5 0.5 0.5 0.71960825 
Car 0.5 3 0 721.02826 166.56207 765.3018 203.03278 0.5 0.5 0.5 0.5 0.5 0.5 0.5 0.6889486 
Car 0.5 3 0 399.11902 175.4422 438.715 189.9574 0.5 0.5 0.5 0.5 0.5 0.5 0.5 0.6691363 
Car 0.5 3 0 248.3289 180.61139 307.0855 216.96461 0.5 0.5 0.5 0.5 0.5 0.5 0.5 0.6025387 
Car 0.5 3 0 764.78827 174.01743 797.4094 208.49855 0.5 0.5 0.5 0.5 0.5 0.5 0.5 0.5919557 
Car 0.5 3 0 422.0363 179.618 440.00034 188.80385 0.5 0.5 0.5 0.5 0.5 0.5 0.5 0.53353053 
