Car 0.5 3 0 0.0 202.88287 334.57532 372.13046 0.5 0.5 0.5 0.5 0.5 0.5 0.5 0.99743074 
Car 0.5 3 0 1164.9899 155.9551 1198.8062 177.38356 0.5 0.5 0.5 0.5 0.5 0.5 0.5 0.9819026 
Car 0.5 3 0 652.8756 172.75436 680.5853 197.92737 0.5 0.5 0.5 0.5 0.5 0.5 0.5 0.9765495 
Car 0.5 3 0 1038.9332 158.74559 1070.2666 177.77744 0.5 0.5 0.5 0.5 0.5 0.5 0.5 0.9663747 
Car 0.5 3 0 1195.1531 154.06348 1238.8259 175.03372 0.5 0.5 0.5 0.5 0.5 0.5 0.5 0.9632345 
Car 0.5 3 0 1130.7802 157.08002 1167.645 177.2174 0.5 0.5 0.5 0.5 0.5 0.5 0.5 0.9619569 
Car 0.5 3 0 824.0582 159.62833 874.3532 173.36539 0.5 0.5 0.5 0.5 0.5 0.5 0.5 0.9026695 
Car 0.5 3 0 821.49554 160.60863 842.29596 172.42079 0.5 0.5 0.5 0.5 0.5 0.5 0.5 0.89727265 
Car 0.5 3 0 485.0799 180.76024 518.5416 205.31445 0.5 0.5 0.5 0.5 0.5 0.5 0.5 0.8937237 
Car 0.5 3 0 675.78644 170.2375 722.73206 205.86777 0.5 0.5 0.5 0.5 0.5 0.5 0.5 0.8901482 
Car 0.5 3 0 1099.1725 158.73021 1132.6469 177.72609 0.5 0.5 0.5 0.5 0.5 0.5 0.5 0.8838917 
Car 0.5 3 0 1012.9965 159.47821 1040.4822 175.93929 0.5 0.5 0.5 0.5 0.5 0.5 0.5 0.8733322 
Car 0.5 3 0 886.8178 158.26704 915.12164 173.64882 0.5 0.5 0.5 0.5 0.5 0.5 0.5 0.8604847 
Car 0.5 3 0 788.2011 159.12968 821.7677 173.24332 0.5 0.5 0.5 0.5 0.5 0.5 0.5 0.80706924 
Car 0.5 3 0 474.11813 174.64075 492.71802 190.23734 0.5 0.5 0.5 0.5 0.5 0.5 0.5 0.73319376 
Car 0.5 3 0 525.219 177.71068 557.7792 196.24515 0.5 0.5 0.5 0.5 0.5 0.5 0.5 0.73206985 
Car 0.5 3 0 853.77386 159.96942 884.7674 172.79604 0.5 0.5 0.5 0.5 0.5 0.5 0.5 0.6742136 
Car 0.5 3 0 803.26953 159.40784 821.2238 172.36748 0.5 0.5 0.5 0.5 0.5 0.5 0.5 0.6274656 
Car 0.5 3 0 1141.9531 155.09486 1191.6569 178.43776 0.5 0.5 0.5 0.5 0.5 0.5 0.5 0.5105614 
