Car 0.5 3 0 434.43945 175.94875 523.3198 218.15002 0.5 0.5 0.5 0.5 0.5 0.5 0.5 0.99786454 
Car 0.5 3 0 25.422039 186.14745 177.97675 236.8986 0.5 0.5 0.5 0.5 0.5 0.5 0.5 0.9960686 
Car 0.5 3 0 386.4586 172.29576 456.43372 207.33124 0.5 0.5 0.5 0.5 0.5 0.5 0.5 0.9906308 
Car 0.5 3 0 187.12895 187.26741 342.398 241.91762 0.5 0.5 0.5 0.5 0.5 0.5 0.5 0.9767606 
Car 0.5 3 0 571.0038 174.05482 620.54596 202.14207 0.5 0.5 0.5 0.5 0.5 0.5 0.5 0.9756581 
Car 0.5 3 0 528.5178 168.53705 572.949 195.39389 0.5 0.5 0.5 0.5 0.5 0.5 0.5 0.9523355 
Car 0.5 3 0 698.7281 170.59099 720.219 188.76717 0.5 0.5 0.5 0.5 0.5 0.5 0.5 0.9440659 
Car 0.5 3 0 819.46344 160.50703 853.3099 173.57245 0.5 0.5 0.5 0.5 0.5 0.5 0.5 0.9138094 
Car 0.5 3 0 1114.4667 160.45064 1141.6696 172.41959 0.5 0.5 0.5 0.5 0.5 0.5 0.5 0.890337 
Car 0.5 3 0 666.3433 173.24728 680.19653 181.384 0.5 0.5 0.5 0.5 0.5 0.5 0.5 0.8486215 
Car 0.5 3 0 1092.7698 158.94261 1119.9727 172.58519 0.5 0.5 0.5 0.5 0.5 0.5 0.5 0.8095686 
Car 0.5 3 0 1031.1946 159.2362 1055.6421 175.16226 0.5 0.5 0.5 0.5 0.5 0.5 0.5 0.8064981 
Pedestrian 0.5 3 0 776.244 150.55344 789.6641 185.1428 0.5 0.5 0.5 0.5 0.5 0.5 0.5 0.76551217 
Car 0.5 3 0 901.1859 161.68056 922.7439 172.94724 0.5 0.5 0.5 0.5 0.5 0.5 0.5 0.7397256 
Car 0.5 3 0 1145.3693 159.60934 1183.361 172.15056 0.5 0.5 0.5 0.5 0.5 0.5 0.5 0.7111425 
Car 0.5 3 0 991.6313 160.45116 1017.0949 173.60696 0.5 0.5 0.5 0.5 0.5 0.5 0.5 0.68028605 
Car 0.5 3 0 721.8753 154.35843 754.7539 180.70432 0.5 0.5 0.5 0.5 0.5 0.5 0.5 0.60557705 
Car 0.5 3 0 1218.068 155.09541 1242.0 174.71127 0.5 0.5 0.5 0.5 0.5 0.5 0.5 0.59211034 
Car 0.5 3 0 611.9352 170.08673 630.1131 187.17372 0.5 0.5 0.5 0.5 0.5 0.5 0.5 0.5016046 
