Pedestrian 0.5 3 0 842.55145 165.68742 869.11017 232.60762 0.5 0.5 0.5 0.5 0.5 0.5 0.5 0.98682505 
Car 0.5 3 0 427.26935 170.83002 510.68042 203.21414 0.5 0.5 0.5 0.5 0.5 0.5 0.5 0.9859492 
Car 0.5 3 0 229.51973 176.89041 325.81308 214.6103 0.5 0.5 0.5 0.5 0.5 0.5 0.5 0.9744951 
Car 0.5 3 0 917.2068 167.15228 946.92035 178.09026 0.5 0.5 0.5 0.5 0.5 0.5 0.5 0.9048479 
Car 0.5 3 0 569.789 173.37686 623.6167 198.88162 0.5 0.5 0.5 0.5 0.5 0.5 0.5 0.8997105 
Car 0.5 3 0 1.3465102 174.88953 58.932076 212.39543 0.5 0.5 0.5 0.5 0.5 0.5 0.5 0.8960222 
Car 0.5 3 0 656.79114 171.39673 693.1345 188.97855 0.5 0.5 0.5 0.5 0.5 0.5 0.5 0.8929834 
Car 0.5 3 0 411.89294 164.68768 487.48566 198.63878 0.5 0.5 0.5 0.5 0.5 0.5 0.5 0.8832903 
Car 0.5 3 0 775.7209 170.43456 812.0819 189.21576 0.5 0.5 0.5 0.5 0.5 0.5 0.5 0.8575177 
Car 0.5 3 0 693.6354 173.24089 713.15216 187.32529 0.5 0.5 0.5 0.5 0.5 0.5 0.5 0.70014495 
Car 0.5 3 0 829.1119 169.89905 849.6363 187.49155 0.5 0.5 0.5 0.5 0.5 0.5 0.5 0.6248318 
Car 0.5 3 0 717.01666 175.22145 732.8547 185.32533 0.5 0.5 0.5 0.5 0.5 0.5 0.5 0.5021336 
