Car 0.5 3 0 1128.6038 178.92317 1160.199 202.5351 0.5 0.5 0.5 0.5 0.5 0.5 0.5 0.98753744 
Car 0.5 3 0 586.44934 186.73865 623.4522 214.52138 0.5 0.5 0.5 0.5 0.5 0.5 0.5 0.9851386 
Car 0.5 3 0 1086.9065 179.01498 1129.0674 202.43843 0.5 0.5 0.5 0.5 0.5 0.5 0.5 0.9815 
Car 0.5 3 0 953.0065 180.28299 985.3581 200.04706 0.5 0.5 0.5 0.5 0.5 0.5 0.5 0.9545769 
Car 0.5 3 0 1015.9683 179.9507 1049.1151 199.19052 0.5 0.5 0.5 0.5 0.5 0.5 0.5 0.9439315 
Car 0.5 3 0 984.24713 181.3677 1013.0981 199.76918 0.5 0.5 0.5 0.5 0.5 0.5 0.5 0.93504184 
Car 0.5 3 0 618.09 186.54402 630.5323 198.13031 0.5 0.5 0.5 0.5 0.5 0.5 0.5 0.9302526 
Car 0.5 3 0 1218.5723 180.40533 1241.6907 199.85664 0.5 0.5 0.5 0.5 0.5 0.5 0.5 0.92267025 
Car 0.5 3 0 116.33594 203.08511 148.64967 220.16429 0.5 0.5 0.5 0.5 0.5 0.5 0.5 0.92249703 
Car 0.5 3 0 742.3528 177.25674 766.73444 189.41797 0.5 0.5 0.5 0.5 0.5 0.5 0.5 0.90236557 
Car 0.5 3 0 351.19925 186.60216 374.66284 206.28296 0.5 0.5 0.5 0.5 0.5 0.5 0.5 0.8921106 
Car 0.5 3 0 705.96075 174.19604 739.1482 190.34372 0.5 0.5 0.5 0.5 0.5 0.5 0.5 0.8717828 
Car 0.5 3 0 704.0209 175.66823 720.6051 188.34894 0.5 0.5 0.5 0.5 0.5 0.5 0.5 0.8443607 
Car 0.5 3 0 178.97466 186.51508 216.16832 207.67094 0.5 0.5 0.5 0.5 0.5 0.5 0.5 0.72763604 
Car 0.5 3 0 373.94974 186.31175 403.4453 207.72621 0.5 0.5 0.5 0.5 0.5 0.5 0.5 0.70447886 
Pedestrian 0.5 3 0 76.43547 204.57516 94.66127 251.56537 0.5 0.5 0.5 0.5 0.5 0.5 0.5 0.6958453 
Car 0.5 3 0 776.34515 176.59943 796.79755 187.04465 0.5 0.5 0.5 0.5 0.5 0.5 0.5 0.6875494 
Car 0.5 3 0 758.2803 177.96329 777.1545 188.80742 0.5 0.5 0.5 0.5 0.5 0.5 0.5 0.6849409 
Car 0.5 3 0 813.247 176.35849 841.1663 190.28627 0.5 0.5 0.5 0.5 0.5 0.5 0.5 0.5902643 
Car 0.5 3 0 598.39465 178.49762 618.79156 195.02876 0.5 0.5 0.5 0.5 0.5 0.5 0.5 0.55767494 
Car 0.5 3 0 178.87186 183.83873 229.2849 215.39598 0.5 0.5 0.5 0.5 0.5 0.5 0.5 0.52292025 
Car 0.5 3 0 741.958 178.2076 758.67957 186.85956 0.5 0.5 0.5 0.5 0.5 0.5 0.5 0.5064304 
