Car 0.5 3 0 960.44696 184.73486 1118.7072 262.6706 0.5 0.5 0.5 0.5 0.5 0.5 0.5 0.9901883 
Car 0.5 3 0 848.3421 175.99559 970.9789 267.43845 0.5 0.5 0.5 0.5 0.5 0.5 0.5 0.9888883 
Car 0.5 3 0 191.233 175.3914 254.70367 211.67763 0.5 0.5 0.5 0.5 0.5 0.5 0.5 0.94710207 
Car 0.5 3 0 0.67302054 178.69386 83.84243 238.06955 0.5 0.5 0.5 0.5 0.5 0.5 0.5 0.933665 
Car 0.5 3 0 709.7282 174.14555 730.97595 181.39513 0.5 0.5 0.5 0.5 0.5 0.5 0.5 0.93359524 
Car 0.5 3 0 166.18369 177.42316 238.08804 214.03038 0.5 0.5 0.5 0.5 0.5 0.5 0.5 0.85219127 
Car 0.5 3 0 249.92912 171.92871 295.2759 205.18457 0.5 0.5 0.5 0.5 0.5 0.5 0.5 0.79018486 
Car 0.5 3 0 339.9558 172.98962 375.7976 191.81438 0.5 0.5 0.5 0.5 0.5 0.5 0.5 0.7897909 
Car 0.5 3 0 687.6823 171.91464 710.3036 183.25534 0.5 0.5 0.5 0.5 0.5 0.5 0.5 0.78180367 
Pedestrian 0.5 3 0 852.87177 166.7112 873.7376 205.61707 0.5 0.5 0.5 0.5 0.5 0.5 0.5 0.74009234 
Car 0.5 3 0 374.77704 178.0107 402.80035 189.9994 0.5 0.5 0.5 0.5 0.5 0.5 0.5 0.65115327 
Car 0.5 3 0 117.66346 167.80482 178.78677 221.21153 0.5 0.5 0.5 0.5 0.5 0.5 0.5 0.6457559 
Car 0.5 3 0 134.23257 170.29657 227.67477 216.96358 0.5 0.5 0.5 0.5 0.5 0.5 0.5 0.63618255 
Car 0.5 3 0 296.091 175.61172 338.14438 188.77385 0.5 0.5 0.5 0.5 0.5 0.5 0.5 0.5929513 
Car 0.5 3 0 372.3725 178.63895 390.3829 190.37299 0.5 0.5 0.5 0.5 0.5 0.5 0.5 0.5714738 
Pedestrian 0.5 3 0 560.146 174.45204 569.50867 201.48341 0.5 0.5 0.5 0.5 0.5 0.5 0.5 0.5459465 
Pedestrian 0.5 3 0 571.51874 170.14464 585.91705 201.971 0.5 0.5 0.5 0.5 0.5 0.5 0.5 0.53591985 
Car 0.5 3 0 387.35257 178.69804 403.7077 187.9585 0.5 0.5 0.5 0.5 0.5 0.5 0.5 0.5246373 
Pedestrian 0.5 3 0 674.0642 178.182 684.76117 197.44847 0.5 0.5 0.5 0.5 0.5 0.5 0.5 0.5115516 
