Car 0.5 3 0 0.40867102 193.95854 179.81825 261.13266 0.5 0.5 0.5 0.5 0.5 0.5 0.5 0.9889792 
Car 0.5 3 0 1164.7659 155.77191 1200.4529 177.88371 0.5 0.5 0.5 0.5 0.5 0.5 0.5 0.9848927 
Car 0.5 3 0 723.66644 168.43124 748.5518 190.91563 0.5 0.5 0.5 0.5 0.5 0.5 0.5 0.97191703 
Car 0.5 3 0 1038.6425 158.58907 1070.19 177.76562 0.5 0.5 0.5 0.5 0.5 0.5 0.5 0.97039515 
Car 0.5 3 0 1195.8281 154.36624 1238.0698 175.1199 0.5 0.5 0.5 0.5 0.5 0.5 0.5 0.95162696 
Car 0.5 3 0 1130.7899 155.82494 1169.0245 177.53616 0.5 0.5 0.5 0.5 0.5 0.5 0.5 0.9482667 
Car 0.5 3 0 709.99896 171.11325 723.5279 182.11108 0.5 0.5 0.5 0.5 0.5 0.5 0.5 0.9197926 
Car 0.5 3 0 885.46765 159.00285 917.4197 174.03513 0.5 0.5 0.5 0.5 0.5 0.5 0.5 0.9033619 
Car 0.5 3 0 821.5923 160.64891 842.5925 172.47394 0.5 0.5 0.5 0.5 0.5 0.5 0.5 0.8928192 
Car 0.5 3 0 824.38116 159.67209 874.43506 173.39206 0.5 0.5 0.5 0.5 0.5 0.5 0.5 0.88885045 
Car 0.5 3 0 1013.1455 159.50824 1039.9763 175.72469 0.5 0.5 0.5 0.5 0.5 0.5 0.5 0.8679191 
Car 0.5 3 0 1097.2438 158.73871 1133.1318 178.0933 0.5 0.5 0.5 0.5 0.5 0.5 0.5 0.86641467 
Car 0.5 3 0 291.11237 192.86815 310.59216 208.42998 0.5 0.5 0.5 0.5 0.5 0.5 0.5 0.86450213 
Car 0.5 3 0 788.4182 159.14359 821.4056 173.01491 0.5 0.5 0.5 0.5 0.5 0.5 0.5 0.8126948 
Car 0.5 3 0 854.11084 160.057 884.67126 172.64905 0.5 0.5 0.5 0.5 0.5 0.5 0.5 0.6838655 
Car 0.5 3 0 461.9266 167.0709 523.23706 207.51746 0.5 0.5 0.5 0.5 0.5 0.5 0.5 0.6788874 
Car 0.5 3 0 303.79984 169.82309 407.71866 225.25739 0.5 0.5 0.5 0.5 0.5 0.5 0.5 0.6268266 
