Car 0.5 3 0 574.0788 185.10468 628.1417 226.27014 0.5 0.5 0.5 0.5 0.5 0.5 0.5 0.9893506 
Car 0.5 3 0 1169.7991 172.87544 1204.8075 195.06902 0.5 0.5 0.5 0.5 0.5 0.5 0.5 0.98395085 
Car 0.5 3 0 1133.7961 174.57288 1172.4058 194.8292 0.5 0.5 0.5 0.5 0.5 0.5 0.5 0.9703804 
Car 0.5 3 0 1202.4086 172.83813 1241.9116 193.15689 0.5 0.5 0.5 0.5 0.5 0.5 0.5 0.96776253 
Car 0.5 3 0 707.75024 183.62465 724.5518 197.32135 0.5 0.5 0.5 0.5 0.5 0.5 0.5 0.9241342 
Pedestrian 0.5 3 0 302.9915 187.73283 320.39294 231.52223 0.5 0.5 0.5 0.5 0.5 0.5 0.5 0.88077706 
Car 0.5 3 0 1106.6995 173.40562 1141.0205 193.67513 0.5 0.5 0.5 0.5 0.5 0.5 0.5 0.83273387 
Car 0.5 3 0 817.76373 173.36597 871.98474 187.84886 0.5 0.5 0.5 0.5 0.5 0.5 0.5 0.8059388 
Car 0.5 3 0 877.69104 170.91144 907.6968 188.18315 0.5 0.5 0.5 0.5 0.5 0.5 0.5 0.80288756 
Car 0.5 3 0 260.60474 201.39838 281.60324 216.11363 0.5 0.5 0.5 0.5 0.5 0.5 0.5 0.8004635 
Car 0.5 3 0 811.67816 174.1372 847.6348 186.18042 0.5 0.5 0.5 0.5 0.5 0.5 0.5 0.7158807 
Car 0.5 3 0 1010.6257 174.86171 1055.4901 190.61075 0.5 0.5 0.5 0.5 0.5 0.5 0.5 0.6990758 
Car 0.5 3 0 448.95984 184.87392 471.50882 201.66309 0.5 0.5 0.5 0.5 0.5 0.5 0.5 0.6912439 
Car 0.5 3 0 811.04535 174.54367 831.38885 184.19257 0.5 0.5 0.5 0.5 0.5 0.5 0.5 0.59212387 
Car 0.5 3 0 1.9007858 161.83292 187.02739 267.63828 0.5 0.5 0.5 0.5 0.5 0.5 0.5 0.5507629 
Car 0.5 3 0 1044.7308 174.563 1055.9159 186.53795 0.5 0.5 0.5 0.5 0.5 0.5 0.5 0.5241112 
Car 0.5 3 0 452.18915 185.04343 486.9273 202.55777 0.5 0.5 0.5 0.5 0.5 0.5 0.5 0.5126269 
