Car 0.5 3 0 552.6291 184.63428 602.97314 230.07552 0.5 0.5 0.5 0.5 0.5 0.5 0.5 0.97848046 
Car 0.5 3 0 1172.2207 170.59749 1208.3171 192.95612 0.5 0.5 0.5 0.5 0.5 0.5 0.5 0.9735224 
Car 0.5 3 0 715.21246 181.59749 731.71387 195.52274 0.5 0.5 0.5 0.5 0.5 0.5 0.5 0.961965 
Car 0.5 3 0 1205.4307 171.61603 1241.5619 191.8553 0.5 0.5 0.5 0.5 0.5 0.5 0.5 0.943909 
Car 0.5 3 0 34.36164 165.61818 258.4258 261.9923 0.5 0.5 0.5 0.5 0.5 0.5 0.5 0.9110552 
Car 0.5 3 0 1135.5757 170.8952 1175.5476 191.4965 0.5 0.5 0.5 0.5 0.5 0.5 0.5 0.9037685 
Car 0.5 3 0 270.6855 200.79388 292.01218 216.29594 0.5 0.5 0.5 0.5 0.5 0.5 0.5 0.8653982 
Car 0.5 3 0 1103.8152 171.80074 1141.2001 192.84543 0.5 0.5 0.5 0.5 0.5 0.5 0.5 0.86490285 
Car 0.5 3 0 882.93256 170.17714 911.50336 186.13612 0.5 0.5 0.5 0.5 0.5 0.5 0.5 0.8226789 
Car 0.5 3 0 818.69775 171.65256 872.44745 185.77823 0.5 0.5 0.5 0.5 0.5 0.5 0.5 0.81761956 
Car 0.5 3 0 696.4689 181.51508 711.15625 194.83005 0.5 0.5 0.5 0.5 0.5 0.5 0.5 0.75667334 
Pedestrian 0.5 3 0 430.2479 193.23776 439.50574 217.83635 0.5 0.5 0.5 0.5 0.5 0.5 0.5 0.6601209 
Car 0.5 3 0 683.07715 173.16779 701.2025 195.88396 0.5 0.5 0.5 0.5 0.5 0.5 0.5 0.6374575 
Car 0.5 3 0 849.741 171.69617 878.815 186.24394 0.5 0.5 0.5 0.5 0.5 0.5 0.5 0.6269308 
Car 0.5 3 0 459.22974 185.2411 477.63434 200.18167 0.5 0.5 0.5 0.5 0.5 0.5 0.5 0.6230282 
Car 0.5 3 0 816.4239 173.1711 840.7005 184.60776 0.5 0.5 0.5 0.5 0.5 0.5 0.5 0.6198082 
Car 0.5 3 0 965.2005 174.4441 1011.87585 193.99318 0.5 0.5 0.5 0.5 0.5 0.5 0.5 0.5876006 
