Car 0.5 3 0 722.4533 169.41133 749.78577 193.55324 0.5 0.5 0.5 0.5 0.5 0.5 0.5 0.98779964 
Car 0.5 3 0 272.70493 188.35498 362.15314 229.64566 0.5 0.5 0.5 0.5 0.5 0.5 0.5 0.98561966 
Car 0.5 3 0 1165.5919 155.79802 1196.5275 178.7112 0.5 0.5 0.5 0.5 0.5 0.5 0.5 0.9839505 
Car 0.5 3 0 648.7258 172.20479 688.336 198.68448 0.5 0.5 0.5 0.5 0.5 0.5 0.5 0.98306054 
Car 0.5 3 0 1038.8549 158.72583 1070.3848 177.75311 0.5 0.5 0.5 0.5 0.5 0.5 0.5 0.9680692 
Car 0.5 3 0 459.2059 180.39558 499.31873 208.04803 0.5 0.5 0.5 0.5 0.5 0.5 0.5 0.96780753 
Car 0.5 3 0 1195.5168 154.29208 1238.5966 175.11153 0.5 0.5 0.5 0.5 0.5 0.5 0.5 0.9654737 
Car 0.5 3 0 688.9176 171.36371 708.41156 188.36479 0.5 0.5 0.5 0.5 0.5 0.5 0.5 0.9532185 
Car 0.5 3 0 523.69275 179.69376 552.39374 197.698 0.5 0.5 0.5 0.5 0.5 0.5 0.5 0.9521416 
Car 0.5 3 0 1130.8726 155.96721 1168.5249 177.34631 0.5 0.5 0.5 0.5 0.5 0.5 0.5 0.94374174 
Car 0.5 3 0 885.9148 158.82904 919.761 174.606 0.5 0.5 0.5 0.5 0.5 0.5 0.5 0.9128512 
Car 0.5 3 0 824.11835 159.59283 874.1111 173.34354 0.5 0.5 0.5 0.5 0.5 0.5 0.5 0.91217315 
Car 0.5 3 0 821.62854 160.58171 842.5115 172.43486 0.5 0.5 0.5 0.5 0.5 0.5 0.5 0.8946804 
Car 0.5 3 0 1097.5349 158.48077 1133.5841 178.06184 0.5 0.5 0.5 0.5 0.5 0.5 0.5 0.86869293 
Car 0.5 3 0 1013.20306 159.59651 1040.4622 175.76938 0.5 0.5 0.5 0.5 0.5 0.5 0.5 0.8673806 
Pedestrian 0.5 3 0 447.35754 182.14789 461.34912 207.34981 0.5 0.5 0.5 0.5 0.5 0.5 0.5 0.8128805 
Pedestrian 0.5 3 0 154.32709 198.17682 169.22505 242.1381 0.5 0.5 0.5 0.5 0.5 0.5 0.5 0.80746937 
Car 0.5 3 0 787.8978 159.01222 821.8332 173.48515 0.5 0.5 0.5 0.5 0.5 0.5 0.5 0.7686813 
Car 0.5 3 0 854.3127 160.01508 884.53156 172.63403 0.5 0.5 0.5 0.5 0.5 0.5 0.5 0.69552904 
Car 0.5 3 0 352.0884 182.27234 384.28006 200.56339 0.5 0.5 0.5 0.5 0.5 0.5 0.5 0.64700866 
Car 0.5 3 0 803.21704 159.38133 821.1752 172.67386 0.5 0.5 0.5 0.5 0.5 0.5 0.5 0.5609191 
