Car 0.5 3 0 294.43817 184.19576 332.71417 217.41351 0.5 0.5 0.5 0.5 0.5 0.5 0.5 0.98065233 
Pedestrian 0.5 3 0 859.57385 159.70853 884.6465 220.49481 0.5 0.5 0.5 0.5 0.5 0.5 0.5 0.97669274 
Car 0.5 3 0 315.208 185.38815 367.64322 210.86922 0.5 0.5 0.5 0.5 0.5 0.5 0.5 0.9468864 
Car 0.5 3 0 426.28738 183.31226 458.19675 195.60252 0.5 0.5 0.5 0.5 0.5 0.5 0.5 0.9280564 
Car 0.5 3 0 691.4489 172.46786 722.5754 199.5592 0.5 0.5 0.5 0.5 0.5 0.5 0.5 0.86938363 
Car 0.5 3 0 750.1976 172.57332 779.3697 185.05235 0.5 0.5 0.5 0.5 0.5 0.5 0.5 0.80390924 
Car 0.5 3 0 319.78882 178.77477 396.30484 206.11983 0.5 0.5 0.5 0.5 0.5 0.5 0.5 0.76244015 
Pedestrian 0.5 3 0 648.7805 175.52757 663.2788 210.24254 0.5 0.5 0.5 0.5 0.5 0.5 0.5 0.7583797 
Car 0.5 3 0 371.7075 179.25844 411.6349 205.36058 0.5 0.5 0.5 0.5 0.5 0.5 0.5 0.7577395 
Car 0.5 3 0 698.0636 166.98817 734.8634 194.49849 0.5 0.5 0.5 0.5 0.5 0.5 0.5 0.71561503 
Car 0.5 3 0 734.9794 170.68005 753.117 184.15474 0.5 0.5 0.5 0.5 0.5 0.5 0.5 0.61864144 
Car 0.5 3 0 494.26016 178.33879 518.235 190.90874 0.5 0.5 0.5 0.5 0.5 0.5 0.5 0.5920157 
Pedestrian 0.5 3 0 664.8948 179.57498 676.8657 215.79504 0.5 0.5 0.5 0.5 0.5 0.5 0.5 0.5629123 
Cyclist 0.5 3 0 863.1876 183.19862 888.0736 221.20526 0.5 0.5 0.5 0.5 0.5 0.5 0.5 0.5462878 
Car 0.5 3 0 355.2202 179.21924 394.0644 205.54463 0.5 0.5 0.5 0.5 0.5 0.5 0.5 0.5247635 
Car 0.5 3 0 611.7014 173.94582 626.92316 183.98785 0.5 0.5 0.5 0.5 0.5 0.5 0.5 0.5072956 
