Car 0.5 3 0 1172.5466 171.1364 1205.4298 194.77835 0.5 0.5 0.5 0.5 0.5 0.5 0.5 0.988746 
Car 0.5 3 0 564.0664 184.02661 617.37256 227.30109 0.5 0.5 0.5 0.5 0.5 0.5 0.5 0.98409677 
Car 0.5 3 0 1203.0117 171.69424 1241.8119 192.22498 0.5 0.5 0.5 0.5 0.5 0.5 0.5 0.9586158 
Car 0.5 3 0 712.0519 182.1481 728.20935 195.94142 0.5 0.5 0.5 0.5 0.5 0.5 0.5 0.9484969 
Car 0.5 3 0 1135.5815 171.4062 1175.2743 193.08507 0.5 0.5 0.5 0.5 0.5 0.5 0.5 0.9480987 
Car 0.5 3 0 1102.8048 172.34717 1141.0054 193.67543 0.5 0.5 0.5 0.5 0.5 0.5 0.5 0.9242032 
Car 0.5 3 0 879.793 170.10423 911.09814 187.89253 0.5 0.5 0.5 0.5 0.5 0.5 0.5 0.8563121 
Car 0.5 3 0 266.53778 200.9573 287.4626 214.83284 0.5 0.5 0.5 0.5 0.5 0.5 0.5 0.8148516 
Car 0.5 3 0 815.0273 172.82544 850.1724 186.24728 0.5 0.5 0.5 0.5 0.5 0.5 0.5 0.7795077 
Car 0.5 3 0 826.4438 171.8984 874.3858 186.61566 0.5 0.5 0.5 0.5 0.5 0.5 0.5 0.7493798 
Car 0.5 3 0 815.1539 173.21149 835.3046 183.66458 0.5 0.5 0.5 0.5 0.5 0.5 0.5 0.73545957 
Car 0.5 3 0 852.01337 172.3389 876.4976 186.7645 0.5 0.5 0.5 0.5 0.5 0.5 0.5 0.70621336 
Car 0.5 3 0 1.3945712 159.5917 225.91664 262.7656 0.5 0.5 0.5 0.5 0.5 0.5 0.5 0.69492525 
Car 0.5 3 0 960.82605 172.94395 1017.9968 195.9771 0.5 0.5 0.5 0.5 0.5 0.5 0.5 0.69076514 
Car 0.5 3 0 453.44345 184.0022 478.79688 199.80011 0.5 0.5 0.5 0.5 0.5 0.5 0.5 0.5856384 
Car 0.5 3 0 285.56793 197.69571 304.069 210.15616 0.5 0.5 0.5 0.5 0.5 0.5 0.5 0.567659 
Car 0.5 3 0 326.9467 190.85095 365.64136 210.32669 0.5 0.5 0.5 0.5 0.5 0.5 0.5 0.54546744 
Car 0.5 3 0 913.6626 171.90088 937.7821 187.61201 0.5 0.5 0.5 0.5 0.5 0.5 0.5 0.5055572 
