Car 0.5 3 0 632.1076 171.60806 701.4684 219.75288 0.5 0.5 0.5 0.5 0.5 0.5 0.5 0.99215466 
Car 0.5 3 0 430.42908 181.46878 476.3644 209.78864 0.5 0.5 0.5 0.5 0.5 0.5 0.5 0.990175 
Car 0.5 3 0 476.5805 176.01868 578.3889 230.55807 0.5 0.5 0.5 0.5 0.5 0.5 0.5 0.9859015 
Car 0.5 3 0 1165.396 155.29765 1197.3147 178.0183 0.5 0.5 0.5 0.5 0.5 0.5 0.5 0.9855639 
Car 0.5 3 0 719.28546 168.92146 745.45734 193.25069 0.5 0.5 0.5 0.5 0.5 0.5 0.5 0.9741862 
Car 0.5 3 0 1194.7308 153.81908 1240.6271 174.9707 0.5 0.5 0.5 0.5 0.5 0.5 0.5 0.9728388 
Car 0.5 3 0 1038.8881 158.66911 1070.349 177.74046 0.5 0.5 0.5 0.5 0.5 0.5 0.5 0.9681571 
Car 0.5 3 0 1130.8119 157.05978 1167.5726 177.4183 0.5 0.5 0.5 0.5 0.5 0.5 0.5 0.96716654 
Car 0.5 3 0 885.85114 158.89848 919.76166 174.60942 0.5 0.5 0.5 0.5 0.5 0.5 0.5 0.92002606 
Car 0.5 3 0 682.67664 171.90985 703.9953 191.38864 0.5 0.5 0.5 0.5 0.5 0.5 0.5 0.91608423 
Car 0.5 3 0 824.25885 159.64842 874.20856 173.13808 0.5 0.5 0.5 0.5 0.5 0.5 0.5 0.8967484 
Car 0.5 3 0 1098.6729 158.69066 1132.5532 177.867 0.5 0.5 0.5 0.5 0.5 0.5 0.5 0.89043146 
Car 0.5 3 0 821.5399 160.57503 842.25244 172.36899 0.5 0.5 0.5 0.5 0.5 0.5 0.5 0.8862117 
Car 0.5 3 0 1013.1626 159.45807 1040.1466 175.67062 0.5 0.5 0.5 0.5 0.5 0.5 0.5 0.8669783 
Car 0.5 3 0 788.1549 158.9896 821.712 172.78801 0.5 0.5 0.5 0.5 0.5 0.5 0.5 0.767178 
Car 0.5 3 0 854.3438 160.02353 884.63947 172.62723 0.5 0.5 0.5 0.5 0.5 0.5 0.5 0.6955689 
Car 0.5 3 0 803.27246 159.3619 821.12067 172.1706 0.5 0.5 0.5 0.5 0.5 0.5 0.5 0.626527 
Car 0.5 3 0 353.43198 182.02255 383.11572 197.08363 0.5 0.5 0.5 0.5 0.5 0.5 0.5 0.6027039 
Car 0.5 3 0 330.3251 177.32376 360.1336 193.34871 0.5 0.5 0.5 0.5 0.5 0.5 0.5 0.5337687 
