Car 0.5 3 0 444.94907 181.09999 558.91064 235.11926 0.5 0.5 0.5 0.5 0.5 0.5 0.5 0.9970906 
Car 0.5 3 0 0.57995886 196.98349 117.989655 261.5302 0.5 0.5 0.5 0.5 0.5 0.5 0.5 0.99138993 
Car 0.5 3 0 663.00586 172.2499 692.7392 197.06737 0.5 0.5 0.5 0.5 0.5 0.5 0.5 0.9887178 
Car 0.5 3 0 1165.6968 156.00117 1196.5194 179.057 0.5 0.5 0.5 0.5 0.5 0.5 0.5 0.9881633 
Car 0.5 3 0 1038.9789 158.84525 1069.9073 177.75726 0.5 0.5 0.5 0.5 0.5 0.5 0.5 0.9722711 
Car 0.5 3 0 688.24304 172.46393 708.3217 192.1651 0.5 0.5 0.5 0.5 0.5 0.5 0.5 0.968927 
Car 0.5 3 0 1131.036 157.2509 1168.1746 177.61961 0.5 0.5 0.5 0.5 0.5 0.5 0.5 0.96483254 
Car 0.5 3 0 1195.2018 153.96353 1240.3816 175.20598 0.5 0.5 0.5 0.5 0.5 0.5 0.5 0.96375084 
Car 0.5 3 0 823.6779 159.6239 874.4468 173.66751 0.5 0.5 0.5 0.5 0.5 0.5 0.5 0.9150317 
Car 0.5 3 0 885.87317 158.81802 920.3011 174.6261 0.5 0.5 0.5 0.5 0.5 0.5 0.5 0.9122756 
Car 0.5 3 0 1098.6685 158.68271 1132.7926 178.09837 0.5 0.5 0.5 0.5 0.5 0.5 0.5 0.89139444 
Car 0.5 3 0 821.7218 160.3302 850.78284 173.72409 0.5 0.5 0.5 0.5 0.5 0.5 0.5 0.8864627 
Car 0.5 3 0 1013.234 159.70462 1040.0043 175.86052 0.5 0.5 0.5 0.5 0.5 0.5 0.5 0.87555605 
Car 0.5 3 0 788.5933 159.09439 821.56714 173.43752 0.5 0.5 0.5 0.5 0.5 0.5 0.5 0.8366905 
Car 0.5 3 0 285.6884 160.80504 409.78497 226.951 0.5 0.5 0.5 0.5 0.5 0.5 0.5 0.7872342 
Car 0.5 3 0 614.2364 174.57983 626.77405 183.1483 0.5 0.5 0.5 0.5 0.5 0.5 0.5 0.7729867 
Car 0.5 3 0 854.50586 160.07419 884.75146 172.80568 0.5 0.5 0.5 0.5 0.5 0.5 0.5 0.6903418 
Pedestrian 0.5 3 0 154.55623 198.21045 168.76515 242.45755 0.5 0.5 0.5 0.5 0.5 0.5 0.5 0.64431006 
Car 0.5 3 0 720.11334 155.51756 753.8597 191.9052 0.5 0.5 0.5 0.5 0.5 0.5 0.5 0.5589363 
