Car 0.5 3 0 837.6211 168.46645 873.0947 195.6344 0.5 0.5 0.5 0.5 0.5 0.5 0.5 0.99274445 
Car 0.5 3 0 445.01898 181.0633 476.072 206.5578 0.5 0.5 0.5 0.5 0.5 0.5 0.5 0.99038213 
Car 0.5 3 0 858.3935 168.973 904.1698 196.5945 0.5 0.5 0.5 0.5 0.5 0.5 0.5 0.9848734 
Car 0.5 3 0 941.9857 166.90921 1027.3356 202.25307 0.5 0.5 0.5 0.5 0.5 0.5 0.5 0.9826912 
Car 0.5 3 0 1066.3418 165.67342 1123.3214 211.2488 0.5 0.5 0.5 0.5 0.5 0.5 0.5 0.9723244 
Car 0.5 3 0 924.43335 166.05005 960.23737 192.38881 0.5 0.5 0.5 0.5 0.5 0.5 0.5 0.955365 
Car 0.5 3 0 702.2797 167.73239 735.7276 188.06667 0.5 0.5 0.5 0.5 0.5 0.5 0.5 0.9527435 
Car 0.5 3 0 764.55853 167.6606 810.40497 190.6152 0.5 0.5 0.5 0.5 0.5 0.5 0.5 0.94659805 
Car 0.5 3 0 810.65967 171.09572 841.9131 190.74072 0.5 0.5 0.5 0.5 0.5 0.5 0.5 0.8704738 
Car 0.5 3 0 732.64056 166.84204 778.6103 189.8933 0.5 0.5 0.5 0.5 0.5 0.5 0.5 0.8563343 
Car 0.5 3 0 0.7268154 175.64256 29.563147 211.22826 0.5 0.5 0.5 0.5 0.5 0.5 0.5 0.79196185 
Car 0.5 3 0 369.535 176.74051 383.35425 187.42995 0.5 0.5 0.5 0.5 0.5 0.5 0.5 0.7849543 
Car 0.5 3 0 426.2608 176.51512 449.15884 197.24448 0.5 0.5 0.5 0.5 0.5 0.5 0.5 0.7775959 
Car 0.5 3 0 403.0336 180.35 429.0708 194.13393 0.5 0.5 0.5 0.5 0.5 0.5 0.5 0.7629735 
Car 0.5 3 0 381.39737 179.17932 397.28702 190.33928 0.5 0.5 0.5 0.5 0.5 0.5 0.5 0.76119465 
Car 0.5 3 0 1141.5618 180.97243 1209.3629 215.30641 0.5 0.5 0.5 0.5 0.5 0.5 0.5 0.75257576 
Car 0.5 3 0 495.4866 172.03354 534.5583 205.66783 0.5 0.5 0.5 0.5 0.5 0.5 0.5 0.7463909 
Car 0.5 3 0 725.10077 165.99739 752.1253 187.1784 0.5 0.5 0.5 0.5 0.5 0.5 0.5 0.74423987 
Car 0.5 3 0 640.12415 163.56013 677.03564 182.62138 0.5 0.5 0.5 0.5 0.5 0.5 0.5 0.67260706 
Car 0.5 3 0 665.75446 165.74002 697.26117 187.05072 0.5 0.5 0.5 0.5 0.5 0.5 0.5 0.6535235 
Car 0.5 3 0 398.41687 180.02243 413.47177 192.38387 0.5 0.5 0.5 0.5 0.5 0.5 0.5 0.6349774 
Car 0.5 3 0 369.13824 175.33946 392.83408 188.19217 0.5 0.5 0.5 0.5 0.5 0.5 0.5 0.63223284 
Pedestrian 0.5 3 0 8.908905 187.94196 23.52586 225.1787 0.5 0.5 0.5 0.5 0.5 0.5 0.5 0.50397515 
