Car 0.5 3 0 38.594894 190.5647 200.92047 256.44135 0.5 0.5 0.5 0.5 0.5 0.5 0.5 0.9942386 
Car 0.5 3 0 1164.8759 155.91565 1199.7915 177.55249 0.5 0.5 0.5 0.5 0.5 0.5 0.5 0.9812169 
Car 0.5 3 0 1038.9019 158.7242 1069.9374 177.99492 0.5 0.5 0.5 0.5 0.5 0.5 0.5 0.96321934 
Car 0.5 3 0 1195.123 154.17992 1240.4137 174.88885 0.5 0.5 0.5 0.5 0.5 0.5 0.5 0.9613236 
Car 0.5 3 0 308.2259 182.7263 471.35373 255.49112 0.5 0.5 0.5 0.5 0.5 0.5 0.5 0.959377 
Car 0.5 3 0 1130.8561 156.16539 1168.3651 177.30383 0.5 0.5 0.5 0.5 0.5 0.5 0.5 0.9457875 
Car 0.5 3 0 681.43494 172.19002 702.2124 186.851 0.5 0.5 0.5 0.5 0.5 0.5 0.5 0.8962015 
Car 0.5 3 0 885.30084 158.98248 917.88574 174.13364 0.5 0.5 0.5 0.5 0.5 0.5 0.5 0.8958596 
Car 0.5 3 0 1097.6088 158.5608 1132.8822 178.03131 0.5 0.5 0.5 0.5 0.5 0.5 0.5 0.89043224 
Car 0.5 3 0 498.92838 179.153 525.2305 204.60315 0.5 0.5 0.5 0.5 0.5 0.5 0.5 0.8901983 
Car 0.5 3 0 821.3282 160.43054 846.7034 173.2434 0.5 0.5 0.5 0.5 0.5 0.5 0.5 0.8881427 
Car 0.5 3 0 1012.68884 159.4757 1040.6101 176.088 0.5 0.5 0.5 0.5 0.5 0.5 0.5 0.8780071 
Car 0.5 3 0 704.9414 166.98355 742.81464 198.90369 0.5 0.5 0.5 0.5 0.5 0.5 0.5 0.8739495 
Car 0.5 3 0 290.7475 193.13377 311.26315 209.18234 0.5 0.5 0.5 0.5 0.5 0.5 0.5 0.85665464 
Car 0.5 3 0 832.7718 159.71011 878.47266 172.70158 0.5 0.5 0.5 0.5 0.5 0.5 0.5 0.8559873 
Car 0.5 3 0 524.7966 161.38672 649.18634 245.17737 0.5 0.5 0.5 0.5 0.5 0.5 0.5 0.8342827 
Car 0.5 3 0 788.8357 159.19536 821.6587 172.96806 0.5 0.5 0.5 0.5 0.5 0.5 0.5 0.8160658 
Car 0.5 3 0 471.90286 175.96214 495.38495 191.7587 0.5 0.5 0.5 0.5 0.5 0.5 0.5 0.794141 
Car 0.5 3 0 854.07794 160.08562 884.5211 172.7166 0.5 0.5 0.5 0.5 0.5 0.5 0.5 0.676386 
Car 0.5 3 0 676.8234 172.71303 692.93494 184.89879 0.5 0.5 0.5 0.5 0.5 0.5 0.5 0.5215304 
