Car 0.5 3 0 1164.1792 155.41345 1195.5519 178.70506 0.5 0.5 0.5 0.5 0.5 0.5 0.5 0.98376954 
Car 0.5 3 0 355.04956 172.03719 567.2191 290.0302 0.5 0.5 0.5 0.5 0.5 0.5 0.5 0.9835549 
Car 0.5 3 0 20.99947 193.38121 186.86487 258.14966 0.5 0.5 0.5 0.5 0.5 0.5 0.5 0.9806706 
Car 0.5 3 0 728.439 170.79883 749.41656 188.61076 0.5 0.5 0.5 0.5 0.5 0.5 0.5 0.97824085 
Car 0.5 3 0 1038.8861 158.74133 1070.3137 177.76062 0.5 0.5 0.5 0.5 0.5 0.5 0.5 0.9711121 
Car 0.5 3 0 1195.4248 153.92299 1238.211 175.1647 0.5 0.5 0.5 0.5 0.5 0.5 0.5 0.9610102 
Car 0.5 3 0 677.6965 171.1876 706.0968 192.91023 0.5 0.5 0.5 0.5 0.5 0.5 0.5 0.9531285 
Car 0.5 3 0 1130.9446 156.17665 1168.1567 177.45387 0.5 0.5 0.5 0.5 0.5 0.5 0.5 0.952724 
Car 0.5 3 0 712.5244 170.44751 729.39624 184.2164 0.5 0.5 0.5 0.5 0.5 0.5 0.5 0.9452426 
Car 0.5 3 0 885.93964 158.87056 919.73553 174.58899 0.5 0.5 0.5 0.5 0.5 0.5 0.5 0.90408343 
Car 0.5 3 0 1097.8145 158.79456 1131.9513 178.07518 0.5 0.5 0.5 0.5 0.5 0.5 0.5 0.8924075 
Car 0.5 3 0 821.51965 160.72018 842.8484 172.63704 0.5 0.5 0.5 0.5 0.5 0.5 0.5 0.8902971 
Car 0.5 3 0 1013.1443 159.49841 1040.3322 176.24753 0.5 0.5 0.5 0.5 0.5 0.5 0.5 0.86867195 
Car 0.5 3 0 824.7478 159.44025 875.6238 172.67886 0.5 0.5 0.5 0.5 0.5 0.5 0.5 0.82076436 
Car 0.5 3 0 788.5544 159.13141 821.71436 172.91861 0.5 0.5 0.5 0.5 0.5 0.5 0.5 0.8078339 
Car 0.5 3 0 291.2097 192.9995 311.15796 207.14981 0.5 0.5 0.5 0.5 0.5 0.5 0.5 0.7269554 
Car 0.5 3 0 854.2517 160.03989 884.5039 172.72176 0.5 0.5 0.5 0.5 0.5 0.5 0.5 0.6849786 
Car 0.5 3 0 352.47073 183.02615 379.01624 206.14407 0.5 0.5 0.5 0.5 0.5 0.5 0.5 0.6822607 
Car 0.5 3 0 290.6415 191.25119 325.9314 208.00508 0.5 0.5 0.5 0.5 0.5 0.5 0.5 0.5385681 
Car 0.5 3 0 329.21237 178.24147 354.15414 196.38104 0.5 0.5 0.5 0.5 0.5 0.5 0.5 0.5049469 
