Car 0.5 3 0 1.9407786 201.658 240.1083 365.3028 0.5 0.5 0.5 0.5 0.5 0.5 0.5 0.9931797 
Car 0.5 3 0 397.6532 170.77998 436.71384 191.86345 0.5 0.5 0.5 0.5 0.5 0.5 0.5 0.8969644 
Pedestrian 0.5 3 0 634.5682 170.18797 648.7445 205.45135 0.5 0.5 0.5 0.5 0.5 0.5 0.5 0.8340889 
Car 0.5 3 0 384.37527 174.51796 419.1517 194.41232 0.5 0.5 0.5 0.5 0.5 0.5 0.5 0.8219438 
Car 0.5 3 0 656.8483 169.12126 678.1536 184.34537 0.5 0.5 0.5 0.5 0.5 0.5 0.5 0.7604755 
Pedestrian 0.5 3 0 683.26044 177.65295 707.5032 244.16388 0.5 0.5 0.5 0.5 0.5 0.5 0.5 0.7548287 
Car 0.5 3 0 419.74496 173.04298 438.2455 190.55779 0.5 0.5 0.5 0.5 0.5 0.5 0.5 0.694938 
Car 0.5 3 0 440.70184 177.43968 455.11664 188.07385 0.5 0.5 0.5 0.5 0.5 0.5 0.5 0.68242866 
Pedestrian 0.5 3 0 625.55725 172.86559 634.8865 195.54979 0.5 0.5 0.5 0.5 0.5 0.5 0.5 0.6415802 
Pedestrian 0.5 3 0 648.3511 172.39902 666.67194 220.52583 0.5 0.5 0.5 0.5 0.5 0.5 0.5 0.621884 
Pedestrian 0.5 3 0 303.3042 187.00208 319.99606 233.51099 0.5 0.5 0.5 0.5 0.5 0.5 0.5 0.5315461 
Car 0.5 3 0 477.70688 170.00107 492.7611 183.01685 0.5 0.5 0.5 0.5 0.5 0.5 0.5 0.5212575 
