Car 0.5 3 0 7.1626863 191.8302 119.13732 257.06644 0.5 0.5 0.5 0.5 0.5 0.5 0.5 0.99605286 
Car 0.5 3 0 0.4726125 207.68852 69.83685 337.12665 0.5 0.5 0.5 0.5 0.5 0.5 0.5 0.98843294 
Car 0.5 3 0 1165.5112 155.77437 1196.4509 178.74068 0.5 0.5 0.5 0.5 0.5 0.5 0.5 0.9836442 
Car 0.5 3 0 428.03137 178.96358 543.52295 239.32346 0.5 0.5 0.5 0.5 0.5 0.5 0.5 0.97990763 
Car 0.5 3 0 1038.9448 158.69125 1070.2126 177.75949 0.5 0.5 0.5 0.5 0.5 0.5 0.5 0.9709081 
Car 0.5 3 0 701.995 171.25359 717.1726 183.94975 0.5 0.5 0.5 0.5 0.5 0.5 0.5 0.96110225 
Car 0.5 3 0 1195.6969 153.77808 1238.5996 175.19638 0.5 0.5 0.5 0.5 0.5 0.5 0.5 0.9607985 
Car 0.5 3 0 1130.9487 156.28235 1168.4031 177.44109 0.5 0.5 0.5 0.5 0.5 0.5 0.5 0.95467585 
Car 0.5 3 0 326.21353 183.29771 420.74426 221.02168 0.5 0.5 0.5 0.5 0.5 0.5 0.5 0.9474538 
Car 0.5 3 0 713.2948 167.23701 747.92065 195.6428 0.5 0.5 0.5 0.5 0.5 0.5 0.5 0.94477105 
Car 0.5 3 0 885.42163 159.0035 917.94183 174.08707 0.5 0.5 0.5 0.5 0.5 0.5 0.5 0.9039449 
Car 0.5 3 0 821.4575 160.9656 849.5552 172.92867 0.5 0.5 0.5 0.5 0.5 0.5 0.5 0.90107894 
Car 0.5 3 0 678.1193 172.32388 700.099 186.4427 0.5 0.5 0.5 0.5 0.5 0.5 0.5 0.8988786 
Car 0.5 3 0 1097.8439 158.77902 1132.4779 178.10509 0.5 0.5 0.5 0.5 0.5 0.5 0.5 0.8829078 
Car 0.5 3 0 1013.12335 159.43059 1040.5758 175.97795 0.5 0.5 0.5 0.5 0.5 0.5 0.5 0.87649786 
Car 0.5 3 0 833.7228 159.73961 878.3501 172.68828 0.5 0.5 0.5 0.5 0.5 0.5 0.5 0.8289569 
Car 0.5 3 0 788.3749 159.09839 821.7055 173.22423 0.5 0.5 0.5 0.5 0.5 0.5 0.5 0.7917412 
Car 0.5 3 0 291.34445 193.12276 311.2829 207.19632 0.5 0.5 0.5 0.5 0.5 0.5 0.5 0.71656835 
Car 0.5 3 0 522.5775 180.39204 551.38837 196.88916 0.5 0.5 0.5 0.5 0.5 0.5 0.5 0.68921196 
Car 0.5 3 0 854.3543 160.07079 884.715 172.70894 0.5 0.5 0.5 0.5 0.5 0.5 0.5 0.68439335 
Car 0.5 3 0 803.50934 159.49727 822.4539 172.59663 0.5 0.5 0.5 0.5 0.5 0.5 0.5 0.64674234 
Pedestrian 0.5 3 0 153.82227 197.11194 169.05716 240.73117 0.5 0.5 0.5 0.5 0.5 0.5 0.5 0.5900942 
Car 0.5 3 0 1140.0682 154.80432 1190.3466 178.2491 0.5 0.5 0.5 0.5 0.5 0.5 0.5 0.55556804 
Car 0.5 3 0 290.44614 191.69202 326.45737 208.6235 0.5 0.5 0.5 0.5 0.5 0.5 0.5 0.54875046 
Car 0.5 3 0 590.23846 159.57562 683.7748 228.17145 0.5 0.5 0.5 0.5 0.5 0.5 0.5 0.5357482 
