Car 0.5 3 0 1159.2764 183.2601 1240.8583 367.34668 0.5 0.5 0.5 0.5 0.5 0.5 0.5 0.99066293 
Car 0.5 3 0 34.949825 176.86514 96.19987 196.39352 0.5 0.5 0.5 0.5 0.5 0.5 0.5 0.9365868 
Car 0.5 3 0 160.29303 168.23288 204.05713 187.06757 0.5 0.5 0.5 0.5 0.5 0.5 0.5 0.77451307 
Pedestrian 0.5 3 0 493.07968 176.7656 505.21143 211.99765 0.5 0.5 0.5 0.5 0.5 0.5 0.5 0.74415857 
Pedestrian 0.5 3 0 574.3409 177.30803 588.99585 203.69542 0.5 0.5 0.5 0.5 0.5 0.5 0.5 0.74371195 
Pedestrian 0.5 3 0 383.0447 172.42282 398.67212 222.45462 0.5 0.5 0.5 0.5 0.5 0.5 0.5 0.71795887 
Pedestrian 0.5 3 0 419.9651 163.04848 434.56192 218.06757 0.5 0.5 0.5 0.5 0.5 0.5 0.5 0.710531 
Car 0.5 3 0 639.49164 170.96289 668.4128 183.4995 0.5 0.5 0.5 0.5 0.5 0.5 0.5 0.6853908 
Car 0.5 3 0 528.73883 174.91566 550.275 184.18675 0.5 0.5 0.5 0.5 0.5 0.5 0.5 0.6435999 
Car 0.5 3 0 689.7988 174.16623 713.8437 184.76155 0.5 0.5 0.5 0.5 0.5 0.5 0.5 0.58471096 
Car 0.5 3 0 266.95578 171.84212 292.78003 196.30508 0.5 0.5 0.5 0.5 0.5 0.5 0.5 0.56266433 
Car 0.5 3 0 272.0995 167.7455 304.13327 189.88475 0.5 0.5 0.5 0.5 0.5 0.5 0.5 0.51628697 
Pedestrian 0.5 3 0 446.48355 165.46852 467.42917 214.21841 0.5 0.5 0.5 0.5 0.5 0.5 0.5 0.50325876 
