Car 0.5 3 0 436.06366 178.64618 467.86267 205.5661 0.5 0.5 0.5 0.5 0.5 0.5 0.5 0.9906687 
Car 0.5 3 0 875.4824 159.38217 913.0072 187.56453 0.5 0.5 0.5 0.5 0.5 0.5 0.5 0.98512775 
Car 0.5 3 0 999.7152 154.22272 1109.5964 197.98566 0.5 0.5 0.5 0.5 0.5 0.5 0.5 0.9761327 
Car 0.5 3 0 1163.5668 154.02951 1234.8262 205.60883 0.5 0.5 0.5 0.5 0.5 0.5 0.5 0.96557206 
Car 0.5 3 0 786.5834 160.37457 832.2898 185.45802 0.5 0.5 0.5 0.5 0.5 0.5 0.5 0.9547879 
Car 0.5 3 0 898.3345 159.42479 943.7091 190.7085 0.5 0.5 0.5 0.5 0.5 0.5 0.5 0.92484033 
Car 0.5 3 0 722.10736 159.56831 757.6372 183.35956 0.5 0.5 0.5 0.5 0.5 0.5 0.5 0.9239198 
Car 0.5 3 0 746.06885 159.18648 779.5003 183.43 0.5 0.5 0.5 0.5 0.5 0.5 0.5 0.91511935 
Car 0.5 3 0 766.26495 159.37335 803.0396 184.39365 0.5 0.5 0.5 0.5 0.5 0.5 0.5 0.9037272 
Car 0.5 3 0 971.08185 157.0425 1009.37317 182.72472 0.5 0.5 0.5 0.5 0.5 0.5 0.5 0.9000774 
Car 0.5 3 0 489.57715 169.8424 525.8345 203.1895 0.5 0.5 0.5 0.5 0.5 0.5 0.5 0.8340642 
Car 0.5 3 0 652.5117 158.006 686.65497 178.36221 0.5 0.5 0.5 0.5 0.5 0.5 0.5 0.805098 
Car 0.5 3 0 364.71228 176.45879 381.96295 186.85709 0.5 0.5 0.5 0.5 0.5 0.5 0.5 0.802934 
Car 0.5 3 0 746.1025 159.6634 826.22186 184.81313 0.5 0.5 0.5 0.5 0.5 0.5 0.5 0.677266 
Car 0.5 3 0 378.9099 175.11429 396.14014 186.97552 0.5 0.5 0.5 0.5 0.5 0.5 0.5 0.67031884 
Car 0.5 3 0 680.1166 158.99026 710.3064 181.21538 0.5 0.5 0.5 0.5 0.5 0.5 0.5 0.6542969 
Car 0.5 3 0 349.39877 175.0972 364.12833 185.16068 0.5 0.5 0.5 0.5 0.5 0.5 0.5 0.6430375 
Car 0.5 3 0 420.3401 177.90382 442.44275 195.89633 0.5 0.5 0.5 0.5 0.5 0.5 0.5 0.63844436 
Car 0.5 3 0 849.975 163.64502 877.81366 182.05122 0.5 0.5 0.5 0.5 0.5 0.5 0.5 0.6380681 
Car 0.5 3 0 651.77924 161.81111 673.84735 179.0174 0.5 0.5 0.5 0.5 0.5 0.5 0.5 0.6306038 
Car 0.5 3 0 655.9805 157.5701 709.4586 182.41739 0.5 0.5 0.5 0.5 0.5 0.5 0.5 0.5398086 
Car 0.5 3 0 404.49307 179.00737 425.9949 193.08571 0.5 0.5 0.5 0.5 0.5 0.5 0.5 0.5230149 
