Car 0.5 3 0 591.0107 175.30641 673.90967 227.86955 0.5 0.5 0.5 0.5 0.5 0.5 0.5 0.9975083 
Car 0.5 3 0 423.56818 182.291 477.55356 212.2165 0.5 0.5 0.5 0.5 0.5 0.5 0.5 0.9948996 
Car 0.5 3 0 233.72733 187.44415 355.64984 232.80675 0.5 0.5 0.5 0.5 0.5 0.5 0.5 0.98964953 
Car 0.5 3 0 1165.619 155.94406 1196.233 178.65468 0.5 0.5 0.5 0.5 0.5 0.5 0.5 0.9847921 
Car 0.5 3 0 678.12036 171.73956 698.58514 193.12361 0.5 0.5 0.5 0.5 0.5 0.5 0.5 0.98301756 
Car 0.5 3 0 1038.951 158.69487 1070.056 177.6977 0.5 0.5 0.5 0.5 0.5 0.5 0.5 0.9680829 
Car 0.5 3 0 1195.7716 153.88982 1238.508 175.14542 0.5 0.5 0.5 0.5 0.5 0.5 0.5 0.9543124 
Car 0.5 3 0 1130.8417 156.15587 1168.3286 177.37262 0.5 0.5 0.5 0.5 0.5 0.5 0.5 0.95417774 
Car 0.5 3 0 535.40155 172.69382 559.2078 195.04974 0.5 0.5 0.5 0.5 0.5 0.5 0.5 0.9532132 
Car 0.5 3 0 500.3395 173.72882 537.39453 202.41502 0.5 0.5 0.5 0.5 0.5 0.5 0.5 0.94486105 
Car 0.5 3 0 823.65155 159.6762 874.7231 173.33731 0.5 0.5 0.5 0.5 0.5 0.5 0.5 0.9191621 
Car 0.5 3 0 885.47546 159.01894 918.5731 174.08405 0.5 0.5 0.5 0.5 0.5 0.5 0.5 0.90971553 
Car 0.5 3 0 1013.0313 159.43431 1040.4938 176.04033 0.5 0.5 0.5 0.5 0.5 0.5 0.5 0.89293003 
Car 0.5 3 0 474.3037 175.3138 494.26022 193.20102 0.5 0.5 0.5 0.5 0.5 0.5 0.5 0.89087945 
Car 0.5 3 0 821.5167 160.71965 842.95715 172.44087 0.5 0.5 0.5 0.5 0.5 0.5 0.5 0.8866246 
Car 0.5 3 0 1097.0955 158.90218 1131.8102 178.18593 0.5 0.5 0.5 0.5 0.5 0.5 0.5 0.88240904 
Car 0.5 3 0 788.502 159.1629 821.064 172.67189 0.5 0.5 0.5 0.5 0.5 0.5 0.5 0.7913786 
Car 0.5 3 0 854.2899 160.01463 884.71204 172.79768 0.5 0.5 0.5 0.5 0.5 0.5 0.5 0.6844505 
Car 0.5 3 0 725.3819 164.90456 753.26404 191.8337 0.5 0.5 0.5 0.5 0.5 0.5 0.5 0.6813364 
Pedestrian 0.5 3 0 154.46387 198.18234 168.84186 241.057 0.5 0.5 0.5 0.5 0.5 0.5 0.5 0.65457875 
Car 0.5 3 0 352.7612 181.73186 385.25146 202.8367 0.5 0.5 0.5 0.5 0.5 0.5 0.5 0.60849226 
Car 0.5 3 0 1140.9249 154.90071 1191.3918 178.26817 0.5 0.5 0.5 0.5 0.5 0.5 0.5 0.5518294 
