Car 0.5 3 0 1165.1091 156.0022 1200.4661 177.68164 0.5 0.5 0.5 0.5 0.5 0.5 0.5 0.98593473 
Car 0.5 3 0 1.0921731 191.7698 204.09113 261.25742 0.5 0.5 0.5 0.5 0.5 0.5 0.5 0.98157746 
Car 0.5 3 0 1038.813 158.58731 1070.4938 177.7489 0.5 0.5 0.5 0.5 0.5 0.5 0.5 0.9704963 
Car 0.5 3 0 1195.2336 153.95894 1240.3197 174.87407 0.5 0.5 0.5 0.5 0.5 0.5 0.5 0.9637801 
Car 0.5 3 0 1130.9529 156.47322 1168.166 177.16661 0.5 0.5 0.5 0.5 0.5 0.5 0.5 0.9507357 
Car 0.5 3 0 722.87164 167.81425 748.0805 191.46333 0.5 0.5 0.5 0.5 0.5 0.5 0.5 0.9286899 
Car 0.5 3 0 885.5216 159.06364 918.1391 174.11205 0.5 0.5 0.5 0.5 0.5 0.5 0.5 0.90395284 
Car 0.5 3 0 824.136 159.65442 874.9733 173.46829 0.5 0.5 0.5 0.5 0.5 0.5 0.5 0.9029459 
Car 0.5 3 0 821.5692 160.64105 842.5852 172.56888 0.5 0.5 0.5 0.5 0.5 0.5 0.5 0.8933981 
Car 0.5 3 0 710.8987 170.38815 724.89197 183.00491 0.5 0.5 0.5 0.5 0.5 0.5 0.5 0.886782 
Car 0.5 3 0 1097.2666 158.83936 1132.7466 178.1615 0.5 0.5 0.5 0.5 0.5 0.5 0.5 0.88022155 
Car 0.5 3 0 1013.1306 159.51813 1040.217 175.74739 0.5 0.5 0.5 0.5 0.5 0.5 0.5 0.8714553 
Car 0.5 3 0 324.26306 169.8525 418.30298 223.07709 0.5 0.5 0.5 0.5 0.5 0.5 0.5 0.79190737 
Car 0.5 3 0 788.5622 159.13821 821.2153 173.00626 0.5 0.5 0.5 0.5 0.5 0.5 0.5 0.76791525 
Car 0.5 3 0 471.54138 167.27888 527.86005 207.68771 0.5 0.5 0.5 0.5 0.5 0.5 0.5 0.73105 
Car 0.5 3 0 853.61316 160.01819 884.65094 172.82832 0.5 0.5 0.5 0.5 0.5 0.5 0.5 0.6692331 
Car 0.5 3 0 291.25687 193.10762 310.91306 207.44809 0.5 0.5 0.5 0.5 0.5 0.5 0.5 0.64076096 
Car 0.5 3 0 1137.3927 154.93933 1189.047 178.24055 0.5 0.5 0.5 0.5 0.5 0.5 0.5 0.5269357 
Car 0.5 3 0 652.1507 171.91301 677.5666 187.38431 0.5 0.5 0.5 0.5 0.5 0.5 0.5 0.50311536 
