Car 0.5 3 0 233.56647 183.81706 346.40994 236.06757 0.5 0.5 0.5 0.5 0.5 0.5 0.5 0.99349034 
Car 0.5 3 0 1156.429 157.45676 1188.1143 177.05983 0.5 0.5 0.5 0.5 0.5 0.5 0.5 0.97952807 
Car 0.5 3 0 722.4073 174.45221 740.86383 186.86284 0.5 0.5 0.5 0.5 0.5 0.5 0.5 0.978788 
Car 0.5 3 0 1188.1149 157.34355 1240.397 174.70697 0.5 0.5 0.5 0.5 0.5 0.5 0.5 0.9747638 
Car 0.5 3 0 1122.1283 158.84346 1156.6068 178.94733 0.5 0.5 0.5 0.5 0.5 0.5 0.5 0.96813625 
Car 0.5 3 0 654.0208 175.41652 682.0366 199.83696 0.5 0.5 0.5 0.5 0.5 0.5 0.5 0.955705 
Car 0.5 3 0 1034.7787 160.79463 1064.8558 178.842 0.5 0.5 0.5 0.5 0.5 0.5 0.5 0.9535167 
Car 0.5 3 0 679.48956 174.51889 718.3882 202.58499 0.5 0.5 0.5 0.5 0.5 0.5 0.5 0.95317554 
Car 0.5 3 0 463.89197 181.24211 498.90115 210.83844 0.5 0.5 0.5 0.5 0.5 0.5 0.5 0.9421441 
Car 0.5 3 0 827.03516 162.44518 882.4634 176.79182 0.5 0.5 0.5 0.5 0.5 0.5 0.5 0.94016427 
Car 0.5 3 0 1092.0966 160.4702 1124.8082 178.56966 0.5 0.5 0.5 0.5 0.5 0.5 0.5 0.9056506 
Car 0.5 3 0 887.0514 160.48196 915.40826 176.51718 0.5 0.5 0.5 0.5 0.5 0.5 0.5 0.8803551 
Car 0.5 3 0 795.9973 162.18082 823.23425 175.61539 0.5 0.5 0.5 0.5 0.5 0.5 0.5 0.86288816 
Car 0.5 3 0 1010.81665 161.0402 1036.7885 177.21333 0.5 0.5 0.5 0.5 0.5 0.5 0.5 0.85008144 
Car 0.5 3 0 975.9368 162.68323 1013.1893 180.72948 0.5 0.5 0.5 0.5 0.5 0.5 0.5 0.82575274 
Car 0.5 3 0 825.2719 163.58167 851.2367 176.73972 0.5 0.5 0.5 0.5 0.5 0.5 0.5 0.79537886 
Pedestrian 0.5 3 0 368.13358 185.96632 387.9164 221.28517 0.5 0.5 0.5 0.5 0.5 0.5 0.5 0.6797611 
Car 0.5 3 0 851.4565 162.22285 885.35406 175.70036 0.5 0.5 0.5 0.5 0.5 0.5 0.5 0.62419885 
Car 0.5 3 0 638.36304 175.77525 652.93445 187.82959 0.5 0.5 0.5 0.5 0.5 0.5 0.5 0.58779836 
Car 0.5 3 0 342.14902 182.2015 363.52036 201.94818 0.5 0.5 0.5 0.5 0.5 0.5 0.5 0.54115856 
Pedestrian 0.5 3 0 203.74371 200.22957 216.72552 241.07079 0.5 0.5 0.5 0.5 0.5 0.5 0.5 0.5253753 
