Car 0.5 3 0 377.82715 182.78131 514.74854 247.34358 0.5 0.5 0.5 0.5 0.5 0.5 0.5 0.9963176 
Car 0.5 3 0 87.34289 189.84557 239.51628 249.55539 0.5 0.5 0.5 0.5 0.5 0.5 0.5 0.9921405 
Car 0.5 3 0 685.0947 172.0585 706.05505 190.34695 0.5 0.5 0.5 0.5 0.5 0.5 0.5 0.982408 
Car 0.5 3 0 650.8092 173.7079 687.3035 199.31198 0.5 0.5 0.5 0.5 0.5 0.5 0.5 0.98041385 
Car 0.5 3 0 1165.1116 156.0171 1199.2153 177.53627 0.5 0.5 0.5 0.5 0.5 0.5 0.5 0.9788786 
Car 0.5 3 0 1038.7354 158.57903 1070.3195 177.84235 0.5 0.5 0.5 0.5 0.5 0.5 0.5 0.970108 
Car 0.5 3 0 1195.0917 153.50851 1240.3853 175.09537 0.5 0.5 0.5 0.5 0.5 0.5 0.5 0.9628095 
Car 0.5 3 0 1130.9049 156.97 1168.5256 177.4181 0.5 0.5 0.5 0.5 0.5 0.5 0.5 0.9521512 
Car 0.5 3 0 885.9416 158.73418 920.69495 174.599 0.5 0.5 0.5 0.5 0.5 0.5 0.5 0.9271233 
Car 0.5 3 0 824.15753 159.53859 874.4265 173.25462 0.5 0.5 0.5 0.5 0.5 0.5 0.5 0.92060125 
Car 0.5 3 0 1098.4924 158.68806 1132.7421 177.90858 0.5 0.5 0.5 0.5 0.5 0.5 0.5 0.90205246 
Car 0.5 3 0 612.8764 174.2181 629.968 183.15564 0.5 0.5 0.5 0.5 0.5 0.5 0.5 0.8959004 
Car 0.5 3 0 1013.2208 159.45444 1040.6213 175.7865 0.5 0.5 0.5 0.5 0.5 0.5 0.5 0.882604 
Car 0.5 3 0 821.5465 160.53528 842.15326 172.40912 0.5 0.5 0.5 0.5 0.5 0.5 0.5 0.8695925 
Car 0.5 3 0 328.35318 179.9063 344.8378 198.87656 0.5 0.5 0.5 0.5 0.5 0.5 0.5 0.8003204 
Car 0.5 3 0 788.2613 159.0698 821.5397 172.97084 0.5 0.5 0.5 0.5 0.5 0.5 0.5 0.797221 
Car 0.5 3 0 853.9477 160.03122 884.66565 172.6118 0.5 0.5 0.5 0.5 0.5 0.5 0.5 0.6784004 
Car 0.5 3 0 291.26157 193.04759 311.0328 206.78606 0.5 0.5 0.5 0.5 0.5 0.5 0.5 0.6761559 
Car 0.5 3 0 1141.1075 155.23785 1192.3074 178.53575 0.5 0.5 0.5 0.5 0.5 0.5 0.5 0.577002 
Car 0.5 3 0 335.43753 162.55415 439.38995 214.68327 0.5 0.5 0.5 0.5 0.5 0.5 0.5 0.55764645 
