Car 0.5 3 0 401.60226 182.5927 456.0306 214.66989 0.5 0.5 0.5 0.5 0.5 0.5 0.5 0.9916918 
Car 0.5 3 0 550.21533 173.11465 623.7698 216.79536 0.5 0.5 0.5 0.5 0.5 0.5 0.5 0.9908159 
Car 0.5 3 0 1165.0314 155.69073 1198.777 177.41196 0.5 0.5 0.5 0.5 0.5 0.5 0.5 0.9852852 
Car 0.5 3 0 673.4934 170.32315 723.7126 207.78323 0.5 0.5 0.5 0.5 0.5 0.5 0.5 0.97901446 
Car 0.5 3 0 1038.9814 158.77556 1069.9952 177.68228 0.5 0.5 0.5 0.5 0.5 0.5 0.5 0.9700533 
Car 0.5 3 0 1130.8274 157.499 1167.3706 177.33427 0.5 0.5 0.5 0.5 0.5 0.5 0.5 0.96933985 
Car 0.5 3 0 1195.4016 153.9719 1238.8507 175.16852 0.5 0.5 0.5 0.5 0.5 0.5 0.5 0.96423584 
Car 0.5 3 0 724.41003 169.08063 749.09924 190.74109 0.5 0.5 0.5 0.5 0.5 0.5 0.5 0.9448269 
Car 0.5 3 0 509.41693 179.10304 532.9492 199.24771 0.5 0.5 0.5 0.5 0.5 0.5 0.5 0.9329546 
Car 0.5 3 0 824.1815 159.6487 874.8747 173.32738 0.5 0.5 0.5 0.5 0.5 0.5 0.5 0.9040206 
Car 0.5 3 0 1098.755 158.67152 1132.6936 178.03503 0.5 0.5 0.5 0.5 0.5 0.5 0.5 0.8893781 
Car 0.5 3 0 821.67413 160.68997 842.67365 172.22621 0.5 0.5 0.5 0.5 0.5 0.5 0.5 0.8817341 
Car 0.5 3 0 885.5515 157.96977 917.212 173.83772 0.5 0.5 0.5 0.5 0.5 0.5 0.5 0.87339973 
Car 0.5 3 0 1013.1456 159.67174 1040.1445 175.66771 0.5 0.5 0.5 0.5 0.5 0.5 0.5 0.8715139 
Car 0.5 3 0 473.1311 174.79927 492.39438 191.27177 0.5 0.5 0.5 0.5 0.5 0.5 0.5 0.8613781 
Car 0.5 3 0 291.1553 193.07402 310.9494 207.1054 0.5 0.5 0.5 0.5 0.5 0.5 0.5 0.7877423 
Car 0.5 3 0 787.8389 158.94604 822.08124 173.27483 0.5 0.5 0.5 0.5 0.5 0.5 0.5 0.777462 
Car 0.5 3 0 854.3122 160.05707 884.76636 172.68477 0.5 0.5 0.5 0.5 0.5 0.5 0.5 0.6950088 
Car 0.5 3 0 803.7547 159.39934 822.23486 172.55905 0.5 0.5 0.5 0.5 0.5 0.5 0.5 0.62631434 
Car 0.5 3 0 353.14893 181.99625 384.0272 197.37079 0.5 0.5 0.5 0.5 0.5 0.5 0.5 0.5922992 
Car 0.5 3 0 537.18024 180.43419 555.9495 195.04678 0.5 0.5 0.5 0.5 0.5 0.5 0.5 0.59138143 
Car 0.5 3 0 290.28534 191.28084 325.95715 207.85321 0.5 0.5 0.5 0.5 0.5 0.5 0.5 0.57992965 
Car 0.5 3 0 329.3237 179.51045 375.95465 199.34418 0.5 0.5 0.5 0.5 0.5 0.5 0.5 0.55908877 
Car 0.5 3 0 329.31177 178.30646 354.13162 195.58405 0.5 0.5 0.5 0.5 0.5 0.5 0.5 0.5308689 
