Car 0.5 3 0 1153.0974 180.13588 1181.5471 202.24382 0.5 0.5 0.5 0.5 0.5 0.5 0.5 0.9867071 
Car 0.5 3 0 600.1362 187.73566 646.4063 222.14459 0.5 0.5 0.5 0.5 0.5 0.5 0.5 0.982896 
Car 0.5 3 0 1015.5218 181.02977 1048.3663 200.6228 0.5 0.5 0.5 0.5 0.5 0.5 0.5 0.9683384 
Car 0.5 3 0 1116.2778 179.37335 1156.8622 200.88008 0.5 0.5 0.5 0.5 0.5 0.5 0.5 0.96831125 
Car 0.5 3 0 211.71463 202.76184 236.00415 218.10962 0.5 0.5 0.5 0.5 0.5 0.5 0.5 0.915491 
Car 0.5 3 0 990.1406 180.51706 1017.38745 196.75198 0.5 0.5 0.5 0.5 0.5 0.5 0.5 0.8997151 
Car 0.5 3 0 758.8453 176.06563 786.038 191.27611 0.5 0.5 0.5 0.5 0.5 0.5 0.5 0.8244285 
Car 0.5 3 0 820.596 177.78908 847.8336 191.87103 0.5 0.5 0.5 0.5 0.5 0.5 0.5 0.80598056 
Pedestrian 0.5 3 0 236.28384 198.69687 251.1732 239.24944 0.5 0.5 0.5 0.5 0.5 0.5 0.5 0.78396523 
Pedestrian 0.5 3 0 374.60983 198.63013 384.24725 224.99342 0.5 0.5 0.5 0.5 0.5 0.5 0.5 0.77560675 
Car 0.5 3 0 1086.2754 180.48438 1120.5951 200.03493 0.5 0.5 0.5 0.5 0.5 0.5 0.5 0.7670886 
Car 0.5 3 0 808.6501 177.7998 831.14075 189.44562 0.5 0.5 0.5 0.5 0.5 0.5 0.5 0.75196886 
Car 0.5 3 0 420.0362 186.21225 452.1224 204.16174 0.5 0.5 0.5 0.5 0.5 0.5 0.5 0.7452932 
Car 0.5 3 0 851.8448 176.66876 882.84564 193.27354 0.5 0.5 0.5 0.5 0.5 0.5 0.5 0.68372494 
Car 0.5 3 0 785.5921 178.26825 801.23444 189.31125 0.5 0.5 0.5 0.5 0.5 0.5 0.5 0.6506794 
Car 0.5 3 0 786.59106 177.74548 829.10925 190.78203 0.5 0.5 0.5 0.5 0.5 0.5 0.5 0.54410577 
Pedestrian 0.5 3 0 423.79526 198.42014 432.66794 218.16306 0.5 0.5 0.5 0.5 0.5 0.5 0.5 0.5400798 
Car 0.5 3 0 418.11783 188.34825 436.15225 204.92915 0.5 0.5 0.5 0.5 0.5 0.5 0.5 0.53174895 
