Car 0.5 3 0 555.284 175.12392 628.48895 213.49794 0.5 0.5 0.5 0.5 0.5 0.5 0.5 0.99453014 
Car 0.5 3 0 334.16757 189.62846 464.67532 246.08583 0.5 0.5 0.5 0.5 0.5 0.5 0.5 0.9926329 
Car 0.5 3 0 446.71353 178.82762 495.90417 206.43095 0.5 0.5 0.5 0.5 0.5 0.5 0.5 0.98164475 
Car 0.5 3 0 621.8218 173.304 661.80164 201.77121 0.5 0.5 0.5 0.5 0.5 0.5 0.5 0.97708625 
Car 0.5 3 0 792.29553 159.3733 823.8979 173.13518 0.5 0.5 0.5 0.5 0.5 0.5 0.5 0.956761 
Car 0.5 3 0 159.14995 173.60873 308.11063 241.23837 0.5 0.5 0.5 0.5 0.5 0.5 0.5 0.95675546 
Car 0.5 3 0 883.23883 158.07637 905.3953 171.63377 0.5 0.5 0.5 0.5 0.5 0.5 0.5 0.9399784 
Car 0.5 3 0 1123.7238 153.31921 1149.921 171.21265 0.5 0.5 0.5 0.5 0.5 0.5 0.5 0.9304172 
Car 0.5 3 0 995.48785 157.42603 1019.24316 172.5514 0.5 0.5 0.5 0.5 0.5 0.5 0.5 0.9252882 
Car 0.5 3 0 725.9498 170.09796 750.9631 185.36304 0.5 0.5 0.5 0.5 0.5 0.5 0.5 0.9239609 
Car 0.5 3 0 682.5115 171.8299 706.811 191.0495 0.5 0.5 0.5 0.5 0.5 0.5 0.5 0.92112195 
Car 0.5 3 0 1095.906 153.99797 1126.0676 173.1221 0.5 0.5 0.5 0.5 0.5 0.5 0.5 0.9131075 
Car 0.5 3 0 528.3358 179.01065 552.3273 198.56378 0.5 0.5 0.5 0.5 0.5 0.5 0.5 0.9064754 
Car 0.5 3 0 1069.5275 156.49857 1098.1412 174.46611 0.5 0.5 0.5 0.5 0.5 0.5 0.5 0.90570986 
Car 0.5 3 0 825.16614 159.35065 854.9976 172.90572 0.5 0.5 0.5 0.5 0.5 0.5 0.5 0.88463956 
Car 0.5 3 0 824.57086 159.8781 841.55383 172.1325 0.5 0.5 0.5 0.5 0.5 0.5 0.5 0.78242356 
Car 0.5 3 0 695.7848 168.33089 716.6049 187.23311 0.5 0.5 0.5 0.5 0.5 0.5 0.5 0.7479527 
Car 0.5 3 0 1017.8912 157.9691 1042.8412 172.52058 0.5 0.5 0.5 0.5 0.5 0.5 0.5 0.7248814 
Car 0.5 3 0 494.9253 177.29036 519.11145 196.07635 0.5 0.5 0.5 0.5 0.5 0.5 0.5 0.7231317 
Pedestrian 0.5 3 0 21.177656 204.97679 37.99403 254.58754 0.5 0.5 0.5 0.5 0.5 0.5 0.5 0.6701877 
Car 0.5 3 0 1042.5531 155.99536 1073.9099 173.97218 0.5 0.5 0.5 0.5 0.5 0.5 0.5 0.62539285 
Car 0.5 3 0 839.89087 160.10106 855.13007 171.45967 0.5 0.5 0.5 0.5 0.5 0.5 0.5 0.5563795 
Car 0.5 3 0 550.1345 170.72824 574.20044 188.8975 0.5 0.5 0.5 0.5 0.5 0.5 0.5 0.55516315 
Car 0.5 3 0 867.30756 159.27023 881.634 171.5956 0.5 0.5 0.5 0.5 0.5 0.5 0.5 0.51229405 
Car 0.5 3 0 883.636 157.41217 925.28656 172.79807 0.5 0.5 0.5 0.5 0.5 0.5 0.5 0.50965965 
Car 0.5 3 0 979.617 158.06514 997.5713 170.78722 0.5 0.5 0.5 0.5 0.5 0.5 0.5 0.50408894 
