Car 0.5 3 0 569.1125 176.34668 665.5527 229.54463 0.5 0.5 0.5 0.5 0.5 0.5 0.5 0.99534935 
Car 0.5 3 0 1164.2339 155.82227 1198.3138 177.00235 0.5 0.5 0.5 0.5 0.5 0.5 0.5 0.98246026 
Car 0.5 3 0 1038.9851 158.70985 1070.0739 177.75378 0.5 0.5 0.5 0.5 0.5 0.5 0.5 0.96790296 
Car 0.5 3 0 1195.0881 153.7778 1240.535 175.04723 0.5 0.5 0.5 0.5 0.5 0.5 0.5 0.9664451 
Car 0.5 3 0 1130.7825 157.17311 1167.8384 177.16241 0.5 0.5 0.5 0.5 0.5 0.5 0.5 0.9583851 
Car 0.5 3 0 685.39886 172.2176 708.72144 189.34096 0.5 0.5 0.5 0.5 0.5 0.5 0.5 0.92322886 
Car 0.5 3 0 823.82697 159.53413 875.00415 173.50906 0.5 0.5 0.5 0.5 0.5 0.5 0.5 0.92118394 
Car 0.5 3 0 886.19135 158.7594 922.6655 174.75969 0.5 0.5 0.5 0.5 0.5 0.5 0.5 0.8877362 
Car 0.5 3 0 1013.101 159.40811 1040.6663 175.86597 0.5 0.5 0.5 0.5 0.5 0.5 0.5 0.88107264 
Car 0.5 3 0 1097.9954 158.6951 1132.7786 177.97607 0.5 0.5 0.5 0.5 0.5 0.5 0.5 0.8727442 
Car 0.5 3 0 821.4073 160.59724 842.7787 172.59079 0.5 0.5 0.5 0.5 0.5 0.5 0.5 0.86491275 
Car 0.5 3 0 501.01874 179.15392 533.796 202.9178 0.5 0.5 0.5 0.5 0.5 0.5 0.5 0.840599 
Car 0.5 3 0 788.0787 159.10123 821.74207 173.30269 0.5 0.5 0.5 0.5 0.5 0.5 0.5 0.80284524 
Car 0.5 3 0 532.46204 179.36946 560.85425 195.63017 0.5 0.5 0.5 0.5 0.5 0.5 0.5 0.6973808 
Car 0.5 3 0 854.2019 159.9588 884.70874 172.65175 0.5 0.5 0.5 0.5 0.5 0.5 0.5 0.6720848 
Car 0.5 3 0 641.9494 173.54811 662.81134 192.18137 0.5 0.5 0.5 0.5 0.5 0.5 0.5 0.66176206 
Pedestrian 0.5 3 0 154.2193 198.25926 169.13388 242.07579 0.5 0.5 0.5 0.5 0.5 0.5 0.5 0.6498937 
Car 0.5 3 0 667.3191 173.94066 682.30743 183.53673 0.5 0.5 0.5 0.5 0.5 0.5 0.5 0.5676454 
