Car 0.5 3 0 597.69556 175.92143 655.8324 209.42845 0.5 0.5 0.5 0.5 0.5 0.5 0.5 0.99651814 
Car 0.5 3 0 1164.307 155.5979 1195.3456 178.87949 0.5 0.5 0.5 0.5 0.5 0.5 0.5 0.98472834 
Car 0.5 3 0 408.05374 182.81108 581.4008 268.48624 0.5 0.5 0.5 0.5 0.5 0.5 0.5 0.9814425 
Car 0.5 3 0 1195.1876 153.868 1240.7788 175.10869 0.5 0.5 0.5 0.5 0.5 0.5 0.5 0.966736 
Car 0.5 3 0 1039.2345 158.72505 1069.7378 177.88261 0.5 0.5 0.5 0.5 0.5 0.5 0.5 0.9661719 
Car 0.5 3 0 1130.8744 156.69896 1169.0228 177.27641 0.5 0.5 0.5 0.5 0.5 0.5 0.5 0.9583228 
Car 0.5 3 0 689.0199 172.3776 709.5682 190.62808 0.5 0.5 0.5 0.5 0.5 0.5 0.5 0.9187908 
Car 0.5 3 0 886.3817 158.84177 922.57007 174.78082 0.5 0.5 0.5 0.5 0.5 0.5 0.5 0.8964075 
Car 0.5 3 0 821.67523 160.2657 850.7131 173.55017 0.5 0.5 0.5 0.5 0.5 0.5 0.5 0.8956372 
Car 0.5 3 0 824.03046 159.59991 873.7201 173.4978 0.5 0.5 0.5 0.5 0.5 0.5 0.5 0.8936938 
Car 0.5 3 0 1099.1752 158.48816 1132.9211 177.80638 0.5 0.5 0.5 0.5 0.5 0.5 0.5 0.88339645 
Car 0.5 3 0 1013.1019 159.44974 1040.6195 176.10872 0.5 0.5 0.5 0.5 0.5 0.5 0.5 0.87986785 
Car 0.5 3 0 788.2713 159.03993 821.8832 172.8879 0.5 0.5 0.5 0.5 0.5 0.5 0.5 0.8424613 
Car 0.5 3 0 667.4452 173.47978 689.32715 189.68282 0.5 0.5 0.5 0.5 0.5 0.5 0.5 0.81615144 
Car 0.5 3 0 291.27438 192.99385 311.0051 207.18085 0.5 0.5 0.5 0.5 0.5 0.5 0.5 0.79345226 
Car 0.5 3 0 327.60318 177.5839 364.21448 197.08366 0.5 0.5 0.5 0.5 0.5 0.5 0.5 0.72849476 
Car 0.5 3 0 854.45496 159.97002 884.5396 172.59743 0.5 0.5 0.5 0.5 0.5 0.5 0.5 0.72208524 
Car 0.5 3 0 724.77527 163.74452 748.22473 186.15308 0.5 0.5 0.5 0.5 0.5 0.5 0.5 0.55579394 
Car 0.5 3 0 290.6487 191.50052 325.7155 207.85649 0.5 0.5 0.5 0.5 0.5 0.5 0.5 0.53766793 
Car 0.5 3 0 648.8355 173.06908 662.8193 184.66344 0.5 0.5 0.5 0.5 0.5 0.5 0.5 0.5160054 
Car 0.5 3 0 1139.3629 155.15213 1189.79 178.53688 0.5 0.5 0.5 0.5 0.5 0.5 0.5 0.506663 
