Car 0.5 3 0 520.0915 186.3941 567.8205 237.5951 0.5 0.5 0.5 0.5 0.5 0.5 0.5 0.9827806 
Car 0.5 3 0 1171.0588 168.42969 1203.7471 190.25887 0.5 0.5 0.5 0.5 0.5 0.5 0.5 0.97755843 
Car 0.5 3 0 718.80945 181.94759 736.7046 195.76192 0.5 0.5 0.5 0.5 0.5 0.5 0.5 0.9686179 
Car 0.5 3 0 1202.154 169.86351 1241.9258 188.882 0.5 0.5 0.5 0.5 0.5 0.5 0.5 0.9619093 
Car 0.5 3 0 1133.8324 170.24957 1173.2441 189.56583 0.5 0.5 0.5 0.5 0.5 0.5 0.5 0.94353414 
Car 0.5 3 0 125.687416 168.39275 310.14108 253.48647 0.5 0.5 0.5 0.5 0.5 0.5 0.5 0.9370208 
Car 0.5 3 0 821.0763 171.07509 874.50366 185.38155 0.5 0.5 0.5 0.5 0.5 0.5 0.5 0.88790965 
Car 0.5 3 0 701.17773 181.38002 716.31415 194.55829 0.5 0.5 0.5 0.5 0.5 0.5 0.5 0.87021226 
Car 0.5 3 0 882.2985 169.15128 914.3905 186.44945 0.5 0.5 0.5 0.5 0.5 0.5 0.5 0.8317121 
Car 0.5 3 0 1103.6143 170.54388 1140.7976 190.11072 0.5 0.5 0.5 0.5 0.5 0.5 0.5 0.8283991 
Car 0.5 3 0 1050.8091 171.34811 1071.7349 187.84734 0.5 0.5 0.5 0.5 0.5 0.5 0.5 0.79834807 
Car 0.5 3 0 818.1159 172.7637 838.8821 184.22757 0.5 0.5 0.5 0.5 0.5 0.5 0.5 0.7580552 
Car 0.5 3 0 852.339 171.40213 881.55255 185.44333 0.5 0.5 0.5 0.5 0.5 0.5 0.5 0.7562147 
Car 0.5 3 0 462.07233 184.99765 482.62192 201.11174 0.5 0.5 0.5 0.5 0.5 0.5 0.5 0.71606463 
Car 0.5 3 0 670.15076 184.12628 685.1762 197.8312 0.5 0.5 0.5 0.5 0.5 0.5 0.5 0.67233217 
Car 0.5 3 0 965.381 174.104 1002.44446 189.9178 0.5 0.5 0.5 0.5 0.5 0.5 0.5 0.6232921 
Car 0.5 3 0 469.68823 185.7872 501.01898 205.37689 0.5 0.5 0.5 0.5 0.5 0.5 0.5 0.57714224 
Car 0.5 3 0 336.38455 192.93085 374.17996 213.69066 0.5 0.5 0.5 0.5 0.5 0.5 0.5 0.5438019 
Car 0.5 3 0 682.3684 173.08003 703.0584 196.93768 0.5 0.5 0.5 0.5 0.5 0.5 0.5 0.51252425 
