Car 0.5 3 0 189.55077 182.45113 320.73056 225.87996 0.5 0.5 0.5 0.5 0.5 0.5 0.5 0.99521905 
Pedestrian 0.5 3 0 863.00934 168.4743 893.45807 249.4746 0.5 0.5 0.5 0.5 0.5 0.5 0.5 0.9896293 
Car 0.5 3 0 422.25497 177.01425 500.92737 211.63374 0.5 0.5 0.5 0.5 0.5 0.5 0.5 0.98836577 
Car 0.5 3 0 562.5069 176.6049 613.74286 202.39102 0.5 0.5 0.5 0.5 0.5 0.5 0.5 0.9876578 
Car 0.5 3 0 518.13477 176.38672 563.3837 198.07307 0.5 0.5 0.5 0.5 0.5 0.5 0.5 0.9784968 
Car 0.5 3 0 608.8961 174.62561 643.29474 194.37233 0.5 0.5 0.5 0.5 0.5 0.5 0.5 0.97502226 
Car 0.5 3 0 286.50375 168.96748 389.36203 209.44484 0.5 0.5 0.5 0.5 0.5 0.5 0.5 0.9623741 
Car 0.5 3 0 756.24164 173.17255 793.43604 191.2508 0.5 0.5 0.5 0.5 0.5 0.5 0.5 0.923369 
Car 0.5 3 0 1005.00183 168.67471 1039.3613 182.5199 0.5 0.5 0.5 0.5 0.5 0.5 0.5 0.9070342 
Car 0.5 3 0 1159.1094 169.79012 1191.3053 182.80563 0.5 0.5 0.5 0.5 0.5 0.5 0.5 0.88981086 
Car 0.5 3 0 656.53735 173.3949 679.9121 190.52515 0.5 0.5 0.5 0.5 0.5 0.5 0.5 0.8674142 
Car 0.5 3 0 909.6428 168.58247 959.5024 179.40277 0.5 0.5 0.5 0.5 0.5 0.5 0.5 0.7866826 
Car 0.5 3 0 911.6799 169.57123 934.5243 179.49178 0.5 0.5 0.5 0.5 0.5 0.5 0.5 0.7722416 
Car 0.5 3 0 1067.4564 169.3411 1110.5275 182.65186 0.5 0.5 0.5 0.5 0.5 0.5 0.5 0.7574069 
Car 0.5 3 0 956.644 170.25099 972.42633 179.9508 0.5 0.5 0.5 0.5 0.5 0.5 0.5 0.7535416 
Car 0.5 3 0 808.435 171.39111 831.2147 188.56625 0.5 0.5 0.5 0.5 0.5 0.5 0.5 0.7221814 
Car 0.5 3 0 740.919 174.78496 766.4668 196.3838 0.5 0.5 0.5 0.5 0.5 0.5 0.5 0.7086199 
Car 0.5 3 0 1131.0566 170.1061 1164.0903 182.8267 0.5 0.5 0.5 0.5 0.5 0.5 0.5 0.68444276 
Car 0.5 3 0 683.2519 176.8377 699.8819 188.0072 0.5 0.5 0.5 0.5 0.5 0.5 0.5 0.6686995 
Car 0.5 3 0 1100.2329 172.76482 1113.196 182.45934 0.5 0.5 0.5 0.5 0.5 0.5 0.5 0.6537724 
Car 0.5 3 0 642.52405 176.22104 658.66376 191.34438 0.5 0.5 0.5 0.5 0.5 0.5 0.5 0.62716043 
Car 0.5 3 0 942.6248 168.86368 958.9916 179.66022 0.5 0.5 0.5 0.5 0.5 0.5 0.5 0.62507325 
Car 0.5 3 0 749.7234 174.48009 766.08044 191.72003 0.5 0.5 0.5 0.5 0.5 0.5 0.5 0.6036072 
Car 0.5 3 0 900.2548 168.00801 913.67694 178.36153 0.5 0.5 0.5 0.5 0.5 0.5 0.5 0.5708483 
Car 0.5 3 0 1019.6997 170.30783 1040.708 181.50035 0.5 0.5 0.5 0.5 0.5 0.5 0.5 0.5158496 
