Car 0.5 3 0 538.71344 175.56384 572.4593 192.50343 0.5 0.5 0.5 0.5 0.5 0.5 0.5 0.9728608 
Car 0.5 3 0 246.78961 178.47491 295.2667 206.71838 0.5 0.5 0.5 0.5 0.5 0.5 0.5 0.95638186 
Car 0.5 3 0 389.67056 178.586 437.37283 194.15956 0.5 0.5 0.5 0.5 0.5 0.5 0.5 0.93913853 
Car 0.5 3 0 713.0702 169.44304 742.7428 185.50702 0.5 0.5 0.5 0.5 0.5 0.5 0.5 0.9245353 
Car 0.5 3 0 629.4654 173.25127 657.89703 185.94763 0.5 0.5 0.5 0.5 0.5 0.5 0.5 0.9217974 
Car 0.5 3 0 684.58527 173.00348 714.456 186.19157 0.5 0.5 0.5 0.5 0.5 0.5 0.5 0.8810136 
Car 0.5 3 0 669.9195 172.4519 684.5308 184.18283 0.5 0.5 0.5 0.5 0.5 0.5 0.5 0.8678975 
Car 0.5 3 0 335.50436 178.64314 392.46365 193.42119 0.5 0.5 0.5 0.5 0.5 0.5 0.5 0.7985897 
Car 0.5 3 0 82.65819 172.76729 172.28252 208.7342 0.5 0.5 0.5 0.5 0.5 0.5 0.5 0.74182874 
Pedestrian 0.5 3 0 13.832965 181.47118 48.803005 237.81432 0.5 0.5 0.5 0.5 0.5 0.5 0.5 0.5862596 
Car 0.5 3 0 290.8308 180.5454 316.84186 202.45073 0.5 0.5 0.5 0.5 0.5 0.5 0.5 0.5527932 
Car 0.5 3 0 796.331 165.90099 813.4963 181.44887 0.5 0.5 0.5 0.5 0.5 0.5 0.5 0.5297433 
