Car 0.5 3 0 182.94554 194.45831 464.93112 323.82056 0.5 0.5 0.5 0.5 0.5 0.5 0.5 0.99741745 
Car 0.5 3 0 1165.2809 155.74077 1196.6211 178.95055 0.5 0.5 0.5 0.5 0.5 0.5 0.5 0.98256636 
Car 0.5 3 0 628.698 172.56566 674.4476 201.70314 0.5 0.5 0.5 0.5 0.5 0.5 0.5 0.9809334 
Car 0.5 3 0 1.5986295 191.09235 220.73943 259.04617 0.5 0.5 0.5 0.5 0.5 0.5 0.5 0.9695385 
Car 0.5 3 0 384.61023 182.72823 452.48193 213.09496 0.5 0.5 0.5 0.5 0.5 0.5 0.5 0.9691714 
Car 0.5 3 0 1038.921 158.7534 1070.5055 177.7814 0.5 0.5 0.5 0.5 0.5 0.5 0.5 0.9643061 
Car 0.5 3 0 1131.0154 156.00485 1168.2429 177.51219 0.5 0.5 0.5 0.5 0.5 0.5 0.5 0.9588423 
Car 0.5 3 0 1195.6864 154.34 1238.0719 175.1482 0.5 0.5 0.5 0.5 0.5 0.5 0.5 0.9584421 
Car 0.5 3 0 740.79376 168.91876 753.643 188.53943 0.5 0.5 0.5 0.5 0.5 0.5 0.5 0.9223529 
Car 0.5 3 0 823.87775 159.65245 874.9651 173.42514 0.5 0.5 0.5 0.5 0.5 0.5 0.5 0.90879196 
Car 0.5 3 0 480.8511 178.12315 510.48196 206.0753 0.5 0.5 0.5 0.5 0.5 0.5 0.5 0.90419143 
Car 0.5 3 0 885.4992 159.02771 918.5158 174.08165 0.5 0.5 0.5 0.5 0.5 0.5 0.5 0.90242356 
Car 0.5 3 0 675.123 172.9536 693.41815 184.61682 0.5 0.5 0.5 0.5 0.5 0.5 0.5 0.89625317 
Car 0.5 3 0 821.7506 160.30782 851.07025 173.48447 0.5 0.5 0.5 0.5 0.5 0.5 0.5 0.8895701 
Car 0.5 3 0 1097.6721 158.56268 1133.2365 178.11316 0.5 0.5 0.5 0.5 0.5 0.5 0.5 0.88015634 
Car 0.5 3 0 1013.01263 159.47534 1040.7825 176.30746 0.5 0.5 0.5 0.5 0.5 0.5 0.5 0.8693748 
Car 0.5 3 0 788.7566 159.20619 821.4289 172.73035 0.5 0.5 0.5 0.5 0.5 0.5 0.5 0.7771358 
Car 0.5 3 0 853.99725 160.0274 884.7111 172.69237 0.5 0.5 0.5 0.5 0.5 0.5 0.5 0.683283 
Car 0.5 3 0 704.9519 163.8318 743.1963 199.11572 0.5 0.5 0.5 0.5 0.5 0.5 0.5 0.631966 
Car 0.5 3 0 473.57074 175.43428 491.99713 190.57188 0.5 0.5 0.5 0.5 0.5 0.5 0.5 0.5444703 
