Car 0.5 3 0 379.20755 180.62784 438.4708 220.57794 0.5 0.5 0.5 0.5 0.5 0.5 0.5 0.9913395 
Car 0.5 3 0 1165.4484 155.86697 1196.3118 178.7147 0.5 0.5 0.5 0.5 0.5 0.5 0.5 0.984649 
Car 0.5 3 0 460.9813 169.1336 617.01733 265.13678 0.5 0.5 0.5 0.5 0.5 0.5 0.5 0.98401296 
Car 0.5 3 0 0.48735565 195.7352 126.361786 260.6795 0.5 0.5 0.5 0.5 0.5 0.5 0.5 0.9794717 
Car 0.5 3 0 1038.8982 158.60677 1070.2363 177.80357 0.5 0.5 0.5 0.5 0.5 0.5 0.5 0.97205305 
Car 0.5 3 0 1131.0188 156.75703 1167.9417 177.74438 0.5 0.5 0.5 0.5 0.5 0.5 0.5 0.96610326 
Car 0.5 3 0 1195.5765 154.28648 1238.397 175.02634 0.5 0.5 0.5 0.5 0.5 0.5 0.5 0.9646318 
Car 0.5 3 0 727.11475 171.07872 748.4664 188.34709 0.5 0.5 0.5 0.5 0.5 0.5 0.5 0.9447891 
Car 0.5 3 0 708.5972 170.68407 725.874 183.64731 0.5 0.5 0.5 0.5 0.5 0.5 0.5 0.9262407 
Car 0.5 3 0 681.2971 171.48204 705.6689 191.29199 0.5 0.5 0.5 0.5 0.5 0.5 0.5 0.91688246 
Car 0.5 3 0 1097.8362 158.52794 1133.4252 178.20773 0.5 0.5 0.5 0.5 0.5 0.5 0.5 0.89646983 
Car 0.5 3 0 821.96906 160.3577 847.4264 172.93132 0.5 0.5 0.5 0.5 0.5 0.5 0.5 0.8799167 
Car 0.5 3 0 886.25244 158.84389 922.8737 174.84607 0.5 0.5 0.5 0.5 0.5 0.5 0.5 0.87395537 
Car 0.5 3 0 1013.27936 159.6158 1039.8258 175.9408 0.5 0.5 0.5 0.5 0.5 0.5 0.5 0.8736699 
Car 0.5 3 0 833.2258 159.6739 878.77545 172.78197 0.5 0.5 0.5 0.5 0.5 0.5 0.5 0.8471878 
Car 0.5 3 0 291.19232 193.04153 310.99652 207.63867 0.5 0.5 0.5 0.5 0.5 0.5 0.5 0.8270337 
Car 0.5 3 0 788.29517 159.19658 822.0649 173.11124 0.5 0.5 0.5 0.5 0.5 0.5 0.5 0.8134031 
Car 0.5 3 0 352.5795 181.94907 385.52258 204.93707 0.5 0.5 0.5 0.5 0.5 0.5 0.5 0.74088794 
Car 0.5 3 0 853.5903 160.04561 884.49146 172.72928 0.5 0.5 0.5 0.5 0.5 0.5 0.5 0.6865582 
Pedestrian 0.5 3 0 153.6273 197.34311 169.26852 240.80583 0.5 0.5 0.5 0.5 0.5 0.5 0.5 0.6162387 
Car 0.5 3 0 290.5911 191.38419 325.63812 208.41806 0.5 0.5 0.5 0.5 0.5 0.5 0.5 0.577333 
Car 0.5 3 0 1144.4618 154.95045 1191.938 178.48848 0.5 0.5 0.5 0.5 0.5 0.5 0.5 0.5255019 
Car 0.5 3 0 328.88263 178.5122 353.19754 198.60783 0.5 0.5 0.5 0.5 0.5 0.5 0.5 0.50326973 
