Car 0.5 3 0 607.442 173.4732 684.47046 224.09723 0.5 0.5 0.5 0.5 0.5 0.5 0.5 0.99521303 
Car 0.5 3 0 1164.3429 155.83153 1198.4253 176.99754 0.5 0.5 0.5 0.5 0.5 0.5 0.5 0.9811621 
Car 0.5 3 0 1038.8463 158.66861 1069.8883 177.87059 0.5 0.5 0.5 0.5 0.5 0.5 0.5 0.9714685 
Car 0.5 3 0 1195.0449 153.8471 1240.8126 174.85968 0.5 0.5 0.5 0.5 0.5 0.5 0.5 0.9705913 
Car 0.5 3 0 1130.794 157.49748 1167.1636 177.13824 0.5 0.5 0.5 0.5 0.5 0.5 0.5 0.9633571 
Car 0.5 3 0 686.3672 172.46523 708.6053 188.62067 0.5 0.5 0.5 0.5 0.5 0.5 0.5 0.9242952 
Car 0.5 3 0 505.57944 180.2194 530.61884 201.34845 0.5 0.5 0.5 0.5 0.5 0.5 0.5 0.9211346 
Car 0.5 3 0 824.09125 159.59393 874.5396 173.43204 0.5 0.5 0.5 0.5 0.5 0.5 0.5 0.90440315 
Car 0.5 3 0 885.51105 158.87431 918.0504 174.11198 0.5 0.5 0.5 0.5 0.5 0.5 0.5 0.89605665 
Car 0.5 3 0 821.5991 160.6036 842.79004 172.51888 0.5 0.5 0.5 0.5 0.5 0.5 0.5 0.89467293 
Car 0.5 3 0 1013.0259 159.20181 1040.6292 175.98376 0.5 0.5 0.5 0.5 0.5 0.5 0.5 0.8750356 
Car 0.5 3 0 1098.0287 158.5816 1132.6436 178.07076 0.5 0.5 0.5 0.5 0.5 0.5 0.5 0.8728845 
Car 0.5 3 0 788.01166 159.11812 821.4533 173.27771 0.5 0.5 0.5 0.5 0.5 0.5 0.5 0.81877047 
Car 0.5 3 0 853.8758 160.03004 884.5995 172.66411 0.5 0.5 0.5 0.5 0.5 0.5 0.5 0.6773355 
Pedestrian 0.5 3 0 154.24403 198.45798 169.33138 242.44463 0.5 0.5 0.5 0.5 0.5 0.5 0.5 0.6185317 
Car 0.5 3 0 717.62354 167.9935 738.3278 184.74014 0.5 0.5 0.5 0.5 0.5 0.5 0.5 0.6161287 
Car 0.5 3 0 803.26666 159.40628 821.26996 172.52875 0.5 0.5 0.5 0.5 0.5 0.5 0.5 0.5923744 
Car 0.5 3 0 528.36304 178.64229 559.08716 195.34796 0.5 0.5 0.5 0.5 0.5 0.5 0.5 0.52577394 
