Car 0.5 3 0 0.3357941 196.52054 319.22324 307.36874 0.5 0.5 0.5 0.5 0.5 0.5 0.5 0.997142 
Car 0.5 3 0 602.4576 172.43755 655.51294 206.42044 0.5 0.5 0.5 0.5 0.5 0.5 0.5 0.99437463 
Car 0.5 3 0 337.35013 182.24127 411.244 219.86932 0.5 0.5 0.5 0.5 0.5 0.5 0.5 0.9918488 
Car 0.5 3 0 726.88525 168.01158 745.5978 188.4938 0.5 0.5 0.5 0.5 0.5 0.5 0.5 0.98593533 
Car 0.5 3 0 1163.6531 152.849 1199.5958 174.25781 0.5 0.5 0.5 0.5 0.5 0.5 0.5 0.97526497 
Car 0.5 3 0 1038.5587 156.55646 1069.9747 175.88573 0.5 0.5 0.5 0.5 0.5 0.5 0.5 0.96393347 
Car 0.5 3 0 1196.2928 151.62373 1236.8727 171.63615 0.5 0.5 0.5 0.5 0.5 0.5 0.5 0.95803183 
Car 0.5 3 0 1130.2369 153.95428 1169.034 175.33739 0.5 0.5 0.5 0.5 0.5 0.5 0.5 0.92794436 
Car 0.5 3 0 1097.6279 157.1132 1131.5109 175.89914 0.5 0.5 0.5 0.5 0.5 0.5 0.5 0.91176754 
Car 0.5 3 0 1014.12537 156.85632 1038.5333 174.19238 0.5 0.5 0.5 0.5 0.5 0.5 0.5 0.90287733 
Car 0.5 3 0 887.09375 155.80298 912.56683 171.17593 0.5 0.5 0.5 0.5 0.5 0.5 0.5 0.87271553 
Car 0.5 3 0 434.25156 163.32785 501.75952 209.82512 0.5 0.5 0.5 0.5 0.5 0.5 0.5 0.8669049 
Car 0.5 3 0 824.6583 156.82329 876.2718 171.3802 0.5 0.5 0.5 0.5 0.5 0.5 0.5 0.8547206 
Car 0.5 3 0 801.8681 156.5173 822.9968 171.78346 0.5 0.5 0.5 0.5 0.5 0.5 0.5 0.8241281 
Car 0.5 3 0 822.2338 158.75989 843.47064 169.82211 0.5 0.5 0.5 0.5 0.5 0.5 0.5 0.78291065 
Car 0.5 3 0 293.41153 191.32288 312.61868 205.30264 0.5 0.5 0.5 0.5 0.5 0.5 0.5 0.5758862 
Car 0.5 3 0 853.0292 157.24794 885.55396 171.55482 0.5 0.5 0.5 0.5 0.5 0.5 0.5 0.5631942 
Car 0.5 3 0 328.635 177.81802 347.28043 196.7128 0.5 0.5 0.5 0.5 0.5 0.5 0.5 0.54797465 
