Car 0.5 3 0 330.74063 184.62892 430.97507 249.83443 0.5 0.5 0.5 0.5 0.5 0.5 0.5 0.9943803 
Pedestrian 0.5 3 0 200.99469 209.23305 223.08572 262.4834 0.5 0.5 0.5 0.5 0.5 0.5 0.5 0.9446103 
Car 0.5 3 0 407.1917 172.92291 446.72644 192.33801 0.5 0.5 0.5 0.5 0.5 0.5 0.5 0.9100523 
Pedestrian 0.5 3 0 729.66473 167.0298 744.9742 203.29971 0.5 0.5 0.5 0.5 0.5 0.5 0.5 0.89294374 
Pedestrian 0.5 3 0 665.6588 179.7809 680.243 228.17218 0.5 0.5 0.5 0.5 0.5 0.5 0.5 0.86242265 
Pedestrian 0.5 3 0 639.5812 175.91219 653.3413 213.71014 0.5 0.5 0.5 0.5 0.5 0.5 0.5 0.8564427 
Car 0.5 3 0 353.2338 177.79372 376.79895 191.75311 0.5 0.5 0.5 0.5 0.5 0.5 0.5 0.73924214 
Car 0.5 3 0 475.06598 172.02283 500.78552 184.42503 0.5 0.5 0.5 0.5 0.5 0.5 0.5 0.6951946 
Car 0.5 3 0 651.53455 172.69112 670.84094 187.7518 0.5 0.5 0.5 0.5 0.5 0.5 0.5 0.6566427 
Car 0.5 3 0 435.85614 175.78989 455.57074 191.4964 0.5 0.5 0.5 0.5 0.5 0.5 0.5 0.6078956 
Car 0.5 3 0 667.323 168.8973 685.7562 184.61725 0.5 0.5 0.5 0.5 0.5 0.5 0.5 0.5756435 
Car 0.5 3 0 468.99222 174.13057 482.41635 185.48788 0.5 0.5 0.5 0.5 0.5 0.5 0.5 0.5064505 
