Car 0.5 3 0 567.7351 175.28436 637.9263 212.96405 0.5 0.5 0.5 0.5 0.5 0.5 0.5 0.9956696 
Car 0.5 3 0 345.90295 189.50914 473.40802 242.75945 0.5 0.5 0.5 0.5 0.5 0.5 0.5 0.9931549 
Car 0.5 3 0 0.44302845 234.39433 46.41232 357.9375 0.5 0.5 0.5 0.5 0.5 0.5 0.5 0.9838267 
Car 0.5 3 0 626.5929 173.28929 664.53986 201.5484 0.5 0.5 0.5 0.5 0.5 0.5 0.5 0.97827154 
Car 0.5 3 0 883.2591 158.2143 907.2829 172.62534 0.5 0.5 0.5 0.5 0.5 0.5 0.5 0.9541378 
Car 0.5 3 0 442.5221 179.85722 490.7603 209.33743 0.5 0.5 0.5 0.5 0.5 0.5 0.5 0.95385617 
Car 0.5 3 0 1127.3347 152.9998 1159.5402 172.33446 0.5 0.5 0.5 0.5 0.5 0.5 0.5 0.9505801 
Car 0.5 3 0 792.5192 159.50761 824.18396 173.42978 0.5 0.5 0.5 0.5 0.5 0.5 0.5 0.9466845 
Car 0.5 3 0 119.31526 174.1276 282.5416 244.8564 0.5 0.5 0.5 0.5 0.5 0.5 0.5 0.9464875 
Car 0.5 3 0 729.15576 170.77415 750.49225 185.18674 0.5 0.5 0.5 0.5 0.5 0.5 0.5 0.9458985 
Car 0.5 3 0 681.2141 172.04546 708.2538 191.25214 0.5 0.5 0.5 0.5 0.5 0.5 0.5 0.94409513 
Car 0.5 3 0 1156.5536 151.24295 1201.8927 169.80457 0.5 0.5 0.5 0.5 0.5 0.5 0.5 0.9430714 
Car 0.5 3 0 1098.3844 154.01476 1128.7242 173.96371 0.5 0.5 0.5 0.5 0.5 0.5 0.5 0.9365593 
Car 0.5 3 0 526.2239 179.45032 548.416 199.14044 0.5 0.5 0.5 0.5 0.5 0.5 0.5 0.91678125 
Car 0.5 3 0 998.04694 157.25423 1022.8955 171.64178 0.5 0.5 0.5 0.5 0.5 0.5 0.5 0.9082853 
Car 0.5 3 0 1072.0135 156.92773 1100.5043 175.21782 0.5 0.5 0.5 0.5 0.5 0.5 0.5 0.8798135 
Car 0.5 3 0 721.553 169.00998 737.3489 182.5813 0.5 0.5 0.5 0.5 0.5 0.5 0.5 0.85461485 
Car 0.5 3 0 546.77386 172.22083 573.7359 196.22154 0.5 0.5 0.5 0.5 0.5 0.5 0.5 0.85169756 
Car 0.5 3 0 1018.28766 157.33116 1046.7162 173.45085 0.5 0.5 0.5 0.5 0.5 0.5 0.5 0.8248746 
Car 0.5 3 0 825.0554 160.44669 842.6931 171.76596 0.5 0.5 0.5 0.5 0.5 0.5 0.5 0.7962497 
Car 0.5 3 0 826.17535 159.5786 857.61316 172.9065 0.5 0.5 0.5 0.5 0.5 0.5 0.5 0.78704333 
Car 0.5 3 0 840.94183 160.47342 859.743 171.42055 0.5 0.5 0.5 0.5 0.5 0.5 0.5 0.7451632 
Car 0.5 3 0 492.3867 178.42523 515.65967 193.35263 0.5 0.5 0.5 0.5 0.5 0.5 0.5 0.73429537 
Car 0.5 3 0 697.25555 168.84872 716.9638 187.50536 0.5 0.5 0.5 0.5 0.5 0.5 0.5 0.7151193 
Car 0.5 3 0 660.2354 174.54985 676.16766 190.04433 0.5 0.5 0.5 0.5 0.5 0.5 0.5 0.5547888 
