Car 0.5 3 0 583.4296 180.9501 633.2065 199.46198 0.5 0.5 0.5 0.5 0.5 0.5 0.5 0.9872881 
Car 0.5 3 0 789.87976 178.94542 813.0184 197.93927 0.5 0.5 0.5 0.5 0.5 0.5 0.5 0.9564874 
Car 0.5 3 0 531.065 181.30249 577.7616 199.2695 0.5 0.5 0.5 0.5 0.5 0.5 0.5 0.94594806 
Car 0.5 3 0 362.3142 180.36664 420.30508 206.20569 0.5 0.5 0.5 0.5 0.5 0.5 0.5 0.9027117 
Car 0.5 3 0 441.58795 180.91603 494.1085 206.15654 0.5 0.5 0.5 0.5 0.5 0.5 0.5 0.8832027 
Car 0.5 3 0 679.1837 176.48184 719.5796 195.45142 0.5 0.5 0.5 0.5 0.5 0.5 0.5 0.8748516 
Pedestrian 0.5 3 0 814.1736 175.81908 834.3488 211.1394 0.5 0.5 0.5 0.5 0.5 0.5 0.5 0.80962735 
Car 0.5 3 0 757.6533 180.27702 785.90594 194.82281 0.5 0.5 0.5 0.5 0.5 0.5 0.5 0.7436802 
Car 0.5 3 0 0.5222693 167.26465 56.31589 201.76364 0.5 0.5 0.5 0.5 0.5 0.5 0.5 0.67716396 
Car 0.5 3 0 831.04486 179.6218 849.0063 193.71361 0.5 0.5 0.5 0.5 0.5 0.5 0.5 0.6702109 
Car 0.5 3 0 42.086647 180.93816 77.22705 200.37723 0.5 0.5 0.5 0.5 0.5 0.5 0.5 0.65276086 
Car 0.5 3 0 847.7411 177.54025 876.11786 192.7237 0.5 0.5 0.5 0.5 0.5 0.5 0.5 0.65070724 
Car 0.5 3 0 775.00446 178.8472 791.52783 195.30864 0.5 0.5 0.5 0.5 0.5 0.5 0.5 0.617252 
Car 0.5 3 0 277.01666 183.69753 344.5335 202.90103 0.5 0.5 0.5 0.5 0.5 0.5 0.5 0.6086621 
Car 0.5 3 0 1047.0393 175.33481 1084.0719 185.42027 0.5 0.5 0.5 0.5 0.5 0.5 0.5 0.59993887 
Car 0.5 3 0 75.09863 179.13185 106.8157 197.53418 0.5 0.5 0.5 0.5 0.5 0.5 0.5 0.55102307 
Car 0.5 3 0 801.47144 178.38687 849.4796 199.9211 0.5 0.5 0.5 0.5 0.5 0.5 0.5 0.5240722 
Car 0.5 3 0 84.26421 181.62416 118.962944 198.69875 0.5 0.5 0.5 0.5 0.5 0.5 0.5 0.5205883 
