Car 0.5 3 0 582.69183 187.13036 617.77344 215.17729 0.5 0.5 0.5 0.5 0.5 0.5 0.5 0.98312485 
Car 0.5 3 0 1125.727 179.66177 1164.0234 203.42262 0.5 0.5 0.5 0.5 0.5 0.5 0.5 0.9755105 
Car 0.5 3 0 1085.3169 179.45442 1125.6199 202.83057 0.5 0.5 0.5 0.5 0.5 0.5 0.5 0.9725223 
Car 0.5 3 0 697.5494 173.99327 732.6107 190.56847 0.5 0.5 0.5 0.5 0.5 0.5 0.5 0.9610551 
Car 0.5 3 0 341.61453 186.15306 367.20016 205.45872 0.5 0.5 0.5 0.5 0.5 0.5 0.5 0.941439 
Car 0.5 3 0 1013.11285 179.45673 1049.4436 198.99364 0.5 0.5 0.5 0.5 0.5 0.5 0.5 0.93904495 
Car 0.5 3 0 102.021835 202.65001 133.6367 220.09326 0.5 0.5 0.5 0.5 0.5 0.5 0.5 0.92871076 
Car 0.5 3 0 979.4151 180.42828 1011.26575 199.10277 0.5 0.5 0.5 0.5 0.5 0.5 0.5 0.9228666 
Car 0.5 3 0 950.8553 180.51564 979.96 198.99179 0.5 0.5 0.5 0.5 0.5 0.5 0.5 0.8554195 
Car 0.5 3 0 167.07251 184.66594 210.75073 208.39467 0.5 0.5 0.5 0.5 0.5 0.5 0.5 0.82694227 
Car 0.5 3 0 611.43933 186.01411 623.5117 197.32903 0.5 0.5 0.5 0.5 0.5 0.5 0.5 0.8235408 
Car 0.5 3 0 1166.2203 182.00163 1189.1244 203.92334 0.5 0.5 0.5 0.5 0.5 0.5 0.5 0.7871165 
Car 0.5 3 0 737.1658 177.16971 757.65643 187.15004 0.5 0.5 0.5 0.5 0.5 0.5 0.5 0.78388804 
Car 0.5 3 0 739.84235 177.02748 772.3791 189.74677 0.5 0.5 0.5 0.5 0.5 0.5 0.5 0.732244 
Car 0.5 3 0 697.7608 176.47481 713.52167 188.92137 0.5 0.5 0.5 0.5 0.5 0.5 0.5 0.6793912 
Car 0.5 3 0 773.3567 177.00558 791.7167 185.93188 0.5 0.5 0.5 0.5 0.5 0.5 0.5 0.6085909 
Car 0.5 3 0 750.19543 176.6005 790.1692 189.51906 0.5 0.5 0.5 0.5 0.5 0.5 0.5 0.5428493 
