Car 0.5 3 0 1164.8737 155.91638 1200.4603 177.63997 0.5 0.5 0.5 0.5 0.5 0.5 0.5 0.98546094 
Car 0.5 3 0 429.70306 180.77786 489.65045 211.30067 0.5 0.5 0.5 0.5 0.5 0.5 0.5 0.9759878 
Car 0.5 3 0 1038.98 158.68465 1070.334 177.74564 0.5 0.5 0.5 0.5 0.5 0.5 0.5 0.96968395 
Car 0.5 3 0 719.539 171.07498 736.2845 184.25687 0.5 0.5 0.5 0.5 0.5 0.5 0.5 0.9675831 
Car 0.5 3 0 1195.7299 154.03821 1238.3082 175.07199 0.5 0.5 0.5 0.5 0.5 0.5 0.5 0.96339405 
Car 0.5 3 0 519.77045 180.43947 550.48395 199.04247 0.5 0.5 0.5 0.5 0.5 0.5 0.5 0.96017617 
Car 0.5 3 0 1130.915 155.88725 1168.7496 177.7154 0.5 0.5 0.5 0.5 0.5 0.5 0.5 0.95670307 
Car 0.5 3 0 666.0281 166.22887 719.0744 209.55965 0.5 0.5 0.5 0.5 0.5 0.5 0.5 0.9485413 
Car 0.5 3 0 0.77433705 255.25941 37.098904 321.69128 0.5 0.5 0.5 0.5 0.5 0.5 0.5 0.9483491 
Car 0.5 3 0 885.98096 158.88185 920.0665 174.48462 0.5 0.5 0.5 0.5 0.5 0.5 0.5 0.9195093 
Car 0.5 3 0 30.423023 159.17578 447.44308 356.1822 0.5 0.5 0.5 0.5 0.5 0.5 0.5 0.9061667 
Car 0.5 3 0 1097.8638 158.80486 1132.057 178.14323 0.5 0.5 0.5 0.5 0.5 0.5 0.5 0.8951163 
Car 0.5 3 0 821.5483 160.6747 843.27295 172.68762 0.5 0.5 0.5 0.5 0.5 0.5 0.5 0.8941196 
Car 0.5 3 0 1012.7369 159.55226 1040.6547 176.19072 0.5 0.5 0.5 0.5 0.5 0.5 0.5 0.8820934 
Car 0.5 3 0 832.7299 159.66467 879.22076 172.77579 0.5 0.5 0.5 0.5 0.5 0.5 0.5 0.8517813 
Car 0.5 3 0 788.3504 159.16205 821.72833 173.33496 0.5 0.5 0.5 0.5 0.5 0.5 0.5 0.8215784 
Car 0.5 3 0 853.8952 159.96185 884.7806 172.86313 0.5 0.5 0.5 0.5 0.5 0.5 0.5 0.674448 
Car 0.5 3 0 471.8389 176.17908 493.35196 196.15536 0.5 0.5 0.5 0.5 0.5 0.5 0.5 0.58534384 
