Car 0.5 3 0 236.1067 184.10973 284.81015 206.33849 0.5 0.5 0.5 0.5 0.5 0.5 0.5 0.8705957 
Car 0.5 3 0 596.6435 176.78653 609.9027 186.60818 0.5 0.5 0.5 0.5 0.5 0.5 0.5 0.80287415 
Pedestrian 0.5 3 0 412.2144 182.5783 428.78726 247.30995 0.5 0.5 0.5 0.5 0.5 0.5 0.5 0.78980345 
Car 0.5 3 0 561.1865 178.10313 593.2104 186.86609 0.5 0.5 0.5 0.5 0.5 0.5 0.5 0.7887902 
Car 0.5 3 0 415.32834 180.98425 450.29904 194.58006 0.5 0.5 0.5 0.5 0.5 0.5 0.5 0.7481056 
Car 0.5 3 0 179.7515 187.52026 201.77179 202.7761 0.5 0.5 0.5 0.5 0.5 0.5 0.5 0.7458466 
Car 0.5 3 0 151.81793 185.69856 187.44029 205.59315 0.5 0.5 0.5 0.5 0.5 0.5 0.5 0.7423612 
Pedestrian 0.5 3 0 315.74142 189.04544 340.42325 263.73926 0.5 0.5 0.5 0.5 0.5 0.5 0.5 0.6042149 
Car 0.5 3 0 691.9056 172.00209 719.3836 184.27562 0.5 0.5 0.5 0.5 0.5 0.5 0.5 0.598618 
Car 0.5 3 0 892.65656 167.02037 917.64923 176.81981 0.5 0.5 0.5 0.5 0.5 0.5 0.5 0.57901216 
Car 0.5 3 0 228.12515 183.3194 252.05818 201.65399 0.5 0.5 0.5 0.5 0.5 0.5 0.5 0.52375364 
Car 0.5 3 0 412.88748 179.86154 441.82642 190.46065 0.5 0.5 0.5 0.5 0.5 0.5 0.5 0.52162313 
Car 0.5 3 0 1197.5348 159.65364 1241.5071 177.53505 0.5 0.5 0.5 0.5 0.5 0.5 0.5 0.5171056 
