Car 0.5 3 0 141.88634 191.28497 388.40164 281.7293 0.5 0.5 0.5 0.5 0.5 0.5 0.5 0.99542713 
Car 0.5 3 0 617.0715 172.27179 665.735 203.88686 0.5 0.5 0.5 0.5 0.5 0.5 0.5 0.9847543 
Car 0.5 3 0 1163.537 153.08669 1199.4099 174.81367 0.5 0.5 0.5 0.5 0.5 0.5 0.5 0.9812862 
Car 0.5 3 0 1039.709 157.0979 1068.0397 175.55446 0.5 0.5 0.5 0.5 0.5 0.5 0.5 0.9661261 
Car 0.5 3 0 318.66434 186.03229 374.99435 212.9124 0.5 0.5 0.5 0.5 0.5 0.5 0.5 0.96428144 
Car 0.5 3 0 1195.0765 151.52083 1238.5913 172.72081 0.5 0.5 0.5 0.5 0.5 0.5 0.5 0.9631234 
Car 0.5 3 0 1129.926 154.5101 1169.5718 176.63521 0.5 0.5 0.5 0.5 0.5 0.5 0.5 0.9341272 
Car 0.5 3 0 1099.3989 156.81638 1130.251 176.76024 0.5 0.5 0.5 0.5 0.5 0.5 0.5 0.9254604 
Car 0.5 3 0 823.40125 157.0646 875.427 171.74718 0.5 0.5 0.5 0.5 0.5 0.5 0.5 0.9024392 
Car 0.5 3 0 1013.0229 156.92535 1041.2377 174.39886 0.5 0.5 0.5 0.5 0.5 0.5 0.5 0.8800696 
Car 0.5 3 0 886.60315 155.81526 912.3016 171.31453 0.5 0.5 0.5 0.5 0.5 0.5 0.5 0.87036973 
Car 0.5 3 0 822.037 158.80301 846.29785 171.33546 0.5 0.5 0.5 0.5 0.5 0.5 0.5 0.7620448 
Car 0.5 3 0 412.39545 161.75896 489.15515 212.78165 0.5 0.5 0.5 0.5 0.5 0.5 0.5 0.7553369 
Car 0.5 3 0 793.25146 156.99683 822.82806 172.1417 0.5 0.5 0.5 0.5 0.5 0.5 0.5 0.7260977 
Car 0.5 3 0 735.8794 168.8209 744.9758 185.46338 0.5 0.5 0.5 0.5 0.5 0.5 0.5 0.72380584 
Car 0.5 3 0 674.68787 169.58012 689.55365 190.24455 0.5 0.5 0.5 0.5 0.5 0.5 0.5 0.6024071 
Car 0.5 3 0 853.4054 157.44432 885.4856 171.49118 0.5 0.5 0.5 0.5 0.5 0.5 0.5 0.55430734 
Car 0.5 3 0 1141.8081 152.941 1193.9508 176.9899 0.5 0.5 0.5 0.5 0.5 0.5 0.5 0.52699983 
Car 0.5 3 0 487.96204 169.8095 509.77213 188.66771 0.5 0.5 0.5 0.5 0.5 0.5 0.5 0.5011141 
