Car 0.5 3 0 718.77435 169.44768 747.7453 194.5583 0.5 0.5 0.5 0.5 0.5 0.5 0.5 0.9855079 
Car 0.5 3 0 1165.5203 155.28273 1197.3998 177.94637 0.5 0.5 0.5 0.5 0.5 0.5 0.5 0.98368984 
Car 0.5 3 0 639.144 171.73277 680.1765 200.40651 0.5 0.5 0.5 0.5 0.5 0.5 0.5 0.97768605 
Car 0.5 3 0 302.74615 185.30513 381.15204 226.17435 0.5 0.5 0.5 0.5 0.5 0.5 0.5 0.9760957 
Car 0.5 3 0 1038.6604 158.72583 1070.541 177.88411 0.5 0.5 0.5 0.5 0.5 0.5 0.5 0.96753556 
Car 0.5 3 0 1198.1609 156.0924 1240.6403 175.13795 0.5 0.5 0.5 0.5 0.5 0.5 0.5 0.96628654 
Car 0.5 3 0 468.38657 178.81387 509.26685 207.00613 0.5 0.5 0.5 0.5 0.5 0.5 0.5 0.9569264 
Car 0.5 3 0 525.14197 180.08725 556.14905 198.59468 0.5 0.5 0.5 0.5 0.5 0.5 0.5 0.9507751 
Car 0.5 3 0 688.5101 171.49586 708.2355 188.58098 0.5 0.5 0.5 0.5 0.5 0.5 0.5 0.94999343 
Car 0.5 3 0 1130.7468 155.9742 1168.5692 177.23643 0.5 0.5 0.5 0.5 0.5 0.5 0.5 0.9469076 
Car 0.5 3 0 824.2437 159.6002 874.5451 173.38742 0.5 0.5 0.5 0.5 0.5 0.5 0.5 0.90525365 
Car 0.5 3 0 885.52875 158.8573 917.9829 174.2104 0.5 0.5 0.5 0.5 0.5 0.5 0.5 0.90125495 
Car 0.5 3 0 1097.4835 158.45027 1133.0825 178.01845 0.5 0.5 0.5 0.5 0.5 0.5 0.5 0.88653916 
Car 0.5 3 0 821.63995 160.61165 842.57935 172.40498 0.5 0.5 0.5 0.5 0.5 0.5 0.5 0.88102627 
Car 0.5 3 0 1013.0743 159.5328 1039.8132 175.77777 0.5 0.5 0.5 0.5 0.5 0.5 0.5 0.86483234 
Car 0.5 3 0 290.50607 192.96983 309.76755 208.84207 0.5 0.5 0.5 0.5 0.5 0.5 0.5 0.81656665 
Car 0.5 3 0 788.0322 159.05243 821.8722 172.84834 0.5 0.5 0.5 0.5 0.5 0.5 0.5 0.7535001 
Pedestrian 0.5 3 0 154.09842 198.09212 169.31235 242.07161 0.5 0.5 0.5 0.5 0.5 0.5 0.5 0.70896006 
Car 0.5 3 0 854.16925 160.06583 884.56616 172.66249 0.5 0.5 0.5 0.5 0.5 0.5 0.5 0.6800023 
Car 0.5 3 0 803.20685 159.38397 821.17004 172.22908 0.5 0.5 0.5 0.5 0.5 0.5 0.5 0.5956467 
Pedestrian 0.5 3 0 448.21323 184.1157 458.8044 207.8204 0.5 0.5 0.5 0.5 0.5 0.5 0.5 0.53915256 
