Car 0.5 3 0 430.49045 181.5382 547.52606 237.60448 0.5 0.5 0.5 0.5 0.5 0.5 0.5 0.99716175 
Car 0.5 3 0 0.36286348 195.7081 153.65913 259.3016 0.5 0.5 0.5 0.5 0.5 0.5 0.5 0.9919132 
Car 0.5 3 0 661.3255 172.19502 692.01526 197.8112 0.5 0.5 0.5 0.5 0.5 0.5 0.5 0.98419464 
Car 0.5 3 0 688.3316 172.49806 708.2915 191.33876 0.5 0.5 0.5 0.5 0.5 0.5 0.5 0.98168325 
Car 0.5 3 0 1164.8804 155.86566 1199.5594 177.676 0.5 0.5 0.5 0.5 0.5 0.5 0.5 0.98036903 
Car 0.5 3 0 1195.0797 153.6222 1240.6204 175.14914 0.5 0.5 0.5 0.5 0.5 0.5 0.5 0.96764845 
Car 0.5 3 0 1039.1039 158.72748 1069.8429 177.90019 0.5 0.5 0.5 0.5 0.5 0.5 0.5 0.9675327 
Car 0.5 3 0 1130.9701 157.13828 1168.0548 177.62726 0.5 0.5 0.5 0.5 0.5 0.5 0.5 0.9587285 
Car 0.5 3 0 824.18933 159.63124 874.173 173.40828 0.5 0.5 0.5 0.5 0.5 0.5 0.5 0.90525293 
Car 0.5 3 0 885.6581 158.83037 918.52313 174.28146 0.5 0.5 0.5 0.5 0.5 0.5 0.5 0.90127355 
Car 0.5 3 0 1099.1383 158.69788 1132.9421 177.90059 0.5 0.5 0.5 0.5 0.5 0.5 0.5 0.89607424 
Car 0.5 3 0 821.77875 160.63301 842.9262 172.46472 0.5 0.5 0.5 0.5 0.5 0.5 0.5 0.88698095 
Car 0.5 3 0 1013.2025 159.5043 1040.6172 175.94019 0.5 0.5 0.5 0.5 0.5 0.5 0.5 0.88419956 
Car 0.5 3 0 788.4919 159.00117 821.24756 173.04448 0.5 0.5 0.5 0.5 0.5 0.5 0.5 0.7942136 
Car 0.5 3 0 611.9903 173.42653 626.7294 182.02756 0.5 0.5 0.5 0.5 0.5 0.5 0.5 0.75022054 
Car 0.5 3 0 294.72583 161.09131 417.28506 224.3705 0.5 0.5 0.5 0.5 0.5 0.5 0.5 0.72699964 
Pedestrian 0.5 3 0 151.36372 199.21222 168.80113 241.01895 0.5 0.5 0.5 0.5 0.5 0.5 0.5 0.7071631 
Car 0.5 3 0 854.3923 159.99448 884.60876 172.63992 0.5 0.5 0.5 0.5 0.5 0.5 0.5 0.69839776 
Car 0.5 3 0 1144.8112 155.26212 1193.3068 178.71634 0.5 0.5 0.5 0.5 0.5 0.5 0.5 0.61234784 
Car 0.5 3 0 719.72784 154.92502 752.8758 191.35281 0.5 0.5 0.5 0.5 0.5 0.5 0.5 0.54719746 
