Pedestrian 0.5 3 0 989.04065 156.87389 1027.0496 232.79459 0.5 0.5 0.5 0.5 0.5 0.5 0.5 0.96842176 
Car 0.5 3 0 718.4712 171.69075 758.7812 208.48491 0.5 0.5 0.5 0.5 0.5 0.5 0.5 0.9578324 
Car 0.5 3 0 268.90317 181.11841 321.89532 214.8991 0.5 0.5 0.5 0.5 0.5 0.5 0.5 0.93050516 
Car 0.5 3 0 186.24242 181.14883 291.0995 225.02483 0.5 0.5 0.5 0.5 0.5 0.5 0.5 0.92657095 
Car 0.5 3 0 361.31845 178.68108 389.4329 201.19647 0.5 0.5 0.5 0.5 0.5 0.5 0.5 0.88161844 
Cyclist 0.5 3 0 987.58856 193.70233 1030.9465 246.39224 0.5 0.5 0.5 0.5 0.5 0.5 0.5 0.8655599 
Car 0.5 3 0 813.68866 174.97713 856.65753 199.75461 0.5 0.5 0.5 0.5 0.5 0.5 0.5 0.86371213 
Car 0.5 3 0 269.33243 173.50941 361.86795 207.65417 0.5 0.5 0.5 0.5 0.5 0.5 0.5 0.8383578 
Pedestrian 0.5 3 0 677.31445 174.49991 695.0248 223.74045 0.5 0.5 0.5 0.5 0.5 0.5 0.5 0.8200309 
Car 0.5 3 0 733.4682 164.97166 777.00476 204.89215 0.5 0.5 0.5 0.5 0.5 0.5 0.5 0.7491089 
Car 0.5 3 0 625.7772 173.90715 648.92505 190.44785 0.5 0.5 0.5 0.5 0.5 0.5 0.5 0.7133115 
Car 0.5 3 0 323.37366 172.42978 373.19653 210.1643 0.5 0.5 0.5 0.5 0.5 0.5 0.5 0.6892765 
Car 0.5 3 0 422.39774 180.71286 439.9408 189.04535 0.5 0.5 0.5 0.5 0.5 0.5 0.5 0.68603843 
Car 0.5 3 0 452.4532 180.51936 468.90387 190.75385 0.5 0.5 0.5 0.5 0.5 0.5 0.5 0.6690509 
Car 0.5 3 0 241.08759 181.82278 303.0216 217.78159 0.5 0.5 0.5 0.5 0.5 0.5 0.5 0.6595817 
Car 0.5 3 0 8.666207 186.6301 50.3473 223.44873 0.5 0.5 0.5 0.5 0.5 0.5 0.5 0.65405464 
Car 0.5 3 0 439.3852 178.84929 468.32742 191.27754 0.5 0.5 0.5 0.5 0.5 0.5 0.5 0.64105535 
Car 0.5 3 0 400.55164 176.56703 437.5704 189.38911 0.5 0.5 0.5 0.5 0.5 0.5 0.5 0.58824074 
Car 0.5 3 0 635.97314 171.82533 660.4765 188.88873 0.5 0.5 0.5 0.5 0.5 0.5 0.5 0.5728675 
