Car 0.5 3 0 374.56146 176.7926 424.40808 200.37634 0.5 0.5 0.5 0.5 0.5 0.5 0.5 0.9624758 
Pedestrian 0.5 3 0 637.3665 176.92413 650.61597 214.33862 0.5 0.5 0.5 0.5 0.5 0.5 0.5 0.90163296 
Car 0.5 3 0 393.84082 176.22899 434.4617 197.69382 0.5 0.5 0.5 0.5 0.5 0.5 0.5 0.85949695 
Car 0.5 3 0 373.118 181.2336 405.20956 204.10475 0.5 0.5 0.5 0.5 0.5 0.5 0.5 0.8226541 
Pedestrian 0.5 3 0 653.81085 178.95903 674.2456 232.8801 0.5 0.5 0.5 0.5 0.5 0.5 0.5 0.8023576 
Car 0.5 3 0 661.015 174.85611 683.0478 192.29045 0.5 0.5 0.5 0.5 0.5 0.5 0.5 0.79163206 
Car 0.5 3 0 473.59662 176.3261 492.69077 189.0921 0.5 0.5 0.5 0.5 0.5 0.5 0.5 0.77995044 
Car 0.5 3 0 434.9757 181.07437 451.7304 193.94217 0.5 0.5 0.5 0.5 0.5 0.5 0.5 0.754932 
Car 0.5 3 0 490.97107 178.78255 509.35367 189.54916 0.5 0.5 0.5 0.5 0.5 0.5 0.5 0.75242597 
Car 0.5 3 0 571.69543 175.38792 589.065 189.17395 0.5 0.5 0.5 0.5 0.5 0.5 0.5 0.7053158 
Car 0.5 3 0 413.75372 178.8273 435.00626 196.80176 0.5 0.5 0.5 0.5 0.5 0.5 0.5 0.67210096 
Pedestrian 0.5 3 0 627.49493 177.65956 637.0609 203.262 0.5 0.5 0.5 0.5 0.5 0.5 0.5 0.58928555 
Car 0.5 3 0 675.65894 170.07724 696.5866 184.47841 0.5 0.5 0.5 0.5 0.5 0.5 0.5 0.5350068 
Pedestrian 0.5 3 0 268.65396 195.48067 285.68652 244.5665 0.5 0.5 0.5 0.5 0.5 0.5 0.5 0.51964855 
