Car 0.5 3 0 232.48346 189.86292 387.28244 251.45383 0.5 0.5 0.5 0.5 0.5 0.5 0.5 0.9983903 
Car 0.5 3 0 484.5637 175.79744 562.6386 218.11284 0.5 0.5 0.5 0.5 0.5 0.5 0.5 0.9926721 
Car 0.5 3 0 0.5622799 183.41302 145.02556 252.31003 0.5 0.5 0.5 0.5 0.5 0.5 0.5 0.9877713 
Car 0.5 3 0 731.0477 166.31183 750.6987 183.86374 0.5 0.5 0.5 0.5 0.5 0.5 0.5 0.9683114 
Car 0.5 3 0 586.9856 173.37376 633.2295 201.45013 0.5 0.5 0.5 0.5 0.5 0.5 0.5 0.9651809 
Car 0.5 3 0 1096.0466 152.15063 1124.861 168.29082 0.5 0.5 0.5 0.5 0.5 0.5 0.5 0.93438786 
Car 0.5 3 0 1198.5569 150.08842 1237.2142 166.61435 0.5 0.5 0.5 0.5 0.5 0.5 0.5 0.92594737 
Car 0.5 3 0 692.93 166.87685 714.6701 186.13672 0.5 0.5 0.5 0.5 0.5 0.5 0.5 0.9063484 
Pedestrian 0.5 3 0 759.9542 150.30238 771.5355 187.64873 0.5 0.5 0.5 0.5 0.5 0.5 0.5 0.8868825 
Car 0.5 3 0 678.14795 170.3295 701.012 189.48616 0.5 0.5 0.5 0.5 0.5 0.5 0.5 0.8809941 
Car 0.5 3 0 384.1712 170.72607 458.23215 208.64163 0.5 0.5 0.5 0.5 0.5 0.5 0.5 0.85715014 
Car 0.5 3 0 1122.0023 154.2484 1150.1556 167.66238 0.5 0.5 0.5 0.5 0.5 0.5 0.5 0.8406593 
Car 0.5 3 0 791.54315 158.8232 811.1487 170.43967 0.5 0.5 0.5 0.5 0.5 0.5 0.5 0.8329458 
Car 0.5 3 0 1158.751 152.62874 1191.35 165.78618 0.5 0.5 0.5 0.5 0.5 0.5 0.5 0.8247274 
Car 0.5 3 0 1047.2108 153.59634 1096.6293 171.40485 0.5 0.5 0.5 0.5 0.5 0.5 0.5 0.81622285 
Car 0.5 3 0 653.00366 172.62369 667.6009 181.73042 0.5 0.5 0.5 0.5 0.5 0.5 0.5 0.73898417 
Car 0.5 3 0 878.3416 156.79729 900.1741 169.84795 0.5 0.5 0.5 0.5 0.5 0.5 0.5 0.73664355 
Car 0.5 3 0 789.94 158.44263 826.76074 172.56842 0.5 0.5 0.5 0.5 0.5 0.5 0.5 0.7139233 
Car 0.5 3 0 839.6268 158.0197 868.618 169.53131 0.5 0.5 0.5 0.5 0.5 0.5 0.5 0.6499833 
Car 0.5 3 0 1188.7722 151.50089 1207.6434 165.59682 0.5 0.5 0.5 0.5 0.5 0.5 0.5 0.57202935 
Car 0.5 3 0 634.54297 173.172 652.8474 183.0763 0.5 0.5 0.5 0.5 0.5 0.5 0.5 0.52954715 
Car 0.5 3 0 1079.2726 153.13658 1099.1917 168.35976 0.5 0.5 0.5 0.5 0.5 0.5 0.5 0.5249586 
Car 0.5 3 0 555.87354 178.19397 576.4881 191.79437 0.5 0.5 0.5 0.5 0.5 0.5 0.5 0.51180035 
