Car 0.5 3 0 183.34325 188.8542 297.23138 240.15048 0.5 0.5 0.5 0.5 0.5 0.5 0.5 0.99510044 
Car 0.5 3 0 639.96405 175.27924 680.98773 199.90851 0.5 0.5 0.5 0.5 0.5 0.5 0.5 0.99298096 
Car 0.5 3 0 312.29465 186.62953 483.02563 256.4195 0.5 0.5 0.5 0.5 0.5 0.5 0.5 0.99217635 
Car 0.5 3 0 1165.2471 155.16899 1197.1742 176.05861 0.5 0.5 0.5 0.5 0.5 0.5 0.5 0.9725099 
Car 0.5 3 0 675.51654 170.63373 706.5415 193.1912 0.5 0.5 0.5 0.5 0.5 0.5 0.5 0.96931726 
Car 0.5 3 0 1037.9117 158.19214 1069.6866 177.61931 0.5 0.5 0.5 0.5 0.5 0.5 0.5 0.96537083 
Car 0.5 3 0 821.9364 158.87576 876.4368 173.00859 0.5 0.5 0.5 0.5 0.5 0.5 0.5 0.9598963 
Car 0.5 3 0 1195.5315 153.42938 1238.4639 174.22606 0.5 0.5 0.5 0.5 0.5 0.5 0.5 0.9532539 
Car 0.5 3 0 1130.8402 156.2264 1168.8745 176.80579 0.5 0.5 0.5 0.5 0.5 0.5 0.5 0.9526365 
Car 0.5 3 0 1099.8651 158.64934 1131.598 177.66925 0.5 0.5 0.5 0.5 0.5 0.5 0.5 0.9116869 
Car 0.5 3 0 1012.6144 158.90388 1040.8281 176.1564 0.5 0.5 0.5 0.5 0.5 0.5 0.5 0.90560603 
Car 0.5 3 0 886.60706 157.39516 918.4623 173.35016 0.5 0.5 0.5 0.5 0.5 0.5 0.5 0.87100804 
Car 0.5 3 0 821.3945 159.71533 843.8127 172.49843 0.5 0.5 0.5 0.5 0.5 0.5 0.5 0.80821586 
Car 0.5 3 0 472.06833 174.61395 492.69598 192.11737 0.5 0.5 0.5 0.5 0.5 0.5 0.5 0.7763514 
Car 0.5 3 0 790.10474 158.21965 820.67365 171.14157 0.5 0.5 0.5 0.5 0.5 0.5 0.5 0.7557494 
Car 0.5 3 0 613.6411 173.3985 633.4548 182.63933 0.5 0.5 0.5 0.5 0.5 0.5 0.5 0.67046636 
Pedestrian 0.5 3 0 154.43759 197.57082 169.59145 240.38081 0.5 0.5 0.5 0.5 0.5 0.5 0.5 0.6558963 
Car 0.5 3 0 803.1623 159.07968 822.18304 172.60161 0.5 0.5 0.5 0.5 0.5 0.5 0.5 0.642522 
Car 0.5 3 0 853.4997 159.46468 884.3664 172.01073 0.5 0.5 0.5 0.5 0.5 0.5 0.5 0.6030083 
Car 0.5 3 0 376.69443 162.31581 459.15933 202.64505 0.5 0.5 0.5 0.5 0.5 0.5 0.5 0.5668844 
