Car 0.5 3 0 438.5031 179.27228 470.7436 203.64368 0.5 0.5 0.5 0.5 0.5 0.5 0.5 0.99422234 
Car 0.5 3 0 854.67303 162.64822 888.3024 188.9133 0.5 0.5 0.5 0.5 0.5 0.5 0.5 0.9928929 
Car 0.5 3 0 875.79333 162.56139 920.7616 191.826 0.5 0.5 0.5 0.5 0.5 0.5 0.5 0.952058 
Car 0.5 3 0 774.8533 162.16945 825.2499 187.67545 0.5 0.5 0.5 0.5 0.5 0.5 0.5 0.94454604 
Car 0.5 3 0 968.0776 157.15541 1033.8778 197.06688 0.5 0.5 0.5 0.5 0.5 0.5 0.5 0.93997484 
Car 0.5 3 0 1109.6661 160.01987 1171.8453 205.88774 0.5 0.5 0.5 0.5 0.5 0.5 0.5 0.9380177 
Car 0.5 3 0 364.7741 174.12746 382.19623 185.39906 0.5 0.5 0.5 0.5 0.5 0.5 0.5 0.93293136 
Car 0.5 3 0 736.3658 162.27666 779.5939 185.18906 0.5 0.5 0.5 0.5 0.5 0.5 0.5 0.9103966 
Car 0.5 3 0 711.06805 161.32663 742.0983 183.52837 0.5 0.5 0.5 0.5 0.5 0.5 0.5 0.91029423 
Car 0.5 3 0 944.8497 161.22032 983.1458 186.39766 0.5 0.5 0.5 0.5 0.5 0.5 0.5 0.90117884 
Car 0.5 3 0 822.6899 164.83035 856.85376 184.93463 0.5 0.5 0.5 0.5 0.5 0.5 0.5 0.8888928 
Car 0.5 3 0 1197.1249 172.6492 1241.0078 209.52638 0.5 0.5 0.5 0.5 0.5 0.5 0.5 0.84756804 
Car 0.5 3 0 421.91513 177.44801 443.459 194.22696 0.5 0.5 0.5 0.5 0.5 0.5 0.5 0.82281387 
Car 0.5 3 0 378.88345 174.39792 396.0437 186.2955 0.5 0.5 0.5 0.5 0.5 0.5 0.5 0.7453887 
Car 0.5 3 0 367.3643 172.91422 393.84113 185.83347 0.5 0.5 0.5 0.5 0.5 0.5 0.5 0.68717265 
Car 0.5 3 0 662.7799 159.54153 702.8547 181.91711 0.5 0.5 0.5 0.5 0.5 0.5 0.5 0.6863161 
Car 0.5 3 0 644.9827 161.44032 666.4579 176.49448 0.5 0.5 0.5 0.5 0.5 0.5 0.5 0.6608423 
Car 0.5 3 0 347.93906 173.46565 364.7567 184.87498 0.5 0.5 0.5 0.5 0.5 0.5 0.5 0.63695735 
Car 0.5 3 0 396.4235 176.70512 426.7054 191.80795 0.5 0.5 0.5 0.5 0.5 0.5 0.5 0.57449496 
Car 0.5 3 0 491.7404 169.1824 528.5719 202.61476 0.5 0.5 0.5 0.5 0.5 0.5 0.5 0.57399833 
Car 0.5 3 0 646.68945 158.23827 690.5465 180.8089 0.5 0.5 0.5 0.5 0.5 0.5 0.5 0.56545544 
