Car 0.5 3 0 548.65076 173.29851 588.833 186.6169 0.5 0.5 0.5 0.5 0.5 0.5 0.5 0.9573711 
Car 0.5 3 0 337.14154 176.27441 397.8389 196.7447 0.5 0.5 0.5 0.5 0.5 0.5 0.5 0.896785 
Car 0.5 3 0 401.50354 175.50323 441.83636 189.83423 0.5 0.5 0.5 0.5 0.5 0.5 0.5 0.8366479 
Car 0.5 3 0 639.9267 172.47913 672.9982 183.15451 0.5 0.5 0.5 0.5 0.5 0.5 0.5 0.81275004 
Car 0.5 3 0 706.5728 168.4326 731.35144 183.13013 0.5 0.5 0.5 0.5 0.5 0.5 0.5 0.81269497 
Pedestrian 0.5 3 0 108.568756 173.52267 126.5256 223.04037 0.5 0.5 0.5 0.5 0.5 0.5 0.5 0.7960935 
Car 0.5 3 0 748.6174 166.22745 780.2113 182.16159 0.5 0.5 0.5 0.5 0.5 0.5 0.5 0.77346 
Car 0.5 3 0 823.39825 167.00415 843.2974 177.16006 0.5 0.5 0.5 0.5 0.5 0.5 0.5 0.7367926 
Car 0.5 3 0 0.0 184.913 67.4266 227.09734 0.5 0.5 0.5 0.5 0.5 0.5 0.5 0.71944535 
Pedestrian 0.5 3 0 120.72197 180.43182 140.85725 220.66649 0.5 0.5 0.5 0.5 0.5 0.5 0.5 0.6936566 
Car 0.5 3 0 0.27139765 185.3915 56.154926 205.54039 0.5 0.5 0.5 0.5 0.5 0.5 0.5 0.66164845 
Pedestrian 0.5 3 0 183.31645 179.52675 194.97643 201.45268 0.5 0.5 0.5 0.5 0.5 0.5 0.5 0.6109468 
Car 0.5 3 0 167.0855 174.59781 213.2634 195.30527 0.5 0.5 0.5 0.5 0.5 0.5 0.5 0.5449395 
