Car 0.5 3 0 503.50616 186.85985 530.65063 211.09988 0.5 0.5 0.5 0.5 0.5 0.5 0.5 0.9667655 
Car 0.5 3 0 148.97963 179.79436 192.99591 207.92726 0.5 0.5 0.5 0.5 0.5 0.5 0.5 0.9633765 
Car 0.5 3 0 832.26935 175.2438 878.10565 201.03189 0.5 0.5 0.5 0.5 0.5 0.5 0.5 0.9428726 
Car 0.5 3 0 1067.8456 183.97083 1103.3774 210.78069 0.5 0.5 0.5 0.5 0.5 0.5 0.5 0.9385647 
Car 0.5 3 0 683.64813 175.50554 736.66864 198.07129 0.5 0.5 0.5 0.5 0.5 0.5 0.5 0.937837 
Car 0.5 3 0 679.6107 176.75497 704.74255 192.60971 0.5 0.5 0.5 0.5 0.5 0.5 0.5 0.9153692 
Car 0.5 3 0 1127.3575 191.80074 1181.0309 218.44833 0.5 0.5 0.5 0.5 0.5 0.5 0.5 0.8958754 
Car 0.5 3 0 726.46954 176.5281 759.4023 195.21841 0.5 0.5 0.5 0.5 0.5 0.5 0.5 0.82412034 
Car 0.5 3 0 774.3291 177.69165 805.85675 195.87975 0.5 0.5 0.5 0.5 0.5 0.5 0.5 0.8016803 
Car 0.5 3 0 633.6676 173.32886 669.0816 190.25931 0.5 0.5 0.5 0.5 0.5 0.5 0.5 0.80113405 
Car 0.5 3 0 1021.0838 186.56656 1060.4604 212.78517 0.5 0.5 0.5 0.5 0.5 0.5 0.5 0.75603867 
Car 0.5 3 0 933.8751 185.29303 979.1817 206.51042 0.5 0.5 0.5 0.5 0.5 0.5 0.5 0.7358876 
Car 0.5 3 0 766.5087 177.49904 784.3318 194.1437 0.5 0.5 0.5 0.5 0.5 0.5 0.5 0.7149303 
Car 0.5 3 0 974.689 186.6913 1006.93024 212.73933 0.5 0.5 0.5 0.5 0.5 0.5 0.5 0.6935239 
Car 0.5 3 0 466.8259 186.13737 484.80026 198.22194 0.5 0.5 0.5 0.5 0.5 0.5 0.5 0.67836374 
Car 0.5 3 0 249.1386 175.02003 271.83087 201.44011 0.5 0.5 0.5 0.5 0.5 0.5 0.5 0.58451355 
Car 0.5 3 0 285.2541 179.7054 310.45044 194.37857 0.5 0.5 0.5 0.5 0.5 0.5 0.5 0.57490295 
Car 0.5 3 0 265.05817 174.76836 288.5162 193.46402 0.5 0.5 0.5 0.5 0.5 0.5 0.5 0.56237775 
