Car 0.5 3 0 553.5823 174.64122 621.81775 213.7538 0.5 0.5 0.5 0.5 0.5 0.5 0.5 0.9898226 
Car 0.5 3 0 1165.384 155.43018 1197.2283 178.00972 0.5 0.5 0.5 0.5 0.5 0.5 0.5 0.9840655 
Car 0.5 3 0 455.37628 180.76215 499.76328 207.7529 0.5 0.5 0.5 0.5 0.5 0.5 0.5 0.974661 
Car 0.5 3 0 1038.8097 158.77974 1070.0002 177.7036 0.5 0.5 0.5 0.5 0.5 0.5 0.5 0.969247 
Car 0.5 3 0 1130.7424 156.4795 1168.3425 177.65065 0.5 0.5 0.5 0.5 0.5 0.5 0.5 0.9613288 
Car 0.5 3 0 1195.8519 153.88858 1238.5178 175.02074 0.5 0.5 0.5 0.5 0.5 0.5 0.5 0.9575643 
Car 0.5 3 0 824.0274 159.64354 874.8169 173.36987 0.5 0.5 0.5 0.5 0.5 0.5 0.5 0.913785 
Car 0.5 3 0 885.46954 158.96715 917.85406 174.01382 0.5 0.5 0.5 0.5 0.5 0.5 0.5 0.9101812 
Car 0.5 3 0 1097.8533 158.74126 1133.3103 178.13864 0.5 0.5 0.5 0.5 0.5 0.5 0.5 0.88573736 
Car 0.5 3 0 821.53564 160.72885 843.02747 172.46397 0.5 0.5 0.5 0.5 0.5 0.5 0.5 0.87927747 
Car 0.5 3 0 1012.9598 159.63466 1040.3119 175.86873 0.5 0.5 0.5 0.5 0.5 0.5 0.5 0.86770076 
Car 0.5 3 0 509.72372 179.69011 538.3059 199.85553 0.5 0.5 0.5 0.5 0.5 0.5 0.5 0.825332 
Car 0.5 3 0 788.51685 159.01048 821.6839 173.4225 0.5 0.5 0.5 0.5 0.5 0.5 0.5 0.81120396 
Car 0.5 3 0 726.51324 166.84793 753.81 192.06572 0.5 0.5 0.5 0.5 0.5 0.5 0.5 0.7392695 
Car 0.5 3 0 853.97156 160.03447 884.5176 172.66162 0.5 0.5 0.5 0.5 0.5 0.5 0.5 0.6704172 
Car 0.5 3 0 803.09686 159.37634 821.1608 172.34142 0.5 0.5 0.5 0.5 0.5 0.5 0.5 0.62306994 
Pedestrian 0.5 3 0 153.64975 197.18988 170.14215 241.23975 0.5 0.5 0.5 0.5 0.5 0.5 0.5 0.62284946 
Car 0.5 3 0 659.2342 160.87473 723.09155 211.2201 0.5 0.5 0.5 0.5 0.5 0.5 0.5 0.6199824 
Car 0.5 3 0 531.0333 176.42532 556.41406 197.93736 0.5 0.5 0.5 0.5 0.5 0.5 0.5 0.52647275 
