Car 0.5 3 0 987.44116 185.57578 1156.0476 275.4227 0.5 0.5 0.5 0.5 0.5 0.5 0.5 0.9947594 
Car 0.5 3 0 858.01355 178.58809 997.4862 270.3603 0.5 0.5 0.5 0.5 0.5 0.5 0.5 0.9897149 
Car 0.5 3 0 170.17603 174.42737 241.39183 211.95952 0.5 0.5 0.5 0.5 0.5 0.5 0.5 0.94822186 
Car 0.5 3 0 0.42593947 183.58188 49.173935 237.56505 0.5 0.5 0.5 0.5 0.5 0.5 0.5 0.9312854 
Car 0.5 3 0 703.30475 173.51599 721.6542 181.31699 0.5 0.5 0.5 0.5 0.5 0.5 0.5 0.92816925 
Car 0.5 3 0 234.19032 172.18826 280.50714 206.0018 0.5 0.5 0.5 0.5 0.5 0.5 0.5 0.8831473 
Car 0.5 3 0 843.2121 166.71953 921.10236 234.01129 0.5 0.5 0.5 0.5 0.5 0.5 0.5 0.87404823 
Pedestrian 0.5 3 0 860.0711 165.80334 888.9141 208.98141 0.5 0.5 0.5 0.5 0.5 0.5 0.5 0.8141951 
Car 0.5 3 0 24.558817 164.1841 149.65913 226.16628 0.5 0.5 0.5 0.5 0.5 0.5 0.5 0.7524241 
Car 0.5 3 0 351.70792 174.68599 378.58548 191.49536 0.5 0.5 0.5 0.5 0.5 0.5 0.5 0.74990654 
Car 0.5 3 0 615.778 173.20903 642.2767 186.55869 0.5 0.5 0.5 0.5 0.5 0.5 0.5 0.74238294 
Car 0.5 3 0 683.1714 171.44038 706.2907 183.53052 0.5 0.5 0.5 0.5 0.5 0.5 0.5 0.69659865 
Car 0.5 3 0 107.79679 169.93913 217.80376 216.93369 0.5 0.5 0.5 0.5 0.5 0.5 0.5 0.6884556 
Car 0.5 3 0 330.13736 171.55066 374.47403 190.54584 0.5 0.5 0.5 0.5 0.5 0.5 0.5 0.678631 
Car 0.5 3 0 380.3049 179.58812 395.33047 187.05556 0.5 0.5 0.5 0.5 0.5 0.5 0.5 0.63247037 
Car 0.5 3 0 80.226166 161.08586 167.33725 220.87213 0.5 0.5 0.5 0.5 0.5 0.5 0.5 0.61812115 
Pedestrian 0.5 3 0 552.3414 175.66438 562.75726 202.90787 0.5 0.5 0.5 0.5 0.5 0.5 0.5 0.5912204 
Pedestrian 0.5 3 0 572.48956 173.14664 583.11554 202.24232 0.5 0.5 0.5 0.5 0.5 0.5 0.5 0.58288866 
Car 0.5 3 0 438.9909 175.40587 455.758 189.51831 0.5 0.5 0.5 0.5 0.5 0.5 0.5 0.5340228 
