Car 0.5 3 0 597.65234 185.19398 642.2412 216.81282 0.5 0.5 0.5 0.5 0.5 0.5 0.5 0.98095465 
Car 0.5 3 0 1142.8738 177.10759 1179.1854 200.26262 0.5 0.5 0.5 0.5 0.5 0.5 0.5 0.98052603 
Car 0.5 3 0 1003.3628 178.4755 1035.854 196.14153 0.5 0.5 0.5 0.5 0.5 0.5 0.5 0.9687173 
Car 0.5 3 0 974.6094 178.46826 1004.5149 194.6039 0.5 0.5 0.5 0.5 0.5 0.5 0.5 0.9488926 
Car 0.5 3 0 1107.1711 176.4675 1144.977 198.97694 0.5 0.5 0.5 0.5 0.5 0.5 0.5 0.9454468 
Car 0.5 3 0 1178.553 178.63849 1228.65 199.6312 0.5 0.5 0.5 0.5 0.5 0.5 0.5 0.9308585 
Pedestrian 0.5 3 0 178.97386 199.84752 203.54962 240.28104 0.5 0.5 0.5 0.5 0.5 0.5 0.5 0.92374116 
Car 0.5 3 0 732.72943 174.03311 765.3015 188.54636 0.5 0.5 0.5 0.5 0.5 0.5 0.5 0.90640396 
Car 0.5 3 0 1035.3278 178.46547 1060.9681 195.81306 0.5 0.5 0.5 0.5 0.5 0.5 0.5 0.90565044 
Car 0.5 3 0 395.67004 185.49113 414.42377 204.01735 0.5 0.5 0.5 0.5 0.5 0.5 0.5 0.88825786 
Car 0.5 3 0 768.1604 175.80928 797.12695 188.85522 0.5 0.5 0.5 0.5 0.5 0.5 0.5 0.83854485 
Car 0.5 3 0 232.56992 183.79129 278.29794 208.85393 0.5 0.5 0.5 0.5 0.5 0.5 0.5 0.74010044 
Car 0.5 3 0 836.8415 173.57928 870.3344 191.78276 0.5 0.5 0.5 0.5 0.5 0.5 0.5 0.7119899 
Car 0.5 3 0 406.03818 184.7075 431.99146 204.0029 0.5 0.5 0.5 0.5 0.5 0.5 0.5 0.67842025 
Car 0.5 3 0 627.1892 175.69684 646.6975 197.1577 0.5 0.5 0.5 0.5 0.5 0.5 0.5 0.64164037 
Car 0.5 3 0 882.31195 177.71346 920.7752 194.31361 0.5 0.5 0.5 0.5 0.5 0.5 0.5 0.5606517 
Car 0.5 3 0 747.7197 173.83907 766.39374 187.54149 0.5 0.5 0.5 0.5 0.5 0.5 0.5 0.5138969 
