Car 0.5 3 0 208.73235 188.03352 364.52875 249.25072 0.5 0.5 0.5 0.5 0.5 0.5 0.5 0.9982962 
Car 0.5 3 0 460.49268 175.85228 544.11993 217.95467 0.5 0.5 0.5 0.5 0.5 0.5 0.5 0.99219924 
Car 0.5 3 0 574.61176 171.16405 626.8086 201.9603 0.5 0.5 0.5 0.5 0.5 0.5 0.5 0.9893216 
Car 0.5 3 0 165.35698 175.516 296.95193 224.23766 0.5 0.5 0.5 0.5 0.5 0.5 0.5 0.97720295 
Car 0.5 3 0 1067.814 154.53758 1092.6898 170.05396 0.5 0.5 0.5 0.5 0.5 0.5 0.5 0.9347625 
Car 0.5 3 0 1090.5818 153.49103 1119.8673 168.86913 0.5 0.5 0.5 0.5 0.5 0.5 0.5 0.9201021 
Car 0.5 3 0 1180.502 151.07993 1225.3795 167.25578 0.5 0.5 0.5 0.5 0.5 0.5 0.5 0.91818583 
Car 0.5 3 0 682.18445 168.65218 706.2415 189.3267 0.5 0.5 0.5 0.5 0.5 0.5 0.5 0.9171615 
Car 0.5 3 0 1149.5465 154.29417 1183.1584 167.2017 0.5 0.5 0.5 0.5 0.5 0.5 0.5 0.9153805 
Car 0.5 3 0 696.8818 166.22528 719.2042 185.69592 0.5 0.5 0.5 0.5 0.5 0.5 0.5 0.9055489 
Car 0.5 3 0 667.7716 171.4107 680.2946 180.1042 0.5 0.5 0.5 0.5 0.5 0.5 0.5 0.8585224 
Car 0.5 3 0 1042.2677 154.82457 1070.3878 170.6388 0.5 0.5 0.5 0.5 0.5 0.5 0.5 0.8573155 
Car 0.5 3 0 537.07825 174.08131 569.93274 195.19096 0.5 0.5 0.5 0.5 0.5 0.5 0.5 0.8474086 
Car 0.5 3 0 981.17474 157.36589 1002.35846 170.58583 0.5 0.5 0.5 0.5 0.5 0.5 0.5 0.83238924 
Car 0.5 3 0 831.4879 158.78178 876.8292 172.18597 0.5 0.5 0.5 0.5 0.5 0.5 0.5 0.8140867 
Car 0.5 3 0 807.5491 158.10382 830.1547 169.28487 0.5 0.5 0.5 0.5 0.5 0.5 0.5 0.8098935 
Car 0.5 3 0 442.89645 168.93892 503.7325 205.23921 0.5 0.5 0.5 0.5 0.5 0.5 0.5 0.8077363 
Car 0.5 3 0 1114.2728 155.2471 1141.532 168.22615 0.5 0.5 0.5 0.5 0.5 0.5 0.5 0.7793573 
Car 0.5 3 0 730.3274 165.95772 755.34094 183.62808 0.5 0.5 0.5 0.5 0.5 0.5 0.5 0.7552375 
Car 0.5 3 0 882.4093 156.63869 908.50085 171.26247 0.5 0.5 0.5 0.5 0.5 0.5 0.5 0.7084015 
Pedestrian 0.5 3 0 759.7576 147.66136 775.257 182.867 0.5 0.5 0.5 0.5 0.5 0.5 0.5 0.6634958 
Car 0.5 3 0 965.8141 155.89172 982.70404 169.97098 0.5 0.5 0.5 0.5 0.5 0.5 0.5 0.61214006 
Car 0.5 3 0 651.3029 172.25208 664.2414 180.05162 0.5 0.5 0.5 0.5 0.5 0.5 0.5 0.58699435 
Car 0.5 3 0 1227.2599 147.16742 1241.2344 167.92749 0.5 0.5 0.5 0.5 0.5 0.5 0.5 0.55443275 
Car 0.5 3 0 868.6899 158.45523 881.8712 168.04889 0.5 0.5 0.5 0.5 0.5 0.5 0.5 0.52385867 
Car 0.5 3 0 834.0524 158.82939 857.4147 170.78735 0.5 0.5 0.5 0.5 0.5 0.5 0.5 0.51080585 
