Car 0.5 3 0 369.94626 187.48146 491.66177 243.51254 0.5 0.5 0.5 0.5 0.5 0.5 0.5 0.9943878 
Car 0.5 3 0 589.86664 175.01465 654.1235 209.37675 0.5 0.5 0.5 0.5 0.5 0.5 0.5 0.99323905 
Car 0.5 3 0 1133.1343 153.28311 1166.6279 172.49164 0.5 0.5 0.5 0.5 0.5 0.5 0.5 0.9722244 
Car 0.5 3 0 639.3644 173.21954 670.2375 200.48158 0.5 0.5 0.5 0.5 0.5 0.5 0.5 0.96804595 
Car 0.5 3 0 732.8763 171.18845 751.6233 185.5271 0.5 0.5 0.5 0.5 0.5 0.5 0.5 0.948806 
Car 0.5 3 0 793.99475 159.7544 826.5548 172.99623 0.5 0.5 0.5 0.5 0.5 0.5 0.5 0.94409287 
Car 0.5 3 0 1000.9029 157.09389 1025.4414 173.71176 0.5 0.5 0.5 0.5 0.5 0.5 0.5 0.93694866 
Car 0.5 3 0 518.6728 179.10736 548.5633 201.16449 0.5 0.5 0.5 0.5 0.5 0.5 0.5 0.93684494 
Car 0.5 3 0 1104.1482 155.19963 1136.165 174.34187 0.5 0.5 0.5 0.5 0.5 0.5 0.5 0.9359308 
Car 0.5 3 0 1163.4829 152.21034 1210.3018 169.60309 0.5 0.5 0.5 0.5 0.5 0.5 0.5 0.9316241 
Car 0.5 3 0 825.35126 159.63585 867.54803 173.80446 0.5 0.5 0.5 0.5 0.5 0.5 0.5 0.92939264 
Car 0.5 3 0 682.32446 172.33138 709.42584 191.4469 0.5 0.5 0.5 0.5 0.5 0.5 0.5 0.92900985 
Car 0.5 3 0 1209.1166 153.82542 1233.2681 168.12592 0.5 0.5 0.5 0.5 0.5 0.5 0.5 0.9096188 
Car 0.5 3 0 430.7349 179.18294 481.5591 203.28638 0.5 0.5 0.5 0.5 0.5 0.5 0.5 0.89821523 
Car 0.5 3 0 1023.16974 157.99513 1052.8857 175.52777 0.5 0.5 0.5 0.5 0.5 0.5 0.5 0.8939066 
Car 0.5 3 0 1078.6556 157.72816 1105.4099 174.20308 0.5 0.5 0.5 0.5 0.5 0.5 0.5 0.88430023 
Car 0.5 3 0 885.8742 157.9928 915.40125 172.86053 0.5 0.5 0.5 0.5 0.5 0.5 0.5 0.86062354 
Car 0.5 3 0 183.4087 173.67377 232.50844 219.4447 0.5 0.5 0.5 0.5 0.5 0.5 0.5 0.85740095 
Car 0.5 3 0 545.72815 171.055 575.07733 197.20398 0.5 0.5 0.5 0.5 0.5 0.5 0.5 0.8446725 
Car 0.5 3 0 489.86615 178.00197 515.4342 194.13791 0.5 0.5 0.5 0.5 0.5 0.5 0.5 0.81807715 
Car 0.5 3 0 718.5713 169.31776 736.69507 183.81808 0.5 0.5 0.5 0.5 0.5 0.5 0.5 0.79312813 
Car 0.5 3 0 826.7113 160.20306 845.32294 171.67696 0.5 0.5 0.5 0.5 0.5 0.5 0.5 0.7221956 
Car 0.5 3 0 356.6062 181.77135 379.04285 200.74446 0.5 0.5 0.5 0.5 0.5 0.5 0.5 0.684445 
Car 0.5 3 0 792.716 161.08183 813.7652 172.2504 0.5 0.5 0.5 0.5 0.5 0.5 0.5 0.6758086 
Car 0.5 3 0 955.7806 158.7322 1001.516 177.366 0.5 0.5 0.5 0.5 0.5 0.5 0.5 0.6226197 
Car 0.5 3 0 845.3652 160.25786 868.0842 171.80199 0.5 0.5 0.5 0.5 0.5 0.5 0.5 0.6128831 
Car 0.5 3 0 699.23615 169.08841 717.44324 187.11806 0.5 0.5 0.5 0.5 0.5 0.5 0.5 0.5683243 
Car 0.5 3 0 327.23245 194.9044 343.6568 208.2131 0.5 0.5 0.5 0.5 0.5 0.5 0.5 0.54166263 
Pedestrian 0.5 3 0 125.05549 181.46039 159.79411 214.49359 0.5 0.5 0.5 0.5 0.5 0.5 0.5 0.53684163 
