Car 0.5 3 0 440.33316 174.37936 516.30206 205.68228 0.5 0.5 0.5 0.5 0.5 0.5 0.5 0.99207073 
Pedestrian 0.5 3 0 838.6169 169.78038 860.6519 227.386 0.5 0.5 0.5 0.5 0.5 0.5 0.5 0.9843536 
Car 0.5 3 0 583.8225 174.50894 631.2551 199.40244 0.5 0.5 0.5 0.5 0.5 0.5 0.5 0.9792581 
Car 0.5 3 0 630.3291 175.29604 662.12714 190.60793 0.5 0.5 0.5 0.5 0.5 0.5 0.5 0.96781266 
Car 0.5 3 0 144.4401 172.80028 231.18414 205.72523 0.5 0.5 0.5 0.5 0.5 0.5 0.5 0.922402 
Car 0.5 3 0 794.33606 172.61009 826.90295 191.56088 0.5 0.5 0.5 0.5 0.5 0.5 0.5 0.9211096 
Car 0.5 3 0 491.62805 167.00642 551.69775 195.19138 0.5 0.5 0.5 0.5 0.5 0.5 0.5 0.9005304 
Car 0.5 3 0 722.8832 175.05563 741.1668 188.94919 0.5 0.5 0.5 0.5 0.5 0.5 0.5 0.8946185 
Car 0.5 3 0 688.61505 174.30069 715.69794 190.45245 0.5 0.5 0.5 0.5 0.5 0.5 0.5 0.8853908 
Car 0.5 3 0 1059.9204 172.38057 1086.4463 184.12677 0.5 0.5 0.5 0.5 0.5 0.5 0.5 0.64995164 
Car 0.5 3 0 874.36945 174.40047 887.69214 186.73108 0.5 0.5 0.5 0.5 0.5 0.5 0.5 0.6355699 
Car 0.5 3 0 1102.2196 172.17886 1125.235 183.6392 0.5 0.5 0.5 0.5 0.5 0.5 0.5 0.61387277 
Car 0.5 3 0 47.228954 172.31146 77.71826 184.4388 0.5 0.5 0.5 0.5 0.5 0.5 0.5 0.5125534 
Car 0.5 3 0 852.1228 171.05325 869.23175 190.65349 0.5 0.5 0.5 0.5 0.5 0.5 0.5 0.508472 
Car 0.5 3 0 1120.1163 171.35538 1146.0427 184.76474 0.5 0.5 0.5 0.5 0.5 0.5 0.5 0.50217617 
