Pedestrian 0.5 3 0 1080.3643 151.48657 1133.7322 237.4668 0.5 0.5 0.5 0.5 0.5 0.5 0.5 0.98468256 
Car 0.5 3 0 241.64925 178.79263 304.72485 214.1297 0.5 0.5 0.5 0.5 0.5 0.5 0.5 0.9390185 
Car 0.5 3 0 735.47064 170.30522 783.315 209.68983 0.5 0.5 0.5 0.5 0.5 0.5 0.5 0.93822384 
Car 0.5 3 0 341.97894 177.00795 374.006 202.25099 0.5 0.5 0.5 0.5 0.5 0.5 0.5 0.9227986 
Car 0.5 3 0 137.91603 182.19691 260.269 231.9041 0.5 0.5 0.5 0.5 0.5 0.5 0.5 0.875562 
Car 0.5 3 0 249.00754 169.37343 348.56393 211.30162 0.5 0.5 0.5 0.5 0.5 0.5 0.5 0.8617666 
Car 0.5 3 0 447.47202 177.65051 475.52554 189.37634 0.5 0.5 0.5 0.5 0.5 0.5 0.5 0.8452107 
Car 0.5 3 0 198.27333 180.08824 270.43588 222.34618 0.5 0.5 0.5 0.5 0.5 0.5 0.5 0.8369547 
Car 0.5 3 0 748.91833 161.32489 789.93396 201.04474 0.5 0.5 0.5 0.5 0.5 0.5 0.5 0.7153269 
Car 0.5 3 0 387.717 173.15292 421.78754 188.02654 0.5 0.5 0.5 0.5 0.5 0.5 0.5 0.6950431 
Pedestrian 0.5 3 0 697.51917 174.11969 715.98413 236.43336 0.5 0.5 0.5 0.5 0.5 0.5 0.5 0.68142265 
Car 0.5 3 0 648.8846 168.87277 673.25757 182.3964 0.5 0.5 0.5 0.5 0.5 0.5 0.5 0.5379129 
Car 0.5 3 0 789.38257 172.84161 839.4952 217.71082 0.5 0.5 0.5 0.5 0.5 0.5 0.5 0.51089627 
