Car 0.5 3 0 474.65436 181.0107 503.23203 206.28201 0.5 0.5 0.5 0.5 0.5 0.5 0.5 0.9802325 
Car 0.5 3 0 1165.9922 176.33182 1222.7615 209.90013 0.5 0.5 0.5 0.5 0.5 0.5 0.5 0.9688345 
Car 0.5 3 0 1093.0681 176.57869 1174.3265 218.52303 0.5 0.5 0.5 0.5 0.5 0.5 0.5 0.9517202 
Car 0.5 3 0 728.9037 169.78793 765.3463 188.95547 0.5 0.5 0.5 0.5 0.5 0.5 0.5 0.9417796 
Car 0.5 3 0 65.618935 175.5623 121.01352 208.28671 0.5 0.5 0.5 0.5 0.5 0.5 0.5 0.9413898 
Car 0.5 3 0 1041.5502 177.82666 1083.0052 207.0528 0.5 0.5 0.5 0.5 0.5 0.5 0.5 0.92968076 
Car 0.5 3 0 860.3799 171.24318 892.24066 196.8722 0.5 0.5 0.5 0.5 0.5 0.5 0.5 0.9210935 
Car 0.5 3 0 698.6906 169.97316 723.2198 187.17442 0.5 0.5 0.5 0.5 0.5 0.5 0.5 0.91143805 
Car 0.5 3 0 717.2081 169.8021 740.1408 187.72893 0.5 0.5 0.5 0.5 0.5 0.5 0.5 0.8406585 
Car 0.5 3 0 940.6291 179.23843 976.863 202.39552 0.5 0.5 0.5 0.5 0.5 0.5 0.5 0.8403046 
Car 0.5 3 0 627.662 166.10518 668.889 184.6693 0.5 0.5 0.5 0.5 0.5 0.5 0.5 0.83244264 
Car 0.5 3 0 447.39594 181.57611 463.29498 194.66289 0.5 0.5 0.5 0.5 0.5 0.5 0.5 0.7892179 
Car 0.5 3 0 415.20532 181.33269 435.4299 193.0911 0.5 0.5 0.5 0.5 0.5 0.5 0.5 0.77683944 
Car 0.5 3 0 859.5236 169.78001 920.44305 198.28915 0.5 0.5 0.5 0.5 0.5 0.5 0.5 0.77429616 
Car 0.5 3 0 770.9413 171.66988 789.23016 186.68512 0.5 0.5 0.5 0.5 0.5 0.5 0.5 0.738407 
Car 0.5 3 0 524.2721 172.99463 558.6457 205.5886 0.5 0.5 0.5 0.5 0.5 0.5 0.5 0.71888155 
Car 0.5 3 0 627.0811 168.0805 645.53723 182.88062 0.5 0.5 0.5 0.5 0.5 0.5 0.5 0.6956118 
Car 0.5 3 0 688.3866 169.48898 708.6916 183.82143 0.5 0.5 0.5 0.5 0.5 0.5 0.5 0.64569384 
Car 0.5 3 0 435.14194 178.51915 450.85928 192.8631 0.5 0.5 0.5 0.5 0.5 0.5 0.5 0.5770586 
