Car 0.5 3 0 533.17474 177.3145 641.4085 244.94371 0.5 0.5 0.5 0.5 0.5 0.5 0.5 0.99220806 
Car 0.5 3 0 1164.9517 155.91728 1198.5472 177.31613 0.5 0.5 0.5 0.5 0.5 0.5 0.5 0.9812868 
Car 0.5 3 0 289.93918 182.17317 473.52032 263.82214 0.5 0.5 0.5 0.5 0.5 0.5 0.5 0.978366 
Car 0.5 3 0 1038.826 158.63907 1070.2063 177.74287 0.5 0.5 0.5 0.5 0.5 0.5 0.5 0.97263575 
Car 0.5 3 0 1195.0658 153.85768 1240.5929 175.17137 0.5 0.5 0.5 0.5 0.5 0.5 0.5 0.9683552 
Car 0.5 3 0 1130.843 156.15933 1168.5146 177.00705 0.5 0.5 0.5 0.5 0.5 0.5 0.5 0.95140314 
Car 0.5 3 0 705.8844 172.19212 739.8716 197.84915 0.5 0.5 0.5 0.5 0.5 0.5 0.5 0.9477186 
Car 0.5 3 0 457.10657 181.00972 495.65964 205.71252 0.5 0.5 0.5 0.5 0.5 0.5 0.5 0.91661537 
Car 0.5 3 0 824.01807 159.53317 874.6975 173.32442 0.5 0.5 0.5 0.5 0.5 0.5 0.5 0.9120712 
Car 0.5 3 0 885.36945 159.00285 916.8527 173.89908 0.5 0.5 0.5 0.5 0.5 0.5 0.5 0.89830554 
Car 0.5 3 0 1098.9612 158.75629 1132.0604 177.63766 0.5 0.5 0.5 0.5 0.5 0.5 0.5 0.8883974 
Car 0.5 3 0 669.6391 172.35844 699.2345 195.04303 0.5 0.5 0.5 0.5 0.5 0.5 0.5 0.88225466 
Car 0.5 3 0 821.4567 160.61012 842.8185 172.52296 0.5 0.5 0.5 0.5 0.5 0.5 0.5 0.88019705 
Car 0.5 3 0 1013.3265 159.42986 1040.1133 175.74252 0.5 0.5 0.5 0.5 0.5 0.5 0.5 0.8768276 
Car 0.5 3 0 788.2006 158.98756 821.7561 173.2456 0.5 0.5 0.5 0.5 0.5 0.5 0.5 0.7455842 
Car 0.5 3 0 854.2572 159.86174 884.69183 172.6562 0.5 0.5 0.5 0.5 0.5 0.5 0.5 0.7008512 
Car 0.5 3 0 803.4233 159.42752 821.2484 172.56694 0.5 0.5 0.5 0.5 0.5 0.5 0.5 0.6434646 
Car 0.5 3 0 530.6653 178.89734 547.3395 198.30135 0.5 0.5 0.5 0.5 0.5 0.5 0.5 0.6211083 
Car 0.5 3 0 1139.8752 154.87381 1190.3074 178.17741 0.5 0.5 0.5 0.5 0.5 0.5 0.5 0.5852934 
Car 0.5 3 0 694.6703 171.32993 708.977 183.86804 0.5 0.5 0.5 0.5 0.5 0.5 0.5 0.56937796 
