Car 0.5 3 0 124.95296 187.68701 209.9768 220.95071 0.5 0.5 0.5 0.5 0.5 0.5 0.5 0.995761 
Car 0.5 3 0 582.7168 179.265 631.79 225.17143 0.5 0.5 0.5 0.5 0.5 0.5 0.5 0.9859962 
Car 0.5 3 0 2.1060312 186.10092 119.585144 227.67166 0.5 0.5 0.5 0.5 0.5 0.5 0.5 0.98435575 
Car 0.5 3 0 544.911 179.52908 569.98413 199.67932 0.5 0.5 0.5 0.5 0.5 0.5 0.5 0.9779212 
Car 0.5 3 0 453.29074 185.71033 526.0795 235.06459 0.5 0.5 0.5 0.5 0.5 0.5 0.5 0.96920246 
Cyclist 0.5 3 0 1054.8752 224.81221 1101.3887 261.15927 0.5 0.5 0.5 0.5 0.5 0.5 0.5 0.9362892 
Car 0.5 3 0 439.60733 178.97705 458.19205 193.15714 0.5 0.5 0.5 0.5 0.5 0.5 0.5 0.91952324 
Pedestrian 0.5 3 0 1056.8766 194.84975 1098.0159 255.13248 0.5 0.5 0.5 0.5 0.5 0.5 0.5 0.8617712 
Car 0.5 3 0 695.6524 173.29292 712.76105 184.15103 0.5 0.5 0.5 0.5 0.5 0.5 0.5 0.6040389 
Car 0.5 3 0 504.82825 180.30237 517.5225 189.253 0.5 0.5 0.5 0.5 0.5 0.5 0.5 0.5940178 
