Car 0.5 3 0 560.9118 182.70651 613.1052 230.33133 0.5 0.5 0.5 0.5 0.5 0.5 0.5 0.989593 
Car 0.5 3 0 533.6394 182.06415 555.17596 200.76854 0.5 0.5 0.5 0.5 0.5 0.5 0.5 0.98116344 
Car 0.5 3 0 1051.8896 196.94717 1110.938 224.74234 0.5 0.5 0.5 0.5 0.5 0.5 0.5 0.9529276 
Car 0.5 3 0 183.23 182.1901 239.7864 211.72858 0.5 0.5 0.5 0.5 0.5 0.5 0.5 0.92676216 
Car 0.5 3 0 966.3614 196.27455 1056.0675 223.7749 0.5 0.5 0.5 0.5 0.5 0.5 0.5 0.9173271 
Car 0.5 3 0 293.10947 180.98653 329.17886 203.05809 0.5 0.5 0.5 0.5 0.5 0.5 0.5 0.8977586 
Pedestrian 0.5 3 0 866.70197 189.2975 882.5593 220.21565 0.5 0.5 0.5 0.5 0.5 0.5 0.5 0.7784137 
Car 0.5 3 0 552.4138 181.14627 569.18066 198.05585 0.5 0.5 0.5 0.5 0.5 0.5 0.5 0.7270713 
Car 0.5 3 0 325.50348 185.60413 346.39575 200.97064 0.5 0.5 0.5 0.5 0.5 0.5 0.5 0.6815951 
Car 0.5 3 0 306.64865 184.77586 345.02463 202.85135 0.5 0.5 0.5 0.5 0.5 0.5 0.5 0.6076812 
Car 0.5 3 0 270.1684 180.27916 296.19186 205.7374 0.5 0.5 0.5 0.5 0.5 0.5 0.5 0.5943868 
Car 0.5 3 0 493.03595 180.11914 504.55194 187.62294 0.5 0.5 0.5 0.5 0.5 0.5 0.5 0.54937714 
