Car 0.5 3 0 1128.123 200.31396 1225.102 232.81282 0.5 0.5 0.5 0.5 0.5 0.5 0.5 0.98425746 
Car 0.5 3 0 567.27747 179.76143 617.7705 228.74872 0.5 0.5 0.5 0.5 0.5 0.5 0.5 0.9829594 
Car 0.5 3 0 208.38208 177.40074 259.02017 207.67447 0.5 0.5 0.5 0.5 0.5 0.5 0.5 0.9751212 
Car 0.5 3 0 519.5693 181.58092 547.7211 206.17108 0.5 0.5 0.5 0.5 0.5 0.5 0.5 0.96237135 
Car 0.5 3 0 1073.5021 198.75023 1136.6768 229.39206 0.5 0.5 0.5 0.5 0.5 0.5 0.5 0.950686 
Car 0.5 3 0 547.6943 180.86642 570.7559 195.76814 0.5 0.5 0.5 0.5 0.5 0.5 0.5 0.94546545 
Car 0.5 3 0 115.145996 181.03812 182.01901 214.58331 0.5 0.5 0.5 0.5 0.5 0.5 0.5 0.9311601 
Car 0.5 3 0 313.44202 181.00615 342.4762 202.602 0.5 0.5 0.5 0.5 0.5 0.5 0.5 0.8934868 
Car 0.5 3 0 269.489 182.91425 325.38055 205.844 0.5 0.5 0.5 0.5 0.5 0.5 0.5 0.80073303 
Pedestrian 0.5 3 0 890.473 188.50829 913.9354 236.48613 0.5 0.5 0.5 0.5 0.5 0.5 0.5 0.69409925 
Car 0.5 3 0 1034.0951 207.07407 1077.6183 228.15553 0.5 0.5 0.5 0.5 0.5 0.5 0.5 0.623299 
Car 0.5 3 0 674.2462 172.03616 696.6193 184.4601 0.5 0.5 0.5 0.5 0.5 0.5 0.5 0.53512216 
Car 0.5 3 0 459.7272 176.8503 472.62054 189.53693 0.5 0.5 0.5 0.5 0.5 0.5 0.5 0.5308915 
