Car 0.5 3 0 220.83954 182.4118 279.77234 209.45982 0.5 0.5 0.5 0.5 0.5 0.5 0.5 0.99227846 
Car 0.5 3 0 574.25336 178.96442 625.7956 224.32925 0.5 0.5 0.5 0.5 0.5 0.5 0.5 0.9907098 
Car 0.5 3 0 141.56114 181.80135 219.90297 211.8934 0.5 0.5 0.5 0.5 0.5 0.5 0.5 0.9883067 
Car 0.5 3 0 555.4772 177.07208 573.6386 193.01399 0.5 0.5 0.5 0.5 0.5 0.5 0.5 0.98578775 
Car 0.5 3 0 518.24304 179.99605 555.8818 206.56522 0.5 0.5 0.5 0.5 0.5 0.5 0.5 0.98549056 
Car 0.5 3 0 399.5548 181.59868 485.49622 247.26917 0.5 0.5 0.5 0.5 0.5 0.5 0.5 0.980029 
Car 0.5 3 0 29.5357 177.90184 141.91501 221.07155 0.5 0.5 0.5 0.5 0.5 0.5 0.5 0.9770661 
Pedestrian 0.5 3 0 1031.5074 192.24513 1048.0161 229.81113 0.5 0.5 0.5 0.5 0.5 0.5 0.5 0.9174297 
Car 0.5 3 0 27.708988 180.91426 74.38655 221.51707 0.5 0.5 0.5 0.5 0.5 0.5 0.5 0.7549834 
Car 0.5 3 0 572.8147 177.25078 587.5113 193.71426 0.5 0.5 0.5 0.5 0.5 0.5 0.5 0.69256574 
Car 0.5 3 0 97.173676 178.98482 140.25443 218.75926 0.5 0.5 0.5 0.5 0.5 0.5 0.5 0.67616886 
