Car 0.5 3 0 555.36285 179.36313 611.0953 231.23677 0.5 0.5 0.5 0.5 0.5 0.5 0.5 0.9871819 
Car 0.5 3 0 239.51833 178.99738 293.3507 203.25647 0.5 0.5 0.5 0.5 0.5 0.5 0.5 0.96417046 
Pedestrian 0.5 3 0 839.88245 185.72997 853.2055 214.24466 0.5 0.5 0.5 0.5 0.5 0.5 0.5 0.9548332 
Car 0.5 3 0 906.2628 192.16304 974.35736 215.40773 0.5 0.5 0.5 0.5 0.5 0.5 0.5 0.9102502 
Car 0.5 3 0 541.1371 180.3045 554.86475 194.02292 0.5 0.5 0.5 0.5 0.5 0.5 0.5 0.88493335 
Car 0.5 3 0 938.07184 191.0946 974.2557 213.9473 0.5 0.5 0.5 0.5 0.5 0.5 0.5 0.8016083 
Car 0.5 3 0 541.95514 177.849 564.8159 194.12868 0.5 0.5 0.5 0.5 0.5 0.5 0.5 0.7649414 
Car 0.5 3 0 349.94363 180.58563 383.2291 196.7218 0.5 0.5 0.5 0.5 0.5 0.5 0.5 0.7259081 
Car 0.5 3 0 289.23767 177.54085 349.67056 198.92258 0.5 0.5 0.5 0.5 0.5 0.5 0.5 0.6654799 
Car 0.5 3 0 873.47424 184.66287 914.58014 210.95656 0.5 0.5 0.5 0.5 0.5 0.5 0.5 0.5336742 
