Car 0.5 3 0 150.68903 172.23329 222.50067 207.29137 0.5 0.5 0.5 0.5 0.5 0.5 0.5 0.9867627 
Car 0.5 3 0 572.79675 171.6982 625.4721 221.9617 0.5 0.5 0.5 0.5 0.5 0.5 0.5 0.96576256 
Car 0.5 3 0 361.15735 174.62857 387.5952 190.29445 0.5 0.5 0.5 0.5 0.5 0.5 0.5 0.9054909 
Car 0.5 3 0 188.9441 169.1738 227.09521 192.59077 0.5 0.5 0.5 0.5 0.5 0.5 0.5 0.7993834 
Car 0.5 3 0 73.09368 181.49269 170.67238 211.63962 0.5 0.5 0.5 0.5 0.5 0.5 0.5 0.79708385 
Car 0.5 3 0 382.40128 172.99005 409.0111 188.24965 0.5 0.5 0.5 0.5 0.5 0.5 0.5 0.65334994 
Car 0.5 3 0 127.6078 183.94301 169.03188 210.0621 0.5 0.5 0.5 0.5 0.5 0.5 0.5 0.6523534 
Car 0.5 3 0 394.04974 170.49617 413.57645 186.63425 0.5 0.5 0.5 0.5 0.5 0.5 0.5 0.631878 
Car 0.5 3 0 73.90025 177.09276 112.18526 210.64497 0.5 0.5 0.5 0.5 0.5 0.5 0.5 0.5944212 
Car 0.5 3 0 3.238222 156.55678 76.64827 203.67397 0.5 0.5 0.5 0.5 0.5 0.5 0.5 0.5291701 
