Car 0.5 3 0 227.94418 188.72346 409.54742 312.91367 0.5 0.5 0.5 0.5 0.5 0.5 0.5 0.99773204 
Car 0.5 3 0 88.622894 183.76074 186.39116 219.39445 0.5 0.5 0.5 0.5 0.5 0.5 0.5 0.9949032 
Car 0.5 3 0 187.07635 185.7108 253.87161 214.64235 0.5 0.5 0.5 0.5 0.5 0.5 0.5 0.99148893 
Car 0.5 3 0 0.0 181.85286 85.44945 229.39513 0.5 0.5 0.5 0.5 0.5 0.5 0.5 0.9914131 
Car 0.5 3 0 577.53955 179.57797 627.35834 225.01016 0.5 0.5 0.5 0.5 0.5 0.5 0.5 0.98034763 
Car 0.5 3 0 552.426 179.66127 572.3617 196.15218 0.5 0.5 0.5 0.5 0.5 0.5 0.5 0.97984296 
Car 0.5 3 0 499.9924 186.8875 546.7675 216.18065 0.5 0.5 0.5 0.5 0.5 0.5 0.5 0.9786673 
Car 0.5 3 0 444.24283 178.28496 463.1264 191.652 0.5 0.5 0.5 0.5 0.5 0.5 0.5 0.8806736 
Pedestrian 0.5 3 0 1005.7193 192.16545 1032.1008 245.8777 0.5 0.5 0.5 0.5 0.5 0.5 0.5 0.8397935 
Car 0.5 3 0 495.86777 179.6022 516.0329 193.70714 0.5 0.5 0.5 0.5 0.5 0.5 0.5 0.6022207 
