Car 0.5 3 0 568.60645 179.62363 619.7798 226.0282 0.5 0.5 0.5 0.5 0.5 0.5 0.5 0.9814176 
Car 0.5 3 0 543.7908 180.82649 566.237 197.7076 0.5 0.5 0.5 0.5 0.5 0.5 0.5 0.9732824 
Car 0.5 3 0 504.81085 181.69446 540.50494 211.02612 0.5 0.5 0.5 0.5 0.5 0.5 0.5 0.9701644 
Car 0.5 3 0 285.07382 182.16466 330.4228 204.87108 0.5 0.5 0.5 0.5 0.5 0.5 0.5 0.96226937 
Car 0.5 3 0 66.13892 181.89384 129.58585 218.28891 0.5 0.5 0.5 0.5 0.5 0.5 0.5 0.94060796 
Car 0.5 3 0 184.68259 177.55357 235.88954 209.87534 0.5 0.5 0.5 0.5 0.5 0.5 0.5 0.9386376 
Car 0.5 3 0 233.21388 180.91269 287.19098 205.5924 0.5 0.5 0.5 0.5 0.5 0.5 0.5 0.93401194 
Car 0.5 3 0 1078.3806 202.30061 1158.1948 234.0901 0.5 0.5 0.5 0.5 0.5 0.5 0.5 0.9310046 
Car 0.5 3 0 1193.8257 202.66748 1241.5457 236.0744 0.5 0.5 0.5 0.5 0.5 0.5 0.5 0.9142596 
Pedestrian 0.5 3 0 909.20447 192.97563 935.5431 233.88914 0.5 0.5 0.5 0.5 0.5 0.5 0.5 0.8944013 
Car 0.5 3 0 1154.4791 202.30013 1186.0016 233.43246 0.5 0.5 0.5 0.5 0.5 0.5 0.5 0.89325863 
Car 0.5 3 0 561.36633 179.0985 575.44946 195.12863 0.5 0.5 0.5 0.5 0.5 0.5 0.5 0.8193544 
Car 0.5 3 0 455.91754 176.99536 471.25946 190.2914 0.5 0.5 0.5 0.5 0.5 0.5 0.5 0.6020726 
