Car 0.5 3 0 561.7663 181.7796 614.35187 229.28685 0.5 0.5 0.5 0.5 0.5 0.5 0.5 0.98653966 
Car 0.5 3 0 532.892 182.63045 553.5428 200.94287 0.5 0.5 0.5 0.5 0.5 0.5 0.5 0.9707493 
Car 0.5 3 0 1065.8738 198.13748 1130.1302 224.85391 0.5 0.5 0.5 0.5 0.5 0.5 0.5 0.96485984 
Car 0.5 3 0 979.10736 195.93008 1066.0447 224.25389 0.5 0.5 0.5 0.5 0.5 0.5 0.5 0.9087595 
Pedestrian 0.5 3 0 869.6504 189.09782 884.419 221.53519 0.5 0.5 0.5 0.5 0.5 0.5 0.5 0.9042072 
Car 0.5 3 0 288.80862 181.2316 333.73126 203.02522 0.5 0.5 0.5 0.5 0.5 0.5 0.5 0.8430582 
Car 0.5 3 0 551.5005 181.6969 568.50073 196.59879 0.5 0.5 0.5 0.5 0.5 0.5 0.5 0.8188065 
Car 0.5 3 0 178.64975 183.29982 235.68402 211.31512 0.5 0.5 0.5 0.5 0.5 0.5 0.5 0.809436 
Car 0.5 3 0 261.71768 179.96017 292.4253 206.3388 0.5 0.5 0.5 0.5 0.5 0.5 0.5 0.80707836 
Pedestrian 0.5 3 0 884.2169 191.43677 896.93994 217.70609 0.5 0.5 0.5 0.5 0.5 0.5 0.5 0.5801137 
Car 0.5 3 0 211.36256 184.15541 235.91 210.75461 0.5 0.5 0.5 0.5 0.5 0.5 0.5 0.5164644 
