Car 0.5 3 0 154.3749 177.01164 228.20456 210.14716 0.5 0.5 0.5 0.5 0.5 0.5 0.5 0.9929153 
Car 0.5 3 0 568.8362 177.79695 620.25287 224.8959 0.5 0.5 0.5 0.5 0.5 0.5 0.5 0.9819565 
Car 0.5 3 0 541.1812 179.38797 564.64307 197.48851 0.5 0.5 0.5 0.5 0.5 0.5 0.5 0.97754854 
Car 0.5 3 0 1094.7324 199.85641 1209.1309 235.50954 0.5 0.5 0.5 0.5 0.5 0.5 0.5 0.97501683 
Car 0.5 3 0 223.5328 180.48741 279.74127 205.57542 0.5 0.5 0.5 0.5 0.5 0.5 0.5 0.96296614 
Car 0.5 3 0 47.268127 179.38292 110.459274 218.13145 0.5 0.5 0.5 0.5 0.5 0.5 0.5 0.95835865 
Car 0.5 3 0 499.74103 178.08847 536.89764 211.02255 0.5 0.5 0.5 0.5 0.5 0.5 0.5 0.9354592 
Car 0.5 3 0 275.94644 180.2545 318.3134 204.38791 0.5 0.5 0.5 0.5 0.5 0.5 0.5 0.9345699 
Car 0.5 3 0 561.33704 177.83667 574.9702 192.75653 0.5 0.5 0.5 0.5 0.5 0.5 0.5 0.8868534 
Pedestrian 0.5 3 0 918.32715 195.01659 936.4551 232.77777 0.5 0.5 0.5 0.5 0.5 0.5 0.5 0.84878325 
Car 0.5 3 0 454.7087 175.83664 470.5442 187.97523 0.5 0.5 0.5 0.5 0.5 0.5 0.5 0.8380931 
Car 0.5 3 0 530.3077 179.62198 544.8636 197.37361 0.5 0.5 0.5 0.5 0.5 0.5 0.5 0.637803 
Car 0.5 3 0 1196.1007 199.61324 1241.4988 235.62674 0.5 0.5 0.5 0.5 0.5 0.5 0.5 0.60515636 
