Car 0.5 3 0 0.0 186.10239 107.96354 228.25934 0.5 0.5 0.5 0.5 0.5 0.5 0.5 0.9957222 
Car 0.5 3 0 12.322586 196.33759 390.0591 372.94025 0.5 0.5 0.5 0.5 0.5 0.5 0.5 0.9915059 
Car 0.5 3 0 585.15845 180.22101 632.45013 222.69836 0.5 0.5 0.5 0.5 0.5 0.5 0.5 0.9799881 
Car 0.5 3 0 523.6036 179.92955 559.51483 206.98856 0.5 0.5 0.5 0.5 0.5 0.5 0.5 0.976153 
Car 0.5 3 0 558.77325 181.10101 577.39264 196.93362 0.5 0.5 0.5 0.5 0.5 0.5 0.5 0.9594553 
Car 0.5 3 0 427.9136 177.53877 446.53018 192.51337 0.5 0.5 0.5 0.5 0.5 0.5 0.5 0.83246976 
Cyclist 0.5 3 0 1172.6174 222.97508 1239.2456 286.7842 0.5 0.5 0.5 0.5 0.5 0.5 0.5 0.81922174 
Car 0.5 3 0 501.4932 179.6906 512.9325 187.2968 0.5 0.5 0.5 0.5 0.5 0.5 0.5 0.6369525 
Pedestrian 0.5 3 0 1187.4392 206.44768 1234.7689 282.38303 0.5 0.5 0.5 0.5 0.5 0.5 0.5 0.6160275 
Car 0.5 3 0 489.10657 180.39046 501.17746 189.26482 0.5 0.5 0.5 0.5 0.5 0.5 0.5 0.59396833 
