Car 0.5 3 0 564.7884 180.18848 617.4559 228.86581 0.5 0.5 0.5 0.5 0.5 0.5 0.5 0.98436326 
Car 0.5 3 0 1106.5099 198.338 1186.4069 229.09926 0.5 0.5 0.5 0.5 0.5 0.5 0.5 0.97392094 
Car 0.5 3 0 526.82477 180.9582 551.6359 203.45578 0.5 0.5 0.5 0.5 0.5 0.5 0.5 0.96081877 
Car 0.5 3 0 1010.4868 198.21016 1105.636 230.77722 0.5 0.5 0.5 0.5 0.5 0.5 0.5 0.94405955 
Car 0.5 3 0 142.15755 181.36395 213.53293 213.59906 0.5 0.5 0.5 0.5 0.5 0.5 0.5 0.9345133 
Car 0.5 3 0 549.31995 180.85068 569.32135 194.922 0.5 0.5 0.5 0.5 0.5 0.5 0.5 0.9223882 
Car 0.5 3 0 230.07855 178.32965 275.27176 207.09773 0.5 0.5 0.5 0.5 0.5 0.5 0.5 0.9023909 
Car 0.5 3 0 309.25418 181.9763 348.96002 200.56128 0.5 0.5 0.5 0.5 0.5 0.5 0.5 0.75761765 
Pedestrian 0.5 3 0 883.3807 189.50275 903.19104 227.42111 0.5 0.5 0.5 0.5 0.5 0.5 0.5 0.7185018 
Car 0.5 3 0 330.07904 182.39705 349.57465 200.40443 0.5 0.5 0.5 0.5 0.5 0.5 0.5 0.7099306 
Car 0.5 3 0 151.63947 178.4555 271.7803 209.90636 0.5 0.5 0.5 0.5 0.5 0.5 0.5 0.6789358 
Car 0.5 3 0 495.52942 178.66762 504.76395 186.62144 0.5 0.5 0.5 0.5 0.5 0.5 0.5 0.55027777 
Car 0.5 3 0 270.62952 182.72029 300.57498 203.2576 0.5 0.5 0.5 0.5 0.5 0.5 0.5 0.53840613 
Pedestrian 0.5 3 0 906.2049 191.65697 918.8884 218.72899 0.5 0.5 0.5 0.5 0.5 0.5 0.5 0.505095 
