Car 0.5 3 0 346.59738 178.20369 613.85486 351.11465 0.5 0.5 0.5 0.5 0.5 0.5 0.5 0.99724615 
Car 0.5 3 0 0.66062677 191.82689 395.79343 369.91376 0.5 0.5 0.5 0.5 0.5 0.5 0.5 0.99382234 
Car 0.5 3 0 947.7246 214.03343 1240.0858 373.7563 0.5 0.5 0.5 0.5 0.5 0.5 0.5 0.99209034 
Car 0.5 3 0 603.0758 173.57855 717.5329 262.45114 0.5 0.5 0.5 0.5 0.5 0.5 0.5 0.9915802 
Car 0.5 3 0 887.9979 181.09773 953.9992 236.31673 0.5 0.5 0.5 0.5 0.5 0.5 0.5 0.97789717 
Car 0.5 3 0 779.501 172.53989 802.22034 199.77568 0.5 0.5 0.5 0.5 0.5 0.5 0.5 0.97216773 
Car 0.5 3 0 739.5956 169.05841 787.26135 207.50888 0.5 0.5 0.5 0.5 0.5 0.5 0.5 0.96744406 
Car 0.5 3 0 861.02356 170.0934 886.4596 194.02396 0.5 0.5 0.5 0.5 0.5 0.5 0.5 0.9599754 
Car 0.5 3 0 803.63446 165.5451 827.81256 183.78699 0.5 0.5 0.5 0.5 0.5 0.5 0.5 0.921791 
Car 0.5 3 0 831.8724 167.94257 843.4582 179.21007 0.5 0.5 0.5 0.5 0.5 0.5 0.5 0.7654625 
Car 0.5 3 0 943.8681 177.64886 968.2126 195.00783 0.5 0.5 0.5 0.5 0.5 0.5 0.5 0.5193916 
