Car 0.5 3 0 1.2841326 218.35217 165.7765 365.33417 0.5 0.5 0.5 0.5 0.5 0.5 0.5 0.99713326 
Car 0.5 3 0 651.62756 180.00455 716.7227 231.57617 0.5 0.5 0.5 0.5 0.5 0.5 0.5 0.9941419 
Car 0.5 3 0 802.4555 198.81746 1242.0 367.39447 0.5 0.5 0.5 0.5 0.5 0.5 0.5 0.9923085 
Car 0.5 3 0 443.7392 185.98126 481.7363 231.42552 0.5 0.5 0.5 0.5 0.5 0.5 0.5 0.9905663 
Car 0.5 3 0 462.43698 183.67479 502.62903 220.18326 0.5 0.5 0.5 0.5 0.5 0.5 0.5 0.9724894 
Car 0.5 3 0 505.1234 180.06108 542.251 205.32895 0.5 0.5 0.5 0.5 0.5 0.5 0.5 0.9634229 
Car 0.5 3 0 537.5465 177.98349 564.8445 191.49187 0.5 0.5 0.5 0.5 0.5 0.5 0.5 0.7197617 
Car 0.5 3 0 585.7959 173.39447 597.9794 182.38734 0.5 0.5 0.5 0.5 0.5 0.5 0.5 0.7190196 
Car 0.5 3 0 142.4172 148.19576 454.94458 365.47977 0.5 0.5 0.5 0.5 0.5 0.5 0.5 0.70952547 
Car 0.5 3 0 550.0241 177.41054 566.6222 189.61823 0.5 0.5 0.5 0.5 0.5 0.5 0.5 0.6163116 
