Car 0.5 3 0 47.027294 204.04453 328.72018 348.16714 0.5 0.5 0.5 0.5 0.5 0.5 0.5 0.9981116 
Car 0.5 3 0 756.0817 206.91444 1212.8972 371.7155 0.5 0.5 0.5 0.5 0.5 0.5 0.5 0.99081755 
Car 0.5 3 0 303.2442 195.33638 419.84314 278.6518 0.5 0.5 0.5 0.5 0.5 0.5 0.5 0.9906809 
Car 0.5 3 0 464.33783 185.73192 518.1315 221.58629 0.5 0.5 0.5 0.5 0.5 0.5 0.5 0.9888404 
Car 0.5 3 0 884.5254 172.41518 953.41437 196.65465 0.5 0.5 0.5 0.5 0.5 0.5 0.5 0.980631 
Car 0.5 3 0 505.78116 183.0822 530.58673 214.99652 0.5 0.5 0.5 0.5 0.5 0.5 0.5 0.9344481 
Car 0.5 3 0 529.0475 180.67033 565.9128 196.19168 0.5 0.5 0.5 0.5 0.5 0.5 0.5 0.86821365 
Car 0.5 3 0 556.296 177.89644 571.4036 193.09357 0.5 0.5 0.5 0.5 0.5 0.5 0.5 0.7642509 
Car 0.5 3 0 594.6538 175.79054 608.3605 184.63939 0.5 0.5 0.5 0.5 0.5 0.5 0.5 0.7266338 
Car 0.5 3 0 504.1026 184.99689 519.8496 216.45265 0.5 0.5 0.5 0.5 0.5 0.5 0.5 0.5616 
Car 0.5 3 0 571.5247 175.92151 586.4843 186.41714 0.5 0.5 0.5 0.5 0.5 0.5 0.5 0.5495134 
