Car 0.5 3 0 102.44705 201.78864 347.42493 328.18542 0.5 0.5 0.5 0.5 0.5 0.5 0.5 0.99767655 
Car 0.5 3 0 740.9114 199.38327 1093.8567 369.20972 0.5 0.5 0.5 0.5 0.5 0.5 0.5 0.99512166 
Car 0.5 3 0 466.8943 186.01009 520.5445 221.42406 0.5 0.5 0.5 0.5 0.5 0.5 0.5 0.98617804 
Car 0.5 3 0 325.5921 191.88733 429.11716 270.6763 0.5 0.5 0.5 0.5 0.5 0.5 0.5 0.98348296 
Car 0.5 3 0 877.45123 172.56023 941.0896 195.21832 0.5 0.5 0.5 0.5 0.5 0.5 0.5 0.97154456 
Car 0.5 3 0 509.6275 183.38722 532.59973 213.30275 0.5 0.5 0.5 0.5 0.5 0.5 0.5 0.932886 
Car 0.5 3 0 531.51117 180.82712 568.54346 196.1294 0.5 0.5 0.5 0.5 0.5 0.5 0.5 0.8772004 
Car 0.5 3 0 594.4227 176.10878 607.8383 184.54668 0.5 0.5 0.5 0.5 0.5 0.5 0.5 0.72745377 
Car 0.5 3 0 555.24896 177.9817 571.7876 192.95676 0.5 0.5 0.5 0.5 0.5 0.5 0.5 0.7133393 
Car 0.5 3 0 571.07153 175.5302 587.05884 186.35052 0.5 0.5 0.5 0.5 0.5 0.5 0.5 0.5463241 
