Car 0.5 3 0 650.6574 181.0951 721.4621 237.17279 0.5 0.5 0.5 0.5 0.5 0.5 0.5 0.99602145 
Car 0.5 3 0 416.2769 187.00653 474.15317 236.2179 0.5 0.5 0.5 0.5 0.5 0.5 0.5 0.9942577 
Car 0.5 3 0 845.9289 214.38359 1242.0 372.97882 0.5 0.5 0.5 0.5 0.5 0.5 0.5 0.9900231 
Car 0.5 3 0 501.24377 182.0319 538.71545 205.26805 0.5 0.5 0.5 0.5 0.5 0.5 0.5 0.97886527 
Car 0.5 3 0 455.947 183.07806 497.2436 222.67155 0.5 0.5 0.5 0.5 0.5 0.5 0.5 0.9756437 
Car 0.5 3 0 537.0247 178.60663 563.15454 193.11563 0.5 0.5 0.5 0.5 0.5 0.5 0.5 0.76910985 
Car 0.5 3 0 584.93945 174.1656 596.74884 183.41544 0.5 0.5 0.5 0.5 0.5 0.5 0.5 0.7547023 
Car 0.5 3 0 0.23671499 219.1701 59.9437 311.8516 0.5 0.5 0.5 0.5 0.5 0.5 0.5 0.63717514 
Car 0.5 3 0 552.7389 178.28719 565.2558 189.7144 0.5 0.5 0.5 0.5 0.5 0.5 0.5 0.60437524 
Car 0.5 3 0 2.0980058 149.59462 391.26483 370.32904 0.5 0.5 0.5 0.5 0.5 0.5 0.5 0.5401837 
