Car 0.5 3 0 0.9266219 219.14534 214.5022 374.2867 0.5 0.5 0.5 0.5 0.5 0.5 0.5 0.9968815 
Car 0.5 3 0 780.2418 199.25864 1237.4323 373.78702 0.5 0.5 0.5 0.5 0.5 0.5 0.5 0.995827 
Car 0.5 3 0 650.77795 179.91063 714.78046 232.23965 0.5 0.5 0.5 0.5 0.5 0.5 0.5 0.9924666 
Car 0.5 3 0 508.0634 181.68564 542.803 204.88571 0.5 0.5 0.5 0.5 0.5 0.5 0.5 0.9726279 
Car 0.5 3 0 468.31522 184.90657 506.61023 220.46155 0.5 0.5 0.5 0.5 0.5 0.5 0.5 0.9636717 
Car 0.5 3 0 466.18143 188.90173 483.88605 226.94164 0.5 0.5 0.5 0.5 0.5 0.5 0.5 0.9479012 
Car 0.5 3 0 538.827 178.14496 566.64124 192.35791 0.5 0.5 0.5 0.5 0.5 0.5 0.5 0.8491325 
Car 0.5 3 0 588.7326 175.68724 598.6915 183.23505 0.5 0.5 0.5 0.5 0.5 0.5 0.5 0.64184904 
Car 0.5 3 0 555.32837 177.00076 569.48 189.52213 0.5 0.5 0.5 0.5 0.5 0.5 0.5 0.5895267 
Pedestrian 0.5 3 0 311.53595 179.70596 361.57208 211.26797 0.5 0.5 0.5 0.5 0.5 0.5 0.5 0.52857506 
