Car 0.5 3 0 0.0 225.51895 214.20154 371.1931 0.5 0.5 0.5 0.5 0.5 0.5 0.5 0.99820316 
Car 0.5 3 0 682.1835 193.33093 830.4853 297.133 0.5 0.5 0.5 0.5 0.5 0.5 0.5 0.99733317 
Car 0.5 3 0 273.6127 199.027 414.7152 276.77747 0.5 0.5 0.5 0.5 0.5 0.5 0.5 0.9954325 
Car 0.5 3 0 480.69095 188.50627 527.41315 217.98415 0.5 0.5 0.5 0.5 0.5 0.5 0.5 0.9775894 
Car 0.5 3 0 388.60168 192.74934 462.66888 250.19344 0.5 0.5 0.5 0.5 0.5 0.5 0.5 0.9066698 
Car 0.5 3 0 530.331 183.16634 562.377 197.54016 0.5 0.5 0.5 0.5 0.5 0.5 0.5 0.8918232 
Car 0.5 3 0 589.6903 178.85316 600.48224 187.18878 0.5 0.5 0.5 0.5 0.5 0.5 0.5 0.8360999 
Car 0.5 3 0 517.4071 187.4006 532.96906 210.81912 0.5 0.5 0.5 0.5 0.5 0.5 0.5 0.7507121 
Car 0.5 3 0 839.086 174.64505 865.15906 194.05258 0.5 0.5 0.5 0.5 0.5 0.5 0.5 0.68940306 
Car 0.5 3 0 550.06067 181.45616 567.0422 195.55232 0.5 0.5 0.5 0.5 0.5 0.5 0.5 0.57928956 
Car 0.5 3 0 601.98596 176.94777 610.2263 184.99751 0.5 0.5 0.5 0.5 0.5 0.5 0.5 0.517878 
