Car 0.5 3 0 1.2876692 255.23827 87.31429 373.4505 0.5 0.5 0.5 0.5 0.5 0.5 0.5 0.9986064 
Car 0.5 3 0 704.57404 190.68695 918.84326 333.8108 0.5 0.5 0.5 0.5 0.5 0.5 0.5 0.99668235 
Car 0.5 3 0 206.57257 198.86407 388.49728 295.58282 0.5 0.5 0.5 0.5 0.5 0.5 0.5 0.99650455 
Car 0.5 3 0 475.11917 183.69551 525.1744 216.05066 0.5 0.5 0.5 0.5 0.5 0.5 0.5 0.9730232 
Car 0.5 3 0 364.5362 189.65115 446.43866 255.94626 0.5 0.5 0.5 0.5 0.5 0.5 0.5 0.9566169 
Car 0.5 3 0 533.697 178.49037 567.13934 193.97289 0.5 0.5 0.5 0.5 0.5 0.5 0.5 0.8724176 
Car 0.5 3 0 509.33673 181.89009 533.62524 210.59372 0.5 0.5 0.5 0.5 0.5 0.5 0.5 0.78703064 
Car 0.5 3 0 859.9953 170.32573 902.3969 189.62181 0.5 0.5 0.5 0.5 0.5 0.5 0.5 0.72299165 
Car 0.5 3 0 570.06506 173.90855 584.21625 184.74988 0.5 0.5 0.5 0.5 0.5 0.5 0.5 0.6625025 
Car 0.5 3 0 547.45233 176.13017 569.69836 192.10338 0.5 0.5 0.5 0.5 0.5 0.5 0.5 0.5737257 
Car 0.5 3 0 590.84564 173.68373 604.3109 183.02473 0.5 0.5 0.5 0.5 0.5 0.5 0.5 0.5644415 
Car 0.5 3 0 558.80334 177.33241 570.02216 190.20222 0.5 0.5 0.5 0.5 0.5 0.5 0.5 0.5475313 
