Car 0.5 3 0 0.66902196 225.68636 237.39932 372.8583 0.5 0.5 0.5 0.5 0.5 0.5 0.5 0.99782467 
Car 0.5 3 0 288.97702 199.3833 418.82455 274.78375 0.5 0.5 0.5 0.5 0.5 0.5 0.5 0.99633336 
Car 0.5 3 0 674.28894 192.59929 808.46783 289.97733 0.5 0.5 0.5 0.5 0.5 0.5 0.5 0.9959871 
Car 0.5 3 0 481.0275 189.6834 526.9608 218.8212 0.5 0.5 0.5 0.5 0.5 0.5 0.5 0.9438772 
Car 0.5 3 0 528.8365 185.16296 561.56757 199.73314 0.5 0.5 0.5 0.5 0.5 0.5 0.5 0.90570277 
Car 0.5 3 0 584.74445 179.71991 598.0411 189.63351 0.5 0.5 0.5 0.5 0.5 0.5 0.5 0.8906569 
Car 0.5 3 0 391.11124 193.52213 461.02423 247.3703 0.5 0.5 0.5 0.5 0.5 0.5 0.5 0.83927774 
Car 0.5 3 0 517.0818 188.10439 531.82947 213.08035 0.5 0.5 0.5 0.5 0.5 0.5 0.5 0.7017765 
Car 0.5 3 0 597.2733 179.15485 609.6147 187.59378 0.5 0.5 0.5 0.5 0.5 0.5 0.5 0.58190966 
Car 0.5 3 0 545.9913 183.69875 563.90155 196.08258 0.5 0.5 0.5 0.5 0.5 0.5 0.5 0.5586633 
