Car 0.5 3 0 380.7616 190.52339 464.68256 242.40984 0.5 0.5 0.5 0.5 0.5 0.5 0.5 0.9965912 
Car 0.5 3 0 648.7003 185.79945 728.86835 247.49887 0.5 0.5 0.5 0.5 0.5 0.5 0.5 0.9964056 
Car 0.5 3 0 326.75516 202.39076 378.11078 266.27448 0.5 0.5 0.5 0.5 0.5 0.5 0.5 0.99352807 
Car 0.5 3 0 1026.3314 250.13095 1240.7518 374.23575 0.5 0.5 0.5 0.5 0.5 0.5 0.5 0.98753685 
Car 0.5 3 0 440.70163 185.24197 489.94885 227.7749 0.5 0.5 0.5 0.5 0.5 0.5 0.5 0.95992196 
Car 0.5 3 0 493.90018 183.76985 531.65607 210.03142 0.5 0.5 0.5 0.5 0.5 0.5 0.5 0.941733 
Car 0.5 3 0 531.4273 182.30585 558.04285 195.18071 0.5 0.5 0.5 0.5 0.5 0.5 0.5 0.8554549 
Car 0.5 3 0 931.5405 174.0759 963.7798 200.2374 0.5 0.5 0.5 0.5 0.5 0.5 0.5 0.85490113 
Car 0.5 3 0 582.9679 178.49348 593.9147 185.9039 0.5 0.5 0.5 0.5 0.5 0.5 0.5 0.6458168 
Car 0.5 3 0 548.07385 180.24638 562.77264 193.65356 0.5 0.5 0.5 0.5 0.5 0.5 0.5 0.5316137 
