Car 0.5 3 0 650.46216 182.63553 725.67194 240.9155 0.5 0.5 0.5 0.5 0.5 0.5 0.5 0.99720037 
Car 0.5 3 0 388.80853 187.41191 469.46844 237.7507 0.5 0.5 0.5 0.5 0.5 0.5 0.5 0.9961092 
Car 0.5 3 0 909.1039 229.60143 1240.039 374.2125 0.5 0.5 0.5 0.5 0.5 0.5 0.5 0.99271375 
Car 0.5 3 0 498.23557 182.10632 534.92456 206.6087 0.5 0.5 0.5 0.5 0.5 0.5 0.5 0.97764266 
Car 0.5 3 0 448.39572 183.16785 494.3379 224.04428 0.5 0.5 0.5 0.5 0.5 0.5 0.5 0.96517754 
Car 0.5 3 0 530.4973 178.42398 560.97 194.99725 0.5 0.5 0.5 0.5 0.5 0.5 0.5 0.8382626 
Car 0.5 3 0 1.03893 135.73508 416.8158 370.69116 0.5 0.5 0.5 0.5 0.5 0.5 0.5 0.7330982 
Car 0.5 3 0 546.0197 177.53674 562.96936 191.10403 0.5 0.5 0.5 0.5 0.5 0.5 0.5 0.6502265 
Car 0.5 3 0 581.51575 175.4845 592.9763 184.45593 0.5 0.5 0.5 0.5 0.5 0.5 0.5 0.5406293 
Car 0.5 3 0 623.83856 170.1389 659.9242 192.97168 0.5 0.5 0.5 0.5 0.5 0.5 0.5 0.53180164 
