Car 0.5 3 0 0.0 216.1905 285.08478 352.5932 0.5 0.5 0.5 0.5 0.5 0.5 0.5 0.9983399 
Car 0.5 3 0 316.35483 199.33607 430.6457 268.08276 0.5 0.5 0.5 0.5 0.5 0.5 0.5 0.9966865 
Car 0.5 3 0 662.5691 192.49101 775.9928 277.29712 0.5 0.5 0.5 0.5 0.5 0.5 0.5 0.9955022 
Car 0.5 3 0 482.2948 189.73529 524.81683 218.29471 0.5 0.5 0.5 0.5 0.5 0.5 0.5 0.9863029 
Car 0.5 3 0 405.65225 193.80006 465.29425 243.85822 0.5 0.5 0.5 0.5 0.5 0.5 0.5 0.9770801 
Car 0.5 3 0 525.9071 186.43279 558.43097 200.53595 0.5 0.5 0.5 0.5 0.5 0.5 0.5 0.932693 
Car 0.5 3 0 580.956 181.79459 591.825 190.28503 0.5 0.5 0.5 0.5 0.5 0.5 0.5 0.7473627 
Car 0.5 3 0 560.07196 182.46179 573.3413 194.01094 0.5 0.5 0.5 0.5 0.5 0.5 0.5 0.64645046 
Car 0.5 3 0 624.94385 175.77815 675.14484 198.66786 0.5 0.5 0.5 0.5 0.5 0.5 0.5 0.5917058 
Car 0.5 3 0 514.2137 189.81706 529.172 213.00217 0.5 0.5 0.5 0.5 0.5 0.5 0.5 0.5627228 
