Pedestrian -1 -1 -10 878.000000 157.000000 901.000000 220.000000 1.770839 0.613833 0.756772 7.766029 1.721538 19.746960 -1.175629 0.988452
Car -1 -1 -10 301.000000 185.000000 342.000000 218.000000 1.567597 1.530099 3.433444 -15.333314 1.858896 39.159099 -1.281608 0.968285
Car -1 -1 -10 323.000000 185.000000 372.000000 212.000000 1.526849 1.570417 3.790128 -19.887232 2.410318 53.025449 -3.375600 0.958816
Car -1 -1 -10 697.000000 172.000000 727.000000 200.000000 1.571360 1.604560 3.784053 6.864978 1.562945 47.472380 -2.438087 0.919669
Car -1 -1 -10 366.000000 177.000000 414.000000 206.000000 1.517986 1.488532 3.085073 -15.958973 3.147787 51.975529 -1.284628 0.876368
Car -1 -1 -10 326.000000 176.000000 402.000000 206.000000 1.595541 1.507420 3.372472 -16.152453 2.332699 47.382374 -1.296831 0.813648
Car -1 -1 -10 210.000000 185.000000 289.000000 229.000000 1.513110 1.561808 3.609345 -16.183300 3.324189 33.924835 -1.378307 0.697441
Car -1 -1 -10 704.000000 167.000000 742.000000 199.000000 1.612754 1.626448 3.900636 6.885645 1.368734 48.531640 -2.908948 0.673828
Cyclist -1 -1 -10 882.000000 185.000000 905.000000 222.000000 1.719978 0.606006 1.594474 10.841391 1.751245 28.076973 -0.642817 0.672858
Car -1 -1 -10 341.000000 182.000000 382.000000 207.000000 1.532083 1.588106 3.801819 -20.100676 1.946025 59.493296 -0.831045 0.659418
