Car -1 -1 -10 325.000000 183.000000 383.000000 209.000000 1.558939 1.569974 3.652904 -14.746389 2.469963 41.443976 -2.554964 0.980389
Pedestrian -1 -1 -10 847.000000 156.000000 870.000000 214.000000 1.727496 0.569203 0.728864 7.342404 1.096532 21.321804 1.399578 0.926691
Car -1 -1 -10 337.000000 176.000000 411.000000 204.000000 1.572496 1.566585 3.490092 -13.791735 1.947080 42.460227 -1.235914 0.887603
Pedestrian -1 -1 -10 650.000000 170.000000 667.000000 205.000000 1.768516 0.592405 0.782353 2.274218 1.125576 34.104013 1.164391 0.842925
Car -1 -1 -10 371.000000 176.000000 417.000000 204.000000 1.530144 1.599747 3.916211 -19.339197 2.792662 62.035919 -3.376507 0.814460
Pedestrian -1 -1 -10 667.000000 175.000000 679.000000 209.000000 1.774581 0.605471 0.758100 2.486641 1.539527 29.928413 2.697059 0.784249
Car -1 -1 -10 236.000000 186.000000 338.000000 225.000000 1.635756 1.647093 3.867772 -16.254412 2.369968 38.267790 2.718501 0.758388
Car -1 -1 -10 307.000000 185.000000 345.000000 211.000000 1.544286 1.483040 3.002150 -17.866941 2.702403 44.698345 -2.594315 0.743149
Car -1 -1 -10 689.000000 169.000000 723.000000 197.000000 1.523214 1.546275 3.537554 7.253389 0.852260 50.397474 -0.802097 0.731366
Car -1 -1 -10 393.000000 179.000000 419.000000 204.000000 1.501700 1.500852 3.254187 -15.006047 3.134324 52.521350 -1.285369 0.707872
Car -1 -1 -10 700.000000 164.000000 731.000000 193.000000 1.557892 1.623707 3.870925 6.659046 0.893757 51.128028 -2.961322 0.593867
Pedestrian -1 -1 -10 690.000000 173.000000 710.000000 236.000000 1.717333 0.561533 0.682015 2.210002 1.529273 17.770097 0.602194 0.549453
