Car -1 -1 -10 255.000000 182.000000 323.000000 220.000000 1.521885 1.578817 3.628063 -16.636242 2.249549 37.064899 -3.523375 0.983498
Pedestrian -1 -1 -10 947.000000 159.000000 979.000000 235.000000 1.718777 0.602340 0.681035 8.041995 1.314757 16.445381 0.951221 0.981967
Car -1 -1 -10 303.000000 180.000000 353.000000 210.000000 1.532404 1.607467 3.968728 -19.243202 2.345950 47.588278 -3.399877 0.969630
Car -1 -1 -10 712.000000 172.000000 751.000000 205.000000 1.532213 1.606166 4.066830 5.929373 1.652566 38.272191 -2.935712 0.915751
Cyclist -1 -1 -10 950.000000 195.000000 978.000000 236.000000 1.714595 0.580352 1.575840 9.284386 1.875929 19.076413 -0.584637 0.836272
Car -1 -1 -10 345.000000 173.000000 404.000000 203.000000 1.543994 1.591405 3.948028 -19.295082 1.812627 54.298867 0.251584 0.835593
Car -1 -1 -10 312.000000 178.000000 380.000000 206.000000 1.522993 1.568863 3.872448 -19.726621 1.931159 53.957529 0.182930 0.794352
Pedestrian -1 -1 -10 679.000000 176.000000 693.000000 214.000000 1.649563 0.556201 0.728908 2.931828 1.969658 29.189847 -2.974439 0.699227
Car -1 -1 -10 722.000000 167.000000 766.000000 196.000000 1.527680 1.594305 3.794159 7.270089 1.146545 42.581041 -2.091693 0.637056
Car -1 -1 -10 369.000000 177.000000 404.000000 202.000000 1.657568 1.547568 3.457224 -13.484599 1.472999 42.806957 0.812671 0.632330
Car -1 -1 -10 105.000000 191.000000 139.000000 223.000000 1.502952 1.476958 3.357047 -20.779507 2.295760 30.047241 -2.828263 0.611601
Pedestrian -1 -1 -10 701.000000 182.000000 719.000000 227.000000 1.704945 0.529640 0.653629 2.955783 1.627562 21.635358 0.616448 0.598673
