Car -1 -1 -10 1057.000000 186.000000 1241.000000 285.000000 1.469664 1.610498 3.786832 8.420629 1.519848 11.804181 -1.469366 0.993585
Car -1 -1 -10 891.000000 175.000000 1068.000000 281.000000 1.498451 1.591811 3.632007 6.203958 1.527747 12.509546 -1.489144 0.992316
Car -1 -1 -10 0.000000 196.000000 23.000000 239.000000 1.503511 1.516880 3.293257 -26.043343 1.880038 31.348116 -1.568068 0.980943
Car -1 -1 -10 157.000000 173.000000 232.000000 213.000000 1.551427 1.617918 3.929495 -21.392402 1.827430 36.323545 -3.545416 0.946226
Car -1 -1 -10 220.000000 171.000000 272.000000 206.000000 1.518181 1.532108 3.353507 -18.644530 1.879899 36.857759 -1.383739 0.896608
Car -1 -1 -10 867.000000 161.000000 945.000000 237.000000 1.662785 1.663588 3.974020 7.946112 1.500666 19.380197 -1.308607 0.720855
Car -1 -1 -10 93.000000 162.000000 195.000000 218.000000 1.529336 1.597647 3.808317 -21.239427 1.490668 32.097300 -2.819321 0.706180
Pedestrian -1 -1 -10 554.000000 171.000000 564.000000 201.000000 1.727603 0.529683 0.812976 -2.605531 1.474145 36.822097 -3.091973 0.698289
Pedestrian -1 -1 -10 899.000000 162.000000 929.000000 208.000000 1.805621 0.610482 0.717386 9.529946 1.061211 22.974403 2.986383 0.669433
Car -1 -1 -10 7.000000 162.000000 139.000000 229.000000 1.932552 1.696489 3.948887 -20.134150 1.948176 26.681533 -3.291254 0.600969
Pedestrian -1 -1 -10 573.000000 172.000000 585.000000 201.000000 1.768554 0.599250 0.782928 -1.939944 1.713198 42.188975 2.587604 0.536282
Car -1 -1 -10 880.000000 166.000000 997.000000 251.000000 1.619662 1.619326 3.693683 7.305766 1.365305 16.429656 -1.574889 0.512239
