Car -1 -1 -10 292.000000 183.000000 339.000000 216.000000 1.515163 1.446856 3.065715 -15.933809 1.911665 39.265341 0.555082 0.966168
Car -1 -1 -10 320.000000 184.000000 364.000000 211.000000 1.516684 1.601857 3.815955 -19.638353 2.446974 52.074730 0.656386 0.952361
Pedestrian -1 -1 -10 895.000000 160.000000 916.000000 223.000000 1.766945 0.598583 0.655418 11.293292 1.440399 27.872616 -1.185778 0.906763
Car -1 -1 -10 700.000000 173.000000 731.000000 202.000000 1.526317 1.578080 3.670756 6.911177 1.120805 46.514243 -2.083089 0.889793
Car -1 -1 -10 320.000000 178.000000 393.000000 205.000000 1.539359 1.603340 3.756415 -19.047936 2.218724 53.422897 -1.232809 0.815432
Car -1 -1 -10 362.000000 175.000000 414.000000 204.000000 1.530647 1.577697 3.706444 -19.852282 2.514386 62.654308 -2.607421 0.786674
Car -1 -1 -10 235.000000 183.000000 336.000000 218.000000 1.580967 1.534019 3.415593 -17.021291 2.641432 37.327599 -2.658648 0.657486
Pedestrian -1 -1 -10 684.000000 183.000000 696.000000 218.000000 1.775920 0.614010 0.694619 3.062212 1.231013 27.862984 -1.475591 0.591148
Pedestrian -1 -1 -10 662.000000 176.000000 678.000000 209.000000 1.706095 0.586627 0.700131 2.411695 1.676130 30.594038 3.209427 0.578545
Car -1 -1 -10 850.000000 171.000000 896.000000 197.000000 1.535129 1.519965 3.365048 13.963836 1.776234 39.105363 -1.916848 0.513839
