Pedestrian -1 -1 -10 928.000000 159.000000 955.000000 228.000000 1.760970 0.593843 0.760713 7.945490 1.277669 17.339158 0.921565 0.988017
Car -1 -1 -10 269.000000 182.000000 329.000000 219.000000 1.561619 1.597523 3.916140 -16.812515 2.328901 37.985249 0.160545 0.986774
Car -1 -1 -10 307.000000 179.000000 359.000000 209.000000 1.535265 1.605119 3.953695 -19.122589 2.362459 49.022377 -3.407789 0.966463
Car -1 -1 -10 705.000000 173.000000 742.000000 205.000000 1.507944 1.606485 3.968659 6.351869 1.615003 39.798123 -1.434735 0.953751
Car -1 -1 -10 348.000000 173.000000 397.000000 203.000000 1.537175 1.593336 3.965972 -19.156438 1.765940 55.439522 0.245939 0.812767
Pedestrian -1 -1 -10 675.000000 176.000000 688.000000 214.000000 1.763290 0.588538 0.779277 2.666196 1.770209 27.296002 1.196610 0.801878
Cyclist -1 -1 -10 932.000000 192.000000 957.000000 233.000000 1.718101 0.557881 1.581968 10.803019 1.833221 23.528346 -0.601784 0.796012
Car -1 -1 -10 320.000000 177.000000 387.000000 205.000000 1.569307 1.599891 3.840058 -19.536980 1.968534 55.589803 -0.295972 0.750727
Pedestrian -1 -1 -10 694.000000 181.000000 709.000000 224.000000 1.720857 0.562772 0.681349 2.917309 1.620447 23.175917 0.614404 0.750377
Car -1 -1 -10 209.000000 181.000000 333.000000 219.000000 1.545916 1.593501 3.681403 -13.517393 1.717536 28.394521 -0.544483 0.585312
Car -1 -1 -10 722.000000 165.000000 763.000000 203.000000 1.576125 1.589093 3.721903 7.505173 1.649712 42.634657 1.215122 0.566497
