Pedestrian -1 -1 -10 1016.000000 156.000000 1055.000000 235.000000 1.709039 0.621204 0.737593 8.226915 1.243813 14.141861 3.187120 0.985387
Car -1 -1 -10 275.000000 180.000000 333.000000 214.000000 1.552865 1.595598 3.731731 -18.980767 2.105698 43.808747 0.126083 0.952035
Cyclist -1 -1 -10 1011.000000 194.000000 1058.000000 245.000000 1.702903 0.595971 1.597267 14.741868 1.618586 25.410613 1.591942 0.951860
Car -1 -1 -10 732.000000 172.000000 768.000000 209.000000 1.513068 1.595920 3.810049 6.496910 1.543990 33.832490 -1.926914 0.940270
Car -1 -1 -10 197.000000 180.000000 303.000000 225.000000 1.608119 1.627487 3.869276 -16.341222 2.317980 32.962734 0.033498 0.920865
Pedestrian -1 -1 -10 697.000000 174.000000 711.000000 224.000000 1.749206 0.573894 0.701130 2.797494 1.687623 21.790731 1.244151 0.870854
Car -1 -1 -10 281.000000 176.000000 366.000000 208.000000 1.539954 1.608404 3.909664 -18.733666 2.240078 44.988090 -3.473812 0.810532
Car -1 -1 -10 22.000000 186.000000 65.000000 228.000000 1.504109 1.498591 2.877467 -33.971585 3.289174 43.068450 -2.861279 0.802181
Car -1 -1 -10 330.000000 172.000000 388.000000 205.000000 1.539767 1.577352 3.637734 -19.772712 1.671601 54.918030 -2.562457 0.793308
Car -1 -1 -10 246.000000 181.000000 309.000000 219.000000 1.539296 1.588482 3.788228 -16.127682 2.131592 33.108852 0.576155 0.648651
Car -1 -1 -10 740.000000 165.000000 777.000000 203.000000 1.527778 1.622218 3.841375 7.418111 1.309991 38.893486 -1.990348 0.599030
Pedestrian -1 -1 -10 683.000000 181.000000 695.000000 216.000000 1.769070 0.610760 0.682472 3.080170 1.250772 28.398625 -1.482793 0.557523
