Car -1 -1 -10 489.000000 184.000000 518.000000 209.000000 1.553718 1.595156 3.859311 -6.766217 2.243445 45.446628 2.966932 0.976667
Car -1 -1 -10 1137.000000 181.000000 1188.000000 211.000000 1.574165 1.613882 3.890760 26.524730 1.712582 33.619766 0.156353 0.971205
Car -1 -1 -10 1207.000000 186.000000 1241.000000 217.000000 1.562826 1.585747 3.771715 27.313633 1.896002 30.648456 -1.483286 0.962153
Car -1 -1 -10 780.000000 167.000000 847.000000 207.000000 1.492260 1.523434 3.371694 9.343392 1.786487 33.007497 1.292721 0.927502
Car -1 -1 -10 854.000000 173.000000 914.000000 200.000000 1.532214 1.607308 3.947083 19.178123 2.158901 50.928735 3.484627 0.913743
Car -1 -1 -10 117.000000 178.000000 148.000000 208.000000 1.520003 1.519302 3.293479 -21.301346 1.455116 32.064222 0.465823 0.837746
Car -1 -1 -10 1027.000000 183.000000 1062.000000 209.000000 1.512287 1.541786 3.299030 21.002196 1.673123 35.152496 -1.708294 0.811431
Car -1 -1 -10 1069.000000 181.000000 1134.000000 214.000000 1.508854 1.575995 3.663461 24.763577 2.518087 34.996965 -0.336501 0.701854
Car -1 -1 -10 0.000000 203.000000 14.000000 242.000000 1.492770 1.516452 3.349444 -34.337054 3.153219 40.981190 -1.684127 0.676874
Car -1 -1 -10 537.000000 176.000000 573.000000 208.000000 1.545204 1.595328 3.786316 -3.128576 1.952859 45.947436 -0.094835 0.660578
