Car -1 -1 -10 0.000000 182.000000 99.000000 268.000000 1.740822 1.651916 3.975874 -14.681727 2.241961 18.121666 1.420098 0.988276
Car -1 -1 -10 927.000000 175.000000 1019.000000 231.000000 1.488046 1.610572 3.804870 9.288012 1.437003 18.505639 -1.611542 0.987118
Car -1 -1 -10 820.000000 170.000000 907.000000 235.000000 1.488228 1.599194 3.762248 6.741093 1.419680 19.448406 -1.428091 0.985981
Car -1 -1 -10 273.000000 176.000000 322.000000 207.000000 1.539635 1.606640 3.847503 -19.895881 2.100524 44.297488 -2.598406 0.969027
Car -1 -1 -10 62.000000 187.000000 139.000000 239.000000 1.531867 1.615522 3.977310 -17.577548 2.443530 24.216652 -2.851881 0.956552
Car -1 -1 -10 63.000000 180.000000 188.000000 230.000000 1.565245 1.574639 3.908145 -18.741708 1.974240 28.614009 -0.059454 0.925075
Car -1 -1 -10 317.000000 175.000000 345.000000 201.000000 1.653533 1.513745 3.329747 -17.881820 2.071424 46.041280 -1.369387 0.847770
Car -1 -1 -10 244.000000 173.000000 298.000000 213.000000 1.544909 1.477351 3.142891 -18.154426 1.850167 37.981874 0.556365 0.732163
Pedestrian -1 -1 -10 585.000000 165.000000 597.000000 197.000000 1.724090 0.546397 0.761605 -1.025311 2.094677 38.164866 -2.152388 0.726832
Car -1 -1 -10 27.000000 182.000000 119.000000 250.000000 1.524830 1.562768 3.616803 -16.984578 2.475755 23.568930 -2.873758 0.662742
Pedestrian -1 -1 -10 584.000000 164.000000 592.000000 190.000000 1.798353 0.553104 0.839089 -1.375278 1.388702 41.697327 0.713811 0.616854
Pedestrian -1 -1 -10 688.000000 168.000000 699.000000 193.000000 1.739325 0.548143 0.914945 4.127054 1.811571 37.127777 -1.940365 0.601561
Car -1 -1 -10 112.000000 165.000000 296.000000 217.000000 1.517949 1.611262 3.714452 -15.768487 1.478953 27.768374 -1.382347 0.549131
Car -1 -1 -10 201.000000 176.000000 279.000000 216.000000 1.661608 1.622343 3.787081 -18.437904 2.021513 34.952042 0.019693 0.535047
