Car -1 -1 -10 966.000000 181.000000 1108.000000 257.000000 1.481458 1.601252 3.717719 8.580140 1.534342 15.161474 -1.623406 0.991564
Car -1 -1 -10 866.000000 176.000000 973.000000 258.000000 1.516565 1.597145 3.668744 6.477176 1.560479 15.802457 -1.530095 0.981533
Car -1 -1 -10 0.000000 209.000000 39.000000 250.000000 1.505223 1.522831 3.375262 -20.521606 2.081104 24.967873 -2.931155 0.957396
Car -1 -1 -10 225.000000 176.000000 282.000000 211.000000 1.528539 1.601953 3.864875 -20.592112 2.234906 40.287307 -2.626904 0.925473
Car -1 -1 -10 278.000000 174.000000 315.000000 205.000000 1.529137 1.513511 3.212202 -20.330572 2.950838 46.547140 -2.607846 0.835203
Car -1 -1 -10 168.000000 170.000000 260.000000 217.000000 1.707194 1.619067 3.978654 -20.264132 1.753222 36.287542 0.026567 0.821346
Pedestrian -1 -1 -10 862.000000 167.000000 882.000000 198.000000 1.762077 0.610999 0.629838 10.203738 1.504532 28.461276 -1.218649 0.688540
Car -1 -1 -10 1.000000 181.000000 131.000000 240.000000 1.702197 1.649003 4.005563 -19.096667 2.159593 25.128748 -0.209127 0.686195
Pedestrian -1 -1 -10 574.000000 169.000000 585.000000 201.000000 1.749368 0.562726 0.777594 -1.744559 1.723810 40.080749 0.674240 0.600162
Car -1 -1 -10 56.000000 161.000000 210.000000 224.000000 1.514756 1.596298 3.774554 -14.876427 1.638530 22.393501 -3.620201 0.539632
