Car -1 -1 -10 331.000000 181.000000 379.000000 207.000000 1.601279 1.523713 3.241636 -15.718522 2.373503 44.563122 -1.284267 0.984648
Pedestrian -1 -1 -10 682.000000 171.000000 701.000000 229.000000 1.737296 0.571456 0.696890 2.140168 1.462057 19.195786 2.788499 0.930349
Pedestrian -1 -1 -10 833.000000 156.000000 856.000000 212.000000 1.692906 0.572131 0.675019 7.246217 1.141074 22.284878 1.403489 0.919100
Car -1 -1 -10 376.000000 174.000000 417.000000 199.000000 1.585632 1.577574 3.546649 -12.693420 1.660288 42.270429 -2.495139 0.890070
Pedestrian -1 -1 -10 662.000000 169.000000 673.000000 205.000000 1.740862 0.613208 0.682324 2.375052 1.338103 31.140670 2.694521 0.849272
Pedestrian -1 -1 -10 647.000000 171.000000 663.000000 201.000000 1.765490 0.598682 0.779617 2.153141 1.085619 35.537228 2.674051 0.808224
Car -1 -1 -10 246.000000 181.000000 346.000000 220.000000 1.547982 1.604991 3.786924 -16.485989 2.269322 39.777250 -3.479241 0.768420
Car -1 -1 -10 344.000000 177.000000 398.000000 202.000000 1.616033 1.490494 3.357751 -16.386001 2.396852 48.945598 -1.379416 0.757196
Car -1 -1 -10 687.000000 168.000000 715.000000 193.000000 1.522785 1.567733 3.630348 7.334000 0.814208 51.255727 -0.786585 0.733813
Car -1 -1 -10 312.000000 182.000000 347.000000 210.000000 1.511118 1.579015 3.698381 -17.989214 2.735604 47.055892 -2.570735 0.708504
Car -1 -1 -10 695.000000 163.000000 723.000000 191.000000 1.566091 1.624973 3.823548 5.957594 0.862469 51.998494 -2.851629 0.502871
