Car -1 -1 -10 953.000000 177.000000 1235.000000 326.000000 1.500553 1.594163 3.677373 5.916174 1.532518 9.148955 -1.513799 0.996162
Pedestrian -1 -1 -10 954.000000 157.000000 1002.000000 242.000000 1.759947 0.651528 0.803682 6.382662 1.182415 12.750455 0.966063 0.957102
Car -1 -1 -10 0.000000 185.000000 38.000000 230.000000 1.529062 1.570219 3.673133 -19.825990 2.099429 23.740253 -2.920390 0.950361
Car -1 -1 -10 77.000000 171.000000 164.000000 216.000000 1.564763 1.608900 3.814615 -22.356319 1.923968 32.391658 -3.714771 0.912526
Car -1 -1 -10 144.000000 170.000000 216.000000 207.000000 1.533310 1.560329 3.360877 -20.097256 1.774256 33.749468 -2.798202 0.849599
Pedestrian -1 -1 -10 527.000000 168.000000 538.000000 203.000000 1.707133 0.524064 0.754456 -3.909761 1.422505 35.868086 -3.157949 0.830053
Car -1 -1 -10 0.000000 164.000000 117.000000 224.000000 1.765734 1.631881 3.635283 -20.973299 1.837756 27.698583 -1.656612 0.802668
Pedestrian -1 -1 -10 618.000000 171.000000 627.000000 197.000000 1.757061 0.563589 0.747661 0.670582 1.828838 41.125655 0.756287 0.673904
Car -1 -1 -10 1203.000000 184.000000 1241.000000 226.000000 1.494279 1.484493 3.221875 16.965087 1.723693 20.043396 2.792344 0.647567
Pedestrian -1 -1 -10 594.000000 170.000000 605.000000 198.000000 1.727746 0.573739 0.745658 -0.742471 2.245902 40.446445 -2.127590 0.631763
Pedestrian -1 -1 -10 539.000000 165.000000 555.000000 203.000000 1.775705 0.601344 0.750787 -3.492727 2.145015 37.782465 2.521341 0.563860
Car -1 -1 -10 48.000000 173.000000 134.000000 219.000000 1.550655 1.579973 3.792326 -20.779790 1.884310 28.858802 -0.614767 0.544913
Pedestrian -1 -1 -10 569.000000 169.000000 580.000000 199.000000 1.777128 0.611233 0.816097 -2.147173 1.675679 40.824648 2.559906 0.519904
