Car -1 -1 -10 498.000000 183.000000 525.000000 208.000000 1.587094 1.507513 3.238603 -5.983065 1.926241 44.193897 -1.066366 0.990164
Car -1 -1 -10 1107.000000 181.000000 1157.000000 210.000000 1.519189 1.600635 3.862091 26.774222 1.735186 36.627883 0.094542 0.969322
Car -1 -1 -10 1174.000000 186.000000 1238.000000 218.000000 1.547379 1.610968 3.903740 27.844212 2.158852 33.880765 0.085431 0.940847
Car -1 -1 -10 750.000000 175.000000 802.000000 201.000000 1.515274 1.550022 3.406414 8.993800 1.239217 39.338265 -2.423786 0.889075
Car -1 -1 -10 122.000000 177.000000 168.000000 205.000000 1.528425 1.495843 3.228305 -35.871604 2.670409 55.101190 0.488596 0.885242
Car -1 -1 -10 860.000000 174.000000 900.000000 199.000000 1.540189 1.601586 3.976764 19.085679 2.159943 51.745661 -2.749752 0.875538
Car -1 -1 -10 547.000000 175.000000 581.000000 207.000000 1.531790 1.596888 3.821564 -3.084265 1.874623 46.125052 -3.098528 0.679079
Car -1 -1 -10 963.000000 179.000000 998.000000 208.000000 1.564072 1.463557 3.089977 20.425437 2.269725 40.333593 -1.777390 0.613413
Car -1 -1 -10 1059.000000 181.000000 1105.000000 210.000000 1.506007 1.496791 3.309074 21.625449 1.887988 33.207841 1.624848 0.609467
Car -1 -1 -10 1148.000000 182.000000 1178.000000 208.000000 1.523336 1.548708 3.552211 28.558671 2.101322 36.281742 -0.278730 0.513111
