Car -1 -1 -10 905.000000 176.000000 1107.000000 292.000000 1.483118 1.602081 3.729982 6.086989 1.534238 11.257463 -1.523903 0.993251
Car -1 -1 -10 1100.000000 183.000000 1239.000000 291.000000 1.470239 1.603408 3.747787 8.922406 1.507305 10.680088 -0.358408 0.989749
Car -1 -1 -10 205.000000 171.000000 256.000000 207.000000 1.532328 1.514323 3.108099 -24.366167 3.022578 46.086094 -2.681628 0.936857
Car -1 -1 -10 130.000000 173.000000 201.000000 213.000000 1.509133 1.508235 3.405589 -21.101455 1.907546 34.003479 0.491466 0.877529
Car -1 -1 -10 7.000000 165.000000 109.000000 229.000000 1.702205 1.606066 3.805962 -20.101005 1.792519 25.946459 0.363913 0.842497
Car -1 -1 -10 167.000000 173.000000 213.000000 207.000000 1.545271 1.588693 3.758712 -21.255423 1.710746 36.851405 -1.444448 0.809574
Car -1 -1 -10 53.000000 163.000000 193.000000 220.000000 1.588902 1.624664 3.962322 -21.172919 1.473162 31.306340 -1.558902 0.767952
Pedestrian -1 -1 -10 913.000000 162.000000 950.000000 229.000000 1.760053 0.609838 0.667546 6.681079 1.563100 15.130373 -1.171928 0.767525
Car -1 -1 -10 873.000000 163.000000 955.000000 242.000000 1.666497 1.639109 3.898441 7.679336 1.538233 18.602128 -1.290091 0.694402
Pedestrian -1 -1 -10 584.000000 166.000000 595.000000 199.000000 1.799269 0.567284 0.813727 -1.269332 1.166190 40.763347 -3.074806 0.693577
Pedestrian -1 -1 -10 546.000000 169.000000 556.000000 202.000000 1.733414 0.540659 0.798837 -3.116814 1.331257 37.517741 -3.103984 0.689759
