Car -1 -1 -10 756.000000 171.000000 812.000000 215.000000 1.530624 1.609757 3.823524 6.594465 1.443481 27.712484 -1.439298 0.989495
Pedestrian -1 -1 -10 1198.000000 148.000000 1241.000000 259.000000 1.757670 0.594097 0.789800 8.770000 1.471381 10.488004 3.348770 0.979350
Car -1 -1 -10 333.000000 177.000000 371.000000 202.000000 1.644954 1.536036 3.395446 -15.967343 1.921167 44.534307 -1.321695 0.962978
Car -1 -1 -10 222.000000 179.000000 291.000000 217.000000 1.533515 1.601049 3.772110 -18.684811 1.780418 37.657086 1.685786 0.927837
Car -1 -1 -10 243.000000 169.000000 335.000000 212.000000 1.522995 1.573352 3.677920 -18.720216 1.524649 38.857720 -1.317607 0.869294
Car -1 -1 -10 108.000000 180.000000 253.000000 238.000000 1.733042 1.696891 4.246305 -15.396407 2.301575 26.571679 0.251359 0.853211
Car -1 -1 -10 823.000000 172.000000 877.000000 215.000000 1.557573 1.587286 3.718488 9.167586 1.324786 27.133749 1.425861 0.749706
Car -1 -1 -10 308.000000 174.000000 368.000000 206.000000 1.633238 1.559373 3.479537 -15.459236 1.822747 41.121090 -1.311445 0.749441
Pedestrian -1 -1 -10 589.000000 166.000000 600.000000 193.000000 1.721612 0.547886 0.838746 -0.941527 1.914216 38.636196 -2.122871 0.641182
Car -1 -1 -10 292.000000 170.000000 351.000000 208.000000 1.518901 1.574597 3.666613 -19.332329 1.480120 48.403973 -1.302063 0.550318
