Car -1 -1 -10 444.000000 178.000000 476.000000 205.000000 1.532603 1.587741 3.806015 -8.476739 2.157742 40.858555 -0.802106 0.991247
Car -1 -1 -10 794.000000 159.000000 850.000000 185.000000 1.552739 1.627630 3.884494 13.166322 0.552378 44.993078 -2.319163 0.977963
Car -1 -1 -10 1011.000000 155.000000 1118.000000 196.000000 1.563306 1.619798 4.004496 20.054964 1.012366 31.814859 1.053534 0.973448
Car -1 -1 -10 890.000000 158.000000 922.000000 185.000000 1.524283 1.570668 3.494043 14.981065 0.848980 36.684324 -2.262973 0.970610
Car -1 -1 -10 1176.000000 154.000000 1239.000000 203.000000 1.536896 1.592866 3.870109 21.247076 1.134777 25.775983 0.076420 0.967960
Car -1 -1 -10 978.000000 158.000000 1014.000000 184.000000 1.526960 1.576878 3.784428 22.824221 0.466368 41.993109 -0.452169 0.934543
Car -1 -1 -10 910.000000 159.000000 960.000000 190.000000 1.527809 1.530665 3.421907 16.330173 1.794992 36.700312 -1.824404 0.933078
Car -1 -1 -10 657.000000 156.000000 712.000000 181.000000 1.519942 1.591621 3.834170 6.421828 0.993110 58.152527 -0.431378 0.806411
Car -1 -1 -10 497.000000 169.000000 533.000000 202.000000 1.555676 1.612016 3.881497 -5.859290 1.763469 44.060340 3.002482 0.667923
Pedestrian -1 -1 -10 33.000000 190.000000 47.000000 224.000000 1.738268 0.617640 0.559756 -25.014034 2.738662 31.614764 -2.804603 0.568008
