Car -1 -1 -10 282.000000 182.000000 330.000000 218.000000 1.521254 1.525193 3.420469 -17.275750 1.861759 41.343366 -2.618766 0.975056
Car -1 -1 -10 312.000000 181.000000 367.000000 209.000000 1.557532 1.609705 4.010656 -19.137894 2.368215 50.172315 0.122196 0.956543
Car -1 -1 -10 293.000000 182.000000 352.000000 214.000000 1.607661 1.519862 3.321081 -18.346414 2.454782 45.660417 -2.578665 0.865437
Car -1 -1 -10 704.000000 173.000000 738.000000 205.000000 1.523119 1.616148 3.851690 6.293054 1.675135 40.586090 -2.910805 0.835980
Pedestrian -1 -1 -10 688.000000 182.000000 702.000000 222.000000 1.717160 0.566781 0.696351 2.873713 1.626562 24.547563 0.603837 0.832147
Pedestrian -1 -1 -10 911.000000 157.000000 936.000000 229.000000 1.777918 0.612190 0.786379 7.822854 2.055540 18.319347 2.996499 0.829636
Car -1 -1 -10 358.000000 175.000000 408.000000 206.000000 1.532036 1.544712 3.530045 -18.395018 2.480853 56.636952 -1.234886 0.797038
Car -1 -1 -10 327.000000 179.000000 392.000000 206.000000 1.567910 1.615791 3.792364 -19.572084 1.997111 57.032290 -0.314063 0.687078
Pedestrian -1 -1 -10 669.000000 176.000000 683.000000 212.000000 1.792125 0.603038 0.673520 2.675468 1.161049 29.351131 -1.492024 0.563935
Car -1 -1 -10 209.000000 183.000000 338.000000 219.000000 1.522815 1.556731 3.587803 -16.162477 3.058109 39.301452 -1.350621 0.525448
