Car -1 -1 -10 462.000000 181.000000 494.000000 206.000000 1.521207 1.536351 3.480191 -8.160583 1.627232 43.886419 -1.112203 0.992021
Car -1 -1 -10 918.000000 168.000000 995.000000 199.000000 1.665045 1.555435 3.495118 19.435552 1.901092 40.860991 -1.767299 0.961851
Car -1 -1 -10 1.000000 173.000000 77.000000 211.000000 1.519475 1.513719 3.295532 -24.348972 1.412042 30.728794 0.376086 0.897446
Car -1 -1 -10 1164.000000 180.000000 1217.000000 215.000000 1.564412 1.587000 3.779491 23.651937 1.634859 29.338500 0.062731 0.886469
Car -1 -1 -10 1026.000000 176.000000 1074.000000 208.000000 1.528373 1.574537 3.767434 20.706775 1.577859 34.076334 0.470120 0.879314
Car -1 -1 -10 0.000000 175.000000 32.000000 212.000000 1.524852 1.554782 3.617640 -35.073442 1.944725 42.461196 -3.731228 0.825891
Car -1 -1 -10 840.000000 169.000000 884.000000 195.000000 1.555910 1.486774 3.097122 14.302773 1.717815 40.879005 -0.592258 0.782314
Car -1 -1 -10 1089.000000 182.000000 1136.000000 212.000000 1.554328 1.587771 3.850227 21.392813 1.884548 31.768912 -2.453051 0.595357
Car -1 -1 -10 512.000000 172.000000 549.000000 205.000000 1.550252 1.612899 3.858629 -5.424219 1.836022 45.707482 -3.135270 0.566104
Car -1 -1 -10 218.000000 165.000000 245.000000 191.000000 1.522140 1.541488 3.376496 -19.274040 1.819074 36.408371 -2.710649 0.505085
