Car -1 -1 -10 441.000000 181.000000 474.000000 207.000000 1.555915 1.632519 3.913790 -8.562291 1.945645 41.227186 -1.765977 0.992673
Car -1 -1 -10 1030.000000 152.000000 1154.000000 195.000000 1.524614 1.656919 4.144428 20.420222 0.658007 31.199324 2.776297 0.985094
Car -1 -1 -10 1204.000000 153.000000 1241.000000 205.000000 1.511081 1.523246 3.299004 25.833406 1.806926 30.624477 -1.533480 0.982773
Car -1 -1 -10 778.000000 159.000000 821.000000 185.000000 1.645254 1.554903 3.494553 11.208145 1.585633 43.639209 -1.915784 0.978495
Car -1 -1 -10 802.000000 159.000000 860.000000 186.000000 1.511707 1.605758 3.901370 13.573768 0.585355 43.845931 2.440196 0.945996
Car -1 -1 -10 733.000000 160.000000 765.000000 185.000000 1.504398 1.590342 3.884922 10.017082 0.935555 49.502221 2.723405 0.935442
Car -1 -1 -10 895.000000 159.000000 915.000000 187.000000 1.529768 1.526289 3.429995 14.839790 1.787252 36.980496 -1.860229 0.933763
Car -1 -1 -10 991.000000 156.000000 1034.000000 182.000000 1.532828 1.572522 3.651529 23.408164 0.668897 44.386797 -1.729741 0.924938
Car -1 -1 -10 894.000000 153.000000 983.000000 192.000000 1.538777 1.598079 3.787461 15.589254 1.503525 35.269905 -1.771070 0.861042
Car -1 -1 -10 659.000000 157.000000 720.000000 183.000000 1.524770 1.598164 3.760079 6.377338 0.941323 56.917384 -0.813046 0.854341
Car -1 -1 -10 798.000000 160.000000 833.000000 185.000000 1.559524 1.590580 3.751547 12.254191 0.858346 46.350327 -2.709790 0.585035
Pedestrian -1 -1 -10 16.000000 195.000000 30.000000 230.000000 1.732752 0.619945 0.553181 -23.376713 2.980246 28.657726 -2.812944 0.545829
Car -1 -1 -10 933.000000 156.000000 974.000000 190.000000 1.529500 1.541654 3.367005 17.321505 1.788266 36.470542 -0.466641 0.545505
Car -1 -1 -10 494.000000 171.000000 533.000000 206.000000 1.575527 1.616933 3.794984 -5.857781 1.760749 43.661318 -3.167952 0.533025
