Car -1 -1 -10 1016.000000 180.000000 1190.000000 273.000000 1.461371 1.611007 3.791616 8.441980 1.517889 13.006149 -1.548480 0.995287
Car -1 -1 -10 874.000000 179.000000 1031.000000 269.000000 1.499465 1.595565 3.676654 6.301080 1.540311 13.419636 -1.572686 0.985209
Car -1 -1 -10 0.000000 176.000000 63.000000 239.000000 1.583821 1.609982 3.898224 -19.317755 2.094212 22.096926 -0.168893 0.948564
Car -1 -1 -10 181.000000 174.000000 247.000000 212.000000 1.616434 1.537753 3.452190 -20.964064 1.862525 37.855781 -2.787639 0.939991
Car -1 -1 -10 243.000000 174.000000 287.000000 205.000000 1.535821 1.549799 3.400744 -17.459903 1.805311 36.845383 -1.382139 0.873371
Car -1 -1 -10 137.000000 170.000000 222.000000 217.000000 1.726752 1.624027 3.815360 -20.545085 1.774428 33.152470 0.414250 0.722111
Car -1 -1 -10 854.000000 160.000000 950.000000 229.000000 1.553050 1.636871 3.893097 8.564277 1.306911 20.652507 -0.532596 0.702818
Pedestrian -1 -1 -10 576.000000 174.000000 589.000000 201.000000 1.770143 0.604898 0.746006 -2.032205 2.236722 42.504688 2.571729 0.585666
Car -1 -1 -10 96.000000 162.000000 164.000000 225.000000 1.564673 1.579628 3.821153 -19.062857 1.841008 28.723723 -0.058821 0.526495
Pedestrian -1 -1 -10 562.000000 170.000000 573.000000 202.000000 1.719639 0.535207 0.777699 -2.247624 1.805039 37.668549 -3.105952 0.509956
