Car -1 -1 -10 198.000000 181.000000 352.000000 246.000000 1.490814 1.580439 3.812430 -8.288512 1.701252 17.937682 1.765361 0.997849
Car -1 -1 -10 967.000000 212.000000 1242.000000 370.000000 1.521512 1.611520 3.957634 3.741880 1.580852 4.036522 -1.606904 0.996968
Pedestrian -1 -1 -10 406.000000 170.000000 427.000000 234.000000 1.729809 0.590924 0.694776 -4.751053 1.574511 18.200570 -1.324739 0.982950
Car -1 -1 -10 810.000000 169.000000 908.000000 200.000000 1.496241 1.635336 3.879864 11.499950 1.233573 33.572059 3.143607 0.982672
Car -1 -1 -10 579.000000 171.000000 667.000000 207.000000 1.475298 1.564803 3.687802 0.610054 1.406724 30.676390 -0.900093 0.976504
Car -1 -1 -10 553.000000 174.000000 601.000000 203.000000 1.446755 1.575688 3.702320 -1.281041 1.507812 35.308335 -1.043610 0.971183
Car -1 -1 -10 1085.000000 161.000000 1141.000000 197.000000 1.532811 1.587786 3.788700 24.986390 1.009942 35.226350 -0.374757 0.970230
Cyclist -1 -1 -10 973.000000 193.000000 1085.000000 253.000000 1.758799 0.682790 1.670883 9.853362 1.686655 17.240956 3.581692 0.958835
Pedestrian -1 -1 -10 1008.000000 172.000000 1059.000000 254.000000 1.750326 0.574162 0.762432 7.086631 1.378131 11.892815 1.012649 0.793001
Pedestrian -1 -1 -10 396.000000 176.000000 409.000000 201.000000 1.752847 0.554287 0.772564 -11.409716 1.931999 39.330347 -2.350203 0.513693
