Car -1 -1 -10 502.000000 176.000000 567.000000 205.000000 1.480198 1.576893 3.640974 -3.797776 1.619070 35.421616 -1.044695 0.994794
Car -1 -1 -10 356.000000 179.000000 462.000000 225.000000 1.491321 1.586814 3.813611 -6.486961 1.598884 23.445657 1.851155 0.991317
Car -1 -1 -10 225.000000 181.000000 303.000000 212.000000 1.511277 1.607654 3.765202 -16.034634 1.837966 34.478369 -1.381245 0.990890
Car -1 -1 -10 851.000000 168.000000 946.000000 197.000000 1.496262 1.647768 4.059163 14.290417 1.195480 35.160396 -2.762095 0.988980
Car -1 -1 -10 644.000000 168.000000 726.000000 202.000000 1.508503 1.635648 4.022624 3.293001 1.282099 33.988434 2.634520 0.988461
Car -1 -1 -10 876.000000 197.000000 1241.000000 373.000000 1.483406 1.600945 3.893435 3.677764 1.557498 5.708896 -1.563836 0.981101
Pedestrian -1 -1 -10 425.000000 174.000000 446.000000 229.000000 1.734303 0.567283 0.724075 -4.776505 1.735800 19.846519 1.742435 0.979538
Cyclist -1 -1 -10 934.000000 192.000000 981.000000 239.000000 1.710291 0.536265 1.606636 7.688566 1.807498 16.182661 -1.120122 0.882740
Pedestrian -1 -1 -10 958.000000 163.000000 999.000000 220.000000 1.757067 0.609577 0.600100 13.324901 1.652942 26.451392 -1.093693 0.719685
Pedestrian -1 -1 -10 983.000000 165.000000 999.000000 210.000000 1.746826 0.607914 0.606338 12.919778 1.606764 24.861750 -1.085530 0.522684
