Car -1 -1 -10 595.000000 170.000000 679.000000 206.000000 1.499483 1.573916 3.749978 0.946134 1.345679 31.413329 -2.487528 0.996824
Car -1 -1 -10 236.000000 180.000000 377.000000 242.000000 1.496608 1.568191 3.746927 -7.941893 1.709527 19.336511 1.765458 0.996402
Car -1 -1 -10 937.000000 211.000000 1240.000000 372.000000 1.513120 1.608043 3.919547 3.733921 1.601823 4.460355 -1.601399 0.992851
Cyclist -1 -1 -10 962.000000 190.000000 1074.000000 254.000000 1.695428 0.689919 1.802127 7.853266 1.764027 13.884203 0.516764 0.983041
Car -1 -1 -10 545.000000 175.000000 603.000000 203.000000 1.491881 1.610473 3.798851 -1.716408 1.507091 34.994149 -0.927884 0.981438
Pedestrian -1 -1 -10 408.000000 171.000000 429.000000 235.000000 1.739187 0.587447 0.677129 -4.769300 1.582735 18.406046 0.190785 0.980830
Car -1 -1 -10 819.000000 170.000000 904.000000 199.000000 1.503077 1.612504 3.868009 12.069515 1.282457 34.246272 3.019651 0.979729
Car -1 -1 -10 237.000000 180.000000 293.000000 210.000000 1.497852 1.564967 3.579844 -15.036045 1.762357 31.876116 -2.038060 0.837737
Car -1 -1 -10 1086.000000 161.000000 1134.000000 197.000000 1.697266 1.551738 3.468725 25.804005 1.393514 37.466691 1.732518 0.836602
Pedestrian -1 -1 -10 1007.000000 172.000000 1045.000000 251.000000 1.766775 0.584025 0.745638 7.218083 1.480299 12.449743 1.605989 0.630962
