Pedestrian -1 -1 -10 841.000000 146.000000 900.000000 302.000000 1.759813 0.650055 0.850985 2.838010 1.398663 7.960687 -2.272725 0.995281
Car -1 -1 -10 1.000000 214.000000 286.000000 371.000000 1.569062 1.577040 3.718102 -2.635235 1.468882 2.990313 -2.722909 0.994986
Pedestrian -1 -1 -10 736.000000 173.000000 770.000000 267.000000 1.716716 0.569375 0.721022 2.283847 1.528659 11.631706 -0.936951 0.991608
Cyclist -1 -1 -10 789.000000 212.000000 946.000000 308.000000 1.641966 0.680620 1.747190 2.682611 1.567072 7.674871 0.403492 0.991242
Pedestrian -1 -1 -10 781.000000 164.000000 823.000000 280.000000 1.776409 0.628109 0.847601 2.620493 1.587239 10.294771 2.266649 0.983771
Pedestrian -1 -1 -10 167.000000 180.000000 202.000000 299.000000 1.737085 0.598178 0.669966 -6.256851 1.650001 10.397012 1.023054 0.972919
Car -1 -1 -10 81.000000 204.000000 230.000000 276.000000 1.553467 1.635685 3.866370 -9.279806 2.080147 15.538968 1.409195 0.946880
Car -1 -1 -10 402.000000 183.000000 456.000000 213.000000 1.513663 1.590239 3.798085 -9.635919 2.195792 38.185782 1.852270 0.914474
Cyclist -1 -1 -10 964.000000 189.000000 1011.000000 237.000000 1.679005 0.585416 1.558967 14.818877 1.525452 28.772371 1.512961 0.895300
Pedestrian -1 -1 -10 804.000000 150.000000 838.000000 230.000000 1.756383 0.598057 0.586846 8.343161 1.284240 28.700178 2.885230 0.839993
Pedestrian -1 -1 -10 373.000000 173.000000 383.000000 206.000000 1.718550 0.588155 0.640242 -12.484997 2.501568 38.620833 -2.437404 0.536444
