Pedestrian -1 -1 -10 1099.000000 122.000000 1232.000000 371.000000 1.720660 0.599061 0.758857 2.859771 1.126582 3.677065 3.365431 0.998159
Pedestrian -1 -1 -10 917.000000 160.000000 993.000000 374.000000 1.749083 0.584781 0.770892 2.598563 1.475538 5.439128 3.093928 0.997291
Pedestrian -1 -1 -10 811.000000 178.000000 867.000000 329.000000 1.706782 0.582892 0.731059 2.311369 1.569920 7.363122 -0.809323 0.997102
Car -1 -1 -10 602.000000 181.000000 630.000000 206.000000 1.519412 1.595616 3.820266 0.141854 1.988062 45.969489 -1.582197 0.985287
Car -1 -1 -10 345.000000 191.000000 418.000000 228.000000 1.554865 1.601639 3.784891 -9.354566 2.406887 29.954636 1.849164 0.971921
Cyclist -1 -1 -10 984.000000 229.000000 1184.000000 371.000000 1.650990 0.741580 1.763686 2.550097 1.409973 3.805112 3.370725 0.966688
Cyclist -1 -1 -10 843.000000 239.000000 1042.000000 347.000000 1.680158 0.576577 1.742690 2.213712 1.433905 4.985811 0.552576 0.894398
Pedestrian -1 -1 -10 939.000000 142.000000 997.000000 244.000000 1.798479 0.620738 0.724795 4.453605 1.265023 9.016205 -1.104840 0.798069
Pedestrian -1 -1 -10 35.000000 202.000000 55.000000 245.000000 1.687119 0.522730 0.764736 -14.359684 2.045762 18.275577 -3.685998 0.717307
Pedestrian -1 -1 -10 127.000000 191.000000 140.000000 233.000000 1.716738 0.605272 0.679796 -16.657698 1.603348 25.092890 0.974540 0.611733
Pedestrian -1 -1 -10 933.000000 143.000000 983.000000 214.000000 1.802713 0.605992 0.661098 8.909272 0.875514 18.567092 3.031510 0.507404
