Car -1 -1 -10 254.000000 182.000000 482.000000 339.000000 1.568936 1.628546 3.872866 -2.748473 1.650177 9.125929 -1.577605 0.996083
Car -1 -1 -10 0.000000 199.000000 81.000000 278.000000 1.538401 1.647088 4.004685 -13.010023 2.277927 14.842284 -3.358044 0.988034
Pedestrian -1 -1 -10 680.000000 172.000000 695.000000 231.000000 1.771798 0.603816 0.742939 1.998296 2.121461 18.376770 -1.466572 0.946391
Pedestrian -1 -1 -10 725.000000 161.000000 758.000000 243.000000 1.727569 0.644662 0.817445 2.676514 1.421249 15.137469 2.814587 0.911748
Car -1 -1 -10 590.000000 174.000000 618.000000 199.000000 1.548709 1.604295 3.776242 -0.445731 1.696488 45.583127 -3.103221 0.910374
Cyclist -1 -1 -10 706.000000 195.000000 774.000000 245.000000 1.692377 0.607365 1.698120 2.814989 1.462617 15.048977 0.656906 0.909099
Pedestrian -1 -1 -10 702.000000 168.000000 726.000000 237.000000 1.772469 0.607575 0.767354 2.248352 1.941703 15.882653 -1.409971 0.908868
Pedestrian -1 -1 -10 720.000000 161.000000 737.000000 203.000000 1.801565 0.597087 0.685520 4.533171 1.256811 27.890991 -1.412034 0.665184
Pedestrian -1 -1 -10 719.000000 160.000000 740.000000 236.000000 1.761029 0.613141 0.788089 2.433791 1.797734 15.637587 2.756837 0.594010
Pedestrian -1 -1 -10 747.000000 164.000000 764.000000 202.000000 1.800465 0.595779 0.665910 5.477080 1.180726 27.300708 2.812832 0.555098
