Cyclist -1 -1 -10 822.000000 218.000000 1022.000000 336.000000 1.637756 0.655463 1.740399 2.734117 1.530269 6.361076 0.467450 0.997092
Pedestrian -1 -1 -10 891.000000 136.000000 969.000000 335.000000 1.771073 0.623594 0.839790 2.922557 1.404782 6.631182 3.012399 0.995751
Pedestrian -1 -1 -10 84.000000 177.000000 135.000000 325.000000 1.743136 0.612442 0.733569 -5.421633 1.665358 8.067413 -0.152407 0.988730
Pedestrian -1 -1 -10 751.000000 171.000000 793.000000 278.000000 1.704415 0.567786 0.692290 2.282601 1.435625 10.152838 -0.926816 0.986264
Car -1 -1 -10 0.000000 200.000000 187.000000 297.000000 1.582849 1.654343 3.888065 -9.154821 2.090094 13.373923 1.430842 0.984077
Pedestrian -1 -1 -10 809.000000 161.000000 858.000000 282.000000 1.760043 0.615384 0.768646 2.900878 1.410452 9.447339 0.388625 0.977453
Car -1 -1 -10 388.000000 183.000000 443.000000 216.000000 1.521218 1.608227 3.835749 -9.451192 2.274455 35.543004 1.845313 0.915096
Car -1 -1 -10 600.000000 174.000000 629.000000 199.000000 1.543842 1.604608 3.787922 0.279248 1.637801 45.381132 -3.110927 0.882088
Cyclist -1 -1 -10 1002.000000 190.000000 1059.000000 243.000000 1.692934 0.634474 1.750528 7.866894 1.528084 13.519222 3.600963 0.871206
Pedestrian -1 -1 -10 838.000000 146.000000 874.000000 245.000000 1.777418 0.601515 0.651101 9.180072 1.076215 26.968028 2.934806 0.856562
Pedestrian -1 -1 -10 369.000000 172.000000 380.000000 207.000000 1.818843 0.675166 0.542805 -13.286492 2.982715 40.099142 -2.438455 0.728540
