Pedestrian -1 -1 -10 1023.000000 158.000000 1118.000000 372.000000 1.698575 0.566481 0.739303 2.517342 1.197688 3.922879 1.062945 0.997615
Pedestrian -1 -1 -10 856.000000 181.000000 934.000000 365.000000 1.703676 0.587761 0.762842 2.308985 1.576958 5.918759 -0.749031 0.997232
Cyclist -1 -1 -10 912.000000 248.000000 1211.000000 370.000000 1.694184 0.553466 1.700831 2.379485 1.354941 3.726548 2.719167 0.986871
Car -1 -1 -10 602.000000 184.000000 630.000000 210.000000 1.533863 1.606990 3.862516 0.403495 2.018761 45.545623 0.010222 0.978094
Car -1 -1 -10 318.000000 197.000000 395.000000 237.000000 1.486943 1.612544 3.973135 -9.527444 2.535123 27.630029 1.708382 0.950826
Cyclist -1 -1 -10 909.000000 235.000000 1003.000000 369.000000 1.704271 0.603345 1.733574 2.617456 1.621737 5.015091 3.391043 0.937339
Pedestrian -1 -1 -10 1023.000000 137.000000 1066.000000 226.000000 1.781493 0.600188 0.620685 11.754038 1.039665 19.609464 3.136263 0.804265
Car -1 -1 -10 361.000000 190.000000 403.000000 218.000000 1.607285 1.526317 3.282059 -13.732049 1.686313 43.388331 -1.889530 0.741742
Cyclist -1 -1 -10 1181.000000 199.000000 1238.000000 285.000000 1.720198 0.535080 1.614480 8.301005 1.677921 10.094128 -1.375720 0.708720
Pedestrian -1 -1 -10 45.000000 203.000000 68.000000 244.000000 1.687392 0.511529 0.768386 -14.637017 2.049332 18.995092 -3.671343 0.676799
Car -1 -1 -10 336.000000 192.000000 402.000000 227.000000 1.506945 1.599654 3.763286 -9.116746 2.682367 26.771634 1.798921 0.634033
