Car -1 -1 -10 404.000000 177.000000 519.000000 265.000000 1.566889 1.644914 3.944041 -2.952498 1.587263 14.643028 -1.603861 0.992931
Pedestrian -1 -1 -10 688.000000 158.000000 713.000000 219.000000 1.756682 0.607986 0.781706 2.596352 1.288097 20.711796 2.755439 0.928051
Pedestrian -1 -1 -10 657.000000 168.000000 675.000000 217.000000 1.729875 0.610638 0.659155 2.249043 1.533910 30.012287 1.649457 0.909015
Car -1 -1 -10 584.000000 171.000000 613.000000 196.000000 1.553538 1.611432 3.831862 -0.720702 1.487058 45.932485 -0.612999 0.899419
Pedestrian -1 -1 -10 672.000000 167.000000 692.000000 217.000000 1.737538 0.564953 0.711694 2.132209 1.421953 22.190220 1.168356 0.855976
Pedestrian -1 -1 -10 3.000000 191.000000 17.000000 216.000000 1.732941 0.597168 0.605370 -26.487826 2.465541 31.835341 -2.808856 0.839151
Cyclist -1 -1 -10 680.000000 187.000000 722.000000 222.000000 1.703726 0.558032 1.582972 4.117392 1.609913 34.085181 -1.469318 0.799443
Car -1 -1 -10 191.000000 186.000000 288.000000 237.000000 1.529153 1.591077 3.818552 -12.641893 2.068935 24.386424 1.645356 0.789805
Pedestrian -1 -1 -10 675.000000 163.000000 706.000000 218.000000 1.733375 0.569183 0.748115 2.539866 1.273234 20.681727 2.771554 0.641796
Pedestrian -1 -1 -10 120.000000 179.000000 138.000000 209.000000 1.725151 0.601482 0.634454 -17.138880 1.517417 25.579298 0.969989 0.552901
Pedestrian -1 -1 -10 119.000000 180.000000 142.000000 228.000000 1.742181 0.608760 0.800951 -15.991956 1.953583 24.110753 2.047900 0.523576
