Car -1 -1 -10 1173.000000 157.000000 1241.000000 269.000000 1.666353 1.640348 3.771833 11.483547 1.415233 12.053890 1.598411 0.990759
Pedestrian -1 -1 -10 978.000000 167.000000 1031.000000 314.000000 1.795190 0.713580 0.867362 4.630651 1.545734 8.492512 1.546161 0.988953
Pedestrian -1 -1 -10 1000.000000 165.000000 1038.000000 283.000000 1.766423 0.605524 0.662732 6.093139 1.437299 10.856292 -1.069155 0.904764
Cyclist -1 -1 -10 220.000000 201.000000 291.000000 257.000000 1.680371 0.596686 1.749697 -7.626288 1.869764 15.614919 -0.491106 0.871724
Pedestrian -1 -1 -10 860.000000 171.000000 882.000000 227.000000 1.743908 0.612237 0.658754 9.837029 1.556315 27.559935 -1.230278 0.862202
Cyclist -1 -1 -10 251.000000 204.000000 298.000000 256.000000 1.721019 0.534444 1.589286 -6.874703 1.822940 14.505345 -2.531395 0.813878
Car -1 -1 -10 1103.000000 157.000000 1209.000000 243.000000 1.842883 1.679751 4.097747 12.647643 1.567301 18.337117 2.784752 0.796310
Pedestrian -1 -1 -10 562.000000 197.000000 591.000000 236.000000 1.744428 0.610484 0.676798 -0.860730 1.748358 17.100592 1.515702 0.765494
Car -1 -1 -10 589.000000 179.000000 696.000000 232.000000 1.488912 1.509449 3.282946 1.431569 1.897995 33.848178 2.166555 0.739512
Cyclist -1 -1 -10 986.000000 235.000000 1020.000000 320.000000 1.711416 0.570813 1.642491 4.259095 1.999729 7.818925 -1.540083 0.686224
