Car -1 -1 -10 792.000000 190.000000 896.000000 256.000000 1.505702 1.610137 3.776282 5.588938 1.824723 17.481569 -0.881043 0.995365
Pedestrian -1 -1 -10 749.000000 183.000000 787.000000 269.000000 1.712614 0.564024 0.711082 2.837330 1.791171 12.826544 -0.928945 0.990420
Car -1 -1 -10 1.000000 213.000000 132.000000 319.000000 1.498352 1.623535 4.049828 -7.677190 1.757762 7.865286 -0.086590 0.986030
Car -1 -1 -10 683.000000 182.000000 737.000000 224.000000 1.522062 1.614389 3.879185 3.761404 1.841103 27.798458 1.482221 0.983727
Car -1 -1 -10 727.000000 188.000000 797.000000 236.000000 1.519244 1.599782 3.822824 5.237460 2.106982 23.033026 2.315548 0.973257
Car -1 -1 -10 472.000000 179.000000 535.000000 226.000000 1.496587 1.616468 3.926717 -3.524536 1.642485 23.557614 1.546547 0.970191
Car -1 -1 -10 594.000000 171.000000 637.000000 212.000000 1.597238 1.605609 3.633948 0.304388 1.726611 33.482786 -1.604557 0.953967
Car -1 -1 -10 659.000000 184.000000 692.000000 216.000000 1.507517 1.616311 3.695590 3.170738 2.015216 35.532352 -1.558508 0.940854
Car -1 -1 -10 646.000000 183.000000 683.000000 212.000000 1.488626 1.602984 3.797355 2.978138 2.026197 37.805265 2.174851 0.878455
Pedestrian -1 -1 -10 67.000000 180.000000 99.000000 243.000000 1.707322 0.564305 0.752273 -11.116076 1.756209 15.329908 2.051071 0.837483
Car -1 -1 -10 637.000000 180.000000 654.000000 206.000000 1.517951 1.510108 3.289666 1.837272 1.847463 40.223086 -2.215658 0.771571
Car -1 -1 -10 726.000000 190.000000 755.000000 236.000000 1.521495 1.588942 3.780622 4.530269 2.071798 24.616016 1.245515 0.627158
Car -1 -1 -10 491.000000 177.000000 537.000000 212.000000 1.510838 1.538429 3.323664 -5.295460 1.721154 38.529954 -1.021794 0.578448
Car -1 -1 -10 770.000000 190.000000 799.000000 232.000000 1.499958 1.494994 3.230695 6.620473 1.823228 27.575321 2.324469 0.540499
