Car -1 -1 -10 865.000000 188.000000 962.000000 244.000000 1.472002 1.588703 3.787744 8.937676 1.809641 20.501564 -0.708301 0.996219
Pedestrian -1 -1 -10 814.000000 181.000000 849.000000 272.000000 1.699447 0.563810 0.720784 3.792984 1.685591 12.290260 2.990921 0.991645
Car -1 -1 -10 786.000000 182.000000 824.000000 217.000000 1.471404 1.550340 3.566373 8.622129 1.910009 31.781656 1.774522 0.962265
Car -1 -1 -10 838.000000 188.000000 875.000000 230.000000 1.462071 1.589729 3.795784 8.773209 1.905678 24.121876 1.441608 0.959695
Car -1 -1 -10 712.000000 172.000000 758.000000 215.000000 1.597542 1.578293 3.770891 5.420529 1.713392 31.755473 -1.420066 0.949029
Car -1 -1 -10 601.000000 178.000000 654.000000 220.000000 1.511355 1.616052 3.872343 0.843555 1.763287 27.586443 1.704921 0.947740
Car -1 -1 -10 227.000000 202.000000 279.000000 255.000000 1.513189 1.464993 3.196355 -6.560154 1.777411 12.846140 0.527770 0.922924
Car -1 -1 -10 763.000000 184.000000 792.000000 213.000000 1.474949 1.616580 3.763858 8.423253 1.934697 35.450595 1.213454 0.837236
Pedestrian -1 -1 -10 327.000000 183.000000 348.000000 222.000000 1.728835 0.613772 0.669880 -8.322405 1.746715 21.903824 1.205426 0.680813
Cyclist -1 -1 -10 817.000000 227.000000 848.000000 287.000000 1.706425 0.484633 1.528459 4.304791 2.012803 14.495567 -1.865343 0.603932
Car -1 -1 -10 756.000000 184.000000 781.000000 209.000000 1.498570 1.601518 3.832605 8.313926 1.864614 37.516787 2.280869 0.602986
Pedestrian -1 -1 -10 604.000000 171.000000 616.000000 196.000000 1.793387 0.557180 0.823725 -0.083593 1.476713 41.941771 0.746355 0.545670
