Car -1 -1 -10 718.000000 187.000000 868.000000 301.000000 1.513372 1.646932 3.838338 2.908804 1.651189 10.996689 -1.189876 0.997020
Pedestrian -1 -1 -10 541.000000 182.000000 578.000000 272.000000 1.697569 0.588384 0.716399 -0.922785 1.835140 13.150499 1.513203 0.996995
Car -1 -1 -10 601.000000 188.000000 719.000000 266.000000 1.485543 1.581097 3.594218 1.222947 1.778393 14.709720 -1.857077 0.994857
Car -1 -1 -10 188.000000 197.000000 314.000000 275.000000 1.480520 1.609283 3.841774 -7.623724 2.036759 15.762995 1.419537 0.993704
Car -1 -1 -10 273.000000 187.000000 346.000000 243.000000 1.558243 1.607302 3.746319 -9.006736 1.954054 21.942061 -1.826282 0.982427
Car -1 -1 -10 423.000000 177.000000 461.000000 214.000000 1.571773 1.575810 3.611399 -7.803976 1.861364 34.302995 -1.840672 0.945303
Car -1 -1 -10 558.000000 183.000000 615.000000 238.000000 1.531101 1.621474 3.639898 -0.617871 1.842617 20.992642 3.090064 0.941828
Car -1 -1 -10 484.000000 184.000000 505.000000 216.000000 1.521254 1.525193 3.420469 -5.085232 1.671672 34.268145 -2.379058 0.926528
Car -1 -1 -10 488.000000 185.000000 529.000000 219.000000 1.481390 1.600848 3.798678 -5.074367 2.035354 34.822683 -1.821149 0.915771
Car -1 -1 -10 510.000000 185.000000 547.000000 226.000000 1.508782 1.614189 3.732093 -3.090290 1.946422 27.912844 -1.769117 0.904088
Cyclist -1 -1 -10 548.000000 221.000000 573.000000 276.000000 1.724455 0.543602 1.621250 -1.037265 1.795319 13.330615 -1.123533 0.829765
Car -1 -1 -10 321.000000 187.000000 349.000000 219.000000 1.503602 1.501800 3.256127 -12.052973 1.919369 31.381385 -1.959399 0.736222
Car -1 -1 -10 514.000000 183.000000 610.000000 232.000000 1.480262 1.600914 3.778136 -1.782584 1.983037 25.323297 1.026781 0.720554
Car -1 -1 -10 303.000000 167.000000 379.000000 211.000000 1.501967 1.542078 3.390518 -12.698402 1.931011 34.018710 -2.607752 0.642777
Car -1 -1 -10 233.000000 189.000000 327.000000 257.000000 1.495997 1.610922 3.794826 -8.062712 2.000206 17.533298 -1.783665 0.543530
Car -1 -1 -10 342.000000 170.000000 381.000000 209.000000 1.854073 1.647951 4.027450 -16.366499 1.993530 46.836005 1.840623 0.506361
