Pedestrian -1 -1 -10 531.000000 184.000000 567.000000 272.000000 1.689081 0.569561 0.674696 -1.124420 1.850540 13.099967 -2.107209 0.997542
Car -1 -1 -10 725.000000 187.000000 883.000000 308.000000 1.535420 1.649528 3.878762 2.950996 1.660722 10.474615 -1.188214 0.995771
Car -1 -1 -10 176.000000 201.000000 305.000000 282.000000 1.459979 1.608194 3.860180 -7.647747 2.063561 15.272836 1.318939 0.993483
Car -1 -1 -10 601.000000 190.000000 728.000000 272.000000 1.467320 1.563952 3.565598 1.007906 1.735853 14.193710 -1.860401 0.992842
Car -1 -1 -10 552.000000 183.000000 614.000000 240.000000 1.481268 1.577249 3.487194 -0.872746 1.776273 19.703621 2.107255 0.982626
Car -1 -1 -10 261.000000 188.000000 338.000000 249.000000 1.586326 1.610073 3.775339 -9.040455 2.043501 21.221930 -1.821705 0.981736
Car -1 -1 -10 484.000000 184.000000 506.000000 218.000000 1.518366 1.508174 3.441350 -5.455923 2.218303 31.171687 -2.391596 0.941932
Car -1 -1 -10 421.000000 178.000000 458.000000 216.000000 1.594284 1.602660 3.646250 -7.915869 1.966837 34.624986 0.768885 0.930097
Cyclist -1 -1 -10 538.000000 223.000000 563.000000 277.000000 1.712778 0.533243 1.610223 -1.152382 1.793648 13.086753 -1.130219 0.909373
Car -1 -1 -10 497.000000 187.000000 531.000000 225.000000 1.503112 1.567165 3.597725 -3.184816 1.930145 28.020456 1.949927 0.905073
Car -1 -1 -10 316.000000 190.000000 344.000000 234.000000 1.506820 1.502759 3.268575 -11.558199 1.947855 29.672495 -1.954525 0.866614
Car -1 -1 -10 864.000000 174.000000 907.000000 201.000000 1.512027 1.519107 3.308677 13.401491 1.526624 35.313207 1.407893 0.861324
Car -1 -1 -10 489.000000 186.000000 519.000000 221.000000 1.480100 1.599200 3.791657 -5.015155 1.948718 35.348505 -1.032867 0.832674
Car -1 -1 -10 465.000000 184.000000 493.000000 209.000000 1.474966 1.639261 3.802045 -7.760248 2.185815 43.665111 -1.745180 0.798102
Car -1 -1 -10 302.000000 171.000000 377.000000 212.000000 1.521254 1.525193 3.420469 -17.167343 1.334007 44.065124 -2.578761 0.736786
