Car -1 -1 -10 714.000000 186.000000 859.000000 292.000000 1.504091 1.639386 3.845448 2.971238 1.632502 11.548276 -1.157897 0.996807
Car -1 -1 -10 604.000000 188.000000 720.000000 262.000000 1.484120 1.569254 3.521498 1.127631 1.760657 15.188425 -1.870534 0.994091
Pedestrian -1 -1 -10 554.000000 180.000000 590.000000 272.000000 1.707265 0.581854 0.735637 -0.658696 1.784154 13.104275 2.634777 0.993922
Car -1 -1 -10 214.000000 192.000000 329.000000 267.000000 1.498162 1.611074 3.820354 -7.614347 1.991143 16.460599 1.367086 0.991930
Car -1 -1 -10 285.000000 184.000000 353.000000 243.000000 1.569572 1.604214 3.704853 -8.902649 1.933648 22.230973 -1.809967 0.978393
Car -1 -1 -10 490.000000 184.000000 536.000000 216.000000 1.442296 1.576853 3.756989 -4.738567 1.961475 34.139610 -1.830379 0.963591
Car -1 -1 -10 428.000000 174.000000 467.000000 213.000000 1.619897 1.613283 3.816697 -7.790219 1.848507 35.011552 0.821040 0.903185
Car -1 -1 -10 515.000000 185.000000 553.000000 225.000000 1.553382 1.591450 3.722646 -1.663869 1.964953 25.936860 -1.009401 0.880269
Car -1 -1 -10 541.000000 180.000000 615.000000 229.000000 1.588603 1.603949 3.753921 -1.143657 1.958495 25.245436 -1.037210 0.857072
Car -1 -1 -10 489.000000 182.000000 511.000000 213.000000 1.500845 1.500408 3.323008 -5.567983 1.962612 36.788597 -1.047919 0.855912
Cyclist -1 -1 -10 562.000000 225.000000 585.000000 273.000000 1.704071 0.471047 1.508306 -0.827025 2.031600 13.775997 -1.551140 0.709192
Car -1 -1 -10 328.000000 184.000000 355.000000 233.000000 1.498113 1.502014 3.256742 -12.185230 1.908388 32.488843 1.730890 0.647297
Car -1 -1 -10 330.000000 167.000000 385.000000 206.000000 1.698526 1.620789 3.837545 -15.996954 1.917754 46.739694 1.750357 0.560919
Car -1 -1 -10 274.000000 189.000000 328.000000 249.000000 1.542191 1.607873 3.797702 -8.763283 1.870552 20.139053 -2.005894 0.501161
