Pedestrian -1 -1 -10 514.000000 181.000000 549.000000 269.000000 1.693370 0.556955 0.646563 -1.393580 1.727680 13.006450 0.357257 0.997510
Car -1 -1 -10 768.000000 182.000000 957.000000 327.000000 1.543639 1.668159 3.919237 2.956239 1.579763 8.341546 -1.232546 0.996642
Car -1 -1 -10 609.000000 186.000000 763.000000 282.000000 1.501030 1.579263 3.590190 1.385335 1.662317 12.252025 -1.848368 0.995170
Car -1 -1 -10 124.000000 200.000000 284.000000 297.000000 1.518328 1.579436 3.684997 -7.391605 2.078308 13.728823 1.471925 0.992899
Car -1 -1 -10 244.000000 185.000000 322.000000 257.000000 1.659188 1.621993 3.715959 -8.866400 2.087264 19.355406 -1.879787 0.983024
Car -1 -1 -10 310.000000 189.000000 341.000000 237.000000 1.503976 1.500565 3.256069 -12.276924 1.931521 31.060946 -1.958939 0.981713
Car -1 -1 -10 545.000000 179.000000 629.000000 246.000000 1.579609 1.611204 3.744006 -0.588476 1.733804 18.699754 -2.018615 0.981460
Car -1 -1 -10 488.000000 180.000000 509.000000 216.000000 1.502990 1.617654 3.863728 -3.431325 1.894028 31.022570 0.814972 0.971244
Car -1 -1 -10 425.000000 174.000000 462.000000 212.000000 1.572567 1.633354 3.812356 -7.500524 1.793845 35.084055 -0.295593 0.951625
Car -1 -1 -10 499.000000 184.000000 521.000000 222.000000 1.531248 1.528903 3.510011 -4.100924 2.102434 29.109489 0.876523 0.948083
Car -1 -1 -10 475.000000 182.000000 494.000000 207.000000 1.476530 1.592581 3.753213 -7.494394 2.011697 44.720010 -1.826675 0.930228
Car -1 -1 -10 481.000000 179.000000 505.000000 207.000000 1.504293 1.512659 3.267606 -6.499748 1.909978 39.334177 1.925587 0.734618
Car -1 -1 -10 332.000000 167.000000 383.000000 211.000000 1.787607 1.645429 3.887229 -14.801815 1.971698 42.262727 0.692259 0.575610
Cyclist -1 -1 -10 527.000000 224.000000 546.000000 277.000000 1.713346 0.489345 1.553663 -1.443342 1.971576 12.884703 -1.608920 0.564033
