Pedestrian -1 -1 -10 572.000000 172.000000 606.000000 250.000000 1.694100 0.574449 0.662733 -0.427980 1.531497 13.004149 -2.089783 0.998403
Car -1 -1 -10 656.000000 176.000000 747.000000 262.000000 1.547288 1.602543 3.867365 1.884458 1.615867 14.988680 1.494179 0.996793
Car -1 -1 -10 326.000000 190.000000 394.000000 261.000000 1.465801 1.584253 3.682413 -5.854632 1.893800 15.576174 1.694503 0.996080
Car -1 -1 -10 713.000000 175.000000 922.000000 308.000000 1.520886 1.600207 3.663263 2.525119 1.496137 9.439631 -1.668015 0.994946
Car -1 -1 -10 0.000000 213.000000 159.000000 365.000000 1.534201 1.637257 3.891314 -5.790642 1.878303 5.930812 1.563137 0.994719
Car -1 -1 -10 369.000000 182.000000 426.000000 236.000000 1.524345 1.604522 3.548807 -6.349581 1.856586 21.118862 -1.799365 0.994606
Pedestrian -1 -1 -10 1037.000000 152.000000 1095.000000 292.000000 1.720700 0.579174 0.658302 5.493042 1.414207 8.632902 1.646600 0.992314
Pedestrian -1 -1 -10 506.000000 169.000000 519.000000 202.000000 1.775528 0.601838 0.778753 -4.765432 1.821540 35.093808 1.889876 0.962953
Car -1 -1 -10 968.000000 258.000000 1241.000000 373.000000 1.529389 1.618561 3.949476 2.919997 1.510812 2.540559 -1.612642 0.959644
Car -1 -1 -10 636.000000 178.000000 687.000000 238.000000 1.470377 1.584206 3.718698 1.443790 1.634560 21.311679 -1.579296 0.953826
Car -1 -1 -10 418.000000 176.000000 468.000000 209.000000 1.533353 1.598073 3.848284 -8.023339 1.640909 32.734562 0.722528 0.948683
Car -1 -1 -10 131.000000 179.000000 335.000000 310.000000 1.691967 1.608519 3.797880 -5.530949 1.787872 10.930449 1.547853 0.926682
Car -1 -1 -10 611.000000 173.000000 632.000000 207.000000 1.558136 1.584855 3.692749 0.645240 1.995933 35.250669 -0.926813 0.916617
Car -1 -1 -10 616.000000 171.000000 647.000000 211.000000 1.527669 1.608901 3.634465 1.144172 1.611607 34.027740 -1.562200 0.907177
Car -1 -1 -10 622.000000 172.000000 657.000000 221.000000 1.503573 1.618764 3.758267 1.289070 1.620757 30.377794 -1.582116 0.873702
Car -1 -1 -10 551.000000 162.000000 582.000000 198.000000 1.583041 1.577018 3.816922 -2.469354 1.188813 40.543487 -1.650891 0.867703
Cyclist -1 -1 -10 575.000000 214.000000 601.000000 272.000000 1.712608 0.566558 1.626649 -0.483206 1.480754 13.183912 -1.613198 0.720087
Car -1 -1 -10 631.000000 176.000000 673.000000 222.000000 1.483092 1.616834 3.712056 1.426570 1.663087 25.405263 -1.610569 0.681992
Car -1 -1 -10 607.000000 172.000000 625.000000 202.000000 1.501162 1.589255 3.712655 0.547710 1.429948 36.669309 2.140571 0.550536
Car -1 -1 -10 597.000000 170.000000 615.000000 198.000000 1.522967 1.549425 3.374667 -0.331641 1.147196 39.532776 -2.631221 0.503886
