Cyclist -1 -1 -10 908.000000 190.000000 1006.000000 251.000000 1.691549 0.582696 1.727553 7.196139 1.414676 14.596774 0.539796 0.998383
Pedestrian -1 -1 -10 805.000000 167.000000 897.000000 362.000000 1.715001 0.623647 0.784317 1.979184 1.617925 6.105383 2.945219 0.997989
Cyclist -1 -1 -10 1114.000000 198.000000 1234.000000 259.000000 1.758633 0.682259 1.664007 13.867135 1.695956 17.960698 3.731296 0.997610
Cyclist -1 -1 -10 801.000000 248.000000 919.000000 368.000000 1.669402 0.480568 1.650105 2.090176 1.715114 5.774261 -1.810302 0.983529
Cyclist -1 -1 -10 655.000000 191.000000 705.000000 231.000000 1.714137 0.627299 1.570337 2.559408 1.503477 28.285713 -0.888269 0.944413
Car -1 -1 -10 285.000000 161.000000 421.000000 266.000000 1.731225 1.658950 4.106807 -5.342655 1.697953 14.820807 -2.200343 0.923714
Car -1 -1 -10 433.000000 172.000000 481.000000 210.000000 1.571614 1.599867 3.805599 -7.496657 1.495492 33.939306 1.802282 0.818331
Cyclist -1 -1 -10 456.000000 201.000000 501.000000 240.000000 1.713929 0.572063 1.565328 -4.557948 1.756680 24.429609 -1.201810 0.784644
Cyclist -1 -1 -10 423.000000 200.000000 454.000000 238.000000 1.710188 0.566147 1.572179 -4.832913 1.859298 19.964389 -1.277104 0.682737
Pedestrian -1 -1 -10 154.000000 188.000000 171.000000 217.000000 1.734094 0.541071 0.804436 -20.543745 1.436108 33.125411 -3.562392 0.562342
