Pedestrian -1 -1 -10 842.000000 179.000000 884.000000 268.000000 1.666456 0.602799 0.701923 4.150691 1.664504 11.889389 -0.821713 0.995408
Car -1 -1 -10 953.000000 190.000000 976.000000 226.000000 1.535307 1.567978 3.671784 15.082251 2.444055 31.059284 -1.746447 0.986679
Pedestrian -1 -1 -10 316.000000 167.000000 366.000000 254.000000 1.797091 0.620596 0.754104 -4.811947 1.367713 12.893921 -1.927082 0.981842
Car -1 -1 -10 926.000000 184.000000 966.000000 217.000000 1.497782 1.571451 3.631904 14.933444 2.005960 31.678233 -1.138053 0.976623
Car -1 -1 -10 750.000000 180.000000 800.000000 217.000000 1.543813 1.585987 3.798389 6.962753 2.064144 30.669821 2.208771 0.967921
Cyclist -1 -1 -10 843.000000 225.000000 869.000000 284.000000 1.713788 0.543865 1.610924 4.071894 1.703147 12.194255 -1.754947 0.940370
Car -1 -1 -10 868.000000 173.000000 911.000000 223.000000 1.585045 1.599176 3.625900 10.881895 1.770255 27.609445 2.397852 0.874531
Car -1 -1 -10 909.000000 185.000000 932.000000 211.000000 1.498593 1.590482 3.727123 16.343204 1.966105 37.141064 -1.177910 0.787527
Car -1 -1 -10 963.000000 139.000000 1242.000000 370.000000 1.810607 1.649862 4.068573 4.717186 1.646153 6.487936 -1.370158 0.763045
Car -1 -1 -10 769.000000 176.000000 800.000000 201.000000 1.521853 1.536839 3.341452 9.518940 1.860131 39.489558 -0.678375 0.606921
