Cyclist -1 -1 -10 1042.000000 197.000000 1181.000000 272.000000 1.712770 0.567195 1.623001 8.668767 1.173803 12.622958 -0.981318 0.999439
Pedestrian -1 -1 -10 778.000000 177.000000 858.000000 336.000000 1.670715 0.615170 0.711158 1.821604 1.618490 6.640216 -2.335891 0.997369
Cyclist -1 -1 -10 772.000000 253.000000 882.000000 369.000000 1.681092 0.500722 1.693059 1.958535 1.764504 6.386164 0.786786 0.991201
Car -1 -1 -10 482.000000 174.000000 541.000000 212.000000 1.540659 1.582910 3.582501 -4.468132 1.608833 32.450284 2.016484 0.951473
Cyclist -1 -1 -10 727.000000 195.000000 783.000000 239.000000 1.717047 0.532668 1.582216 3.385965 1.806683 17.643749 -1.410284 0.946446
Car -1 -1 -10 205.000000 192.000000 253.000000 219.000000 1.503466 1.520396 3.400223 -19.048698 1.935108 35.890936 -2.712596 0.816767
Cyclist -1 -1 -10 505.000000 207.000000 549.000000 251.000000 1.701011 0.572584 1.652477 -1.721754 2.291695 15.669173 -1.162031 0.786546
Cyclist -1 -1 -10 477.000000 205.000000 503.000000 247.000000 1.703769 0.506183 1.527802 -2.870743 1.874904 16.506479 -1.693452 0.751813
Cyclist -1 -1 -10 754.000000 199.000000 785.000000 242.000000 1.712583 0.611644 1.584916 4.156512 1.797881 18.963912 -0.802235 0.640175
Car -1 -1 -10 281.000000 165.000000 412.000000 264.000000 1.712915 1.672631 4.175795 -5.905763 1.788637 16.028327 -2.161103 0.556010
