Car -1 -1 -10 1.000000 201.000000 263.000000 347.000000 1.518263 1.580498 3.724891 -6.237347 1.989222 9.599062 1.485547 0.998121
Pedestrian -1 -1 -10 535.000000 178.000000 569.000000 260.000000 1.669589 0.592018 0.599619 -1.051755 1.644007 13.058210 -1.656171 0.997779
Car -1 -1 -10 1164.000000 232.000000 1242.000000 375.000000 1.542224 1.599288 3.807468 3.741726 1.652113 5.142890 -0.920424 0.996889
Car -1 -1 -10 333.000000 193.000000 373.000000 248.000000 1.564629 1.579019 3.676252 -8.058435 1.640674 19.381840 -2.576667 0.994327
Car -1 -1 -10 585.000000 181.000000 639.000000 241.000000 1.543805 1.598605 3.599952 -0.003517 1.788979 22.143854 -1.654104 0.993467
Car -1 -1 -10 718.000000 188.000000 1041.000000 366.000000 1.488771 1.571661 3.622543 2.418706 1.563795 7.235606 -1.704390 0.991825
Car -1 -1 -10 345.000000 188.000000 391.000000 232.000000 1.471279 1.611961 3.694997 -8.284377 1.934616 24.658291 -1.851608 0.991105
Car -1 -1 -10 622.000000 174.000000 742.000000 264.000000 1.524434 1.576076 3.599982 1.283769 1.579534 14.220885 -1.780196 0.990058
Car -1 -1 -10 228.000000 181.000000 344.000000 279.000000 1.652307 1.605621 3.687407 -6.760365 1.958410 14.867750 1.463492 0.974426
Pedestrian -1 -1 -10 810.000000 162.000000 839.000000 194.000000 1.789249 0.589995 0.618270 8.271087 1.247753 28.123742 2.898282 0.970508
Car -1 -1 -10 491.000000 169.000000 524.000000 206.000000 1.609778 1.618822 3.674149 -5.505956 1.597740 36.275273 -2.276205 0.930963
Car -1 -1 -10 569.000000 182.000000 602.000000 226.000000 1.496120 1.500756 3.253739 -1.323887 1.878997 36.134574 2.051956 0.872043
Car -1 -1 -10 376.000000 181.000000 422.000000 211.000000 1.513167 1.608593 3.838302 -11.080525 1.915395 37.346224 0.677705 0.832640
Cyclist -1 -1 -10 540.000000 215.000000 564.000000 273.000000 1.723947 0.563517 1.646870 -1.179252 1.716383 13.486796 -2.184667 0.669878
Car -1 -1 -10 566.000000 179.000000 597.000000 210.000000 1.515962 1.602938 3.706507 -1.536087 1.672065 35.161459 -1.628397 0.502927
