Car -1 -1 -10 902.000000 181.000000 1240.000000 371.000000 1.490151 1.650745 3.833688 3.616290 1.410484 5.688583 -1.074717 0.997532
Pedestrian -1 -1 -10 518.000000 174.000000 553.000000 253.000000 1.660816 0.580769 0.675018 -1.396103 1.567834 13.225967 -1.276867 0.997361
Car -1 -1 -10 79.000000 196.000000 278.000000 313.000000 1.523320 1.578884 3.691661 -6.838906 1.958466 11.762812 1.500791 0.996447
Car -1 -1 -10 654.000000 181.000000 858.000000 303.000000 1.478124 1.576608 3.669386 1.798502 1.544699 9.942020 -1.760996 0.993578
Car -1 -1 -10 579.000000 172.000000 672.000000 248.000000 1.532936 1.550070 3.527966 0.336352 1.526344 16.673017 -1.759310 0.989127
Car -1 -1 -10 321.000000 186.000000 353.000000 237.000000 1.531061 1.542229 3.523705 -8.162647 1.473413 19.971609 -2.583097 0.987771
Car -1 -1 -10 237.000000 179.000000 329.000000 263.000000 1.672315 1.614737 3.726220 -7.679872 1.955355 17.048101 1.436754 0.982502
Cyclist -1 -1 -10 525.000000 208.000000 549.000000 272.000000 1.710896 0.555617 1.638157 -1.220154 1.938116 12.873626 -1.202486 0.949874
Pedestrian -1 -1 -10 421.000000 171.000000 430.000000 198.000000 1.775994 0.564642 0.774220 -10.411128 1.666286 40.497786 0.503627 0.944489
Car -1 -1 -10 454.000000 167.000000 489.000000 204.000000 1.564081 1.589467 3.578288 -6.789778 1.479675 34.455068 0.825147 0.942137
Car -1 -1 -10 547.000000 177.000000 594.000000 228.000000 1.504017 1.523991 3.292014 -1.876268 1.914595 31.284611 -0.950788 0.926727
Car -1 -1 -10 508.000000 174.000000 528.000000 202.000000 1.495756 1.583934 3.706281 -5.744259 1.506876 46.187491 -1.730261 0.917373
Car -1 -1 -10 327.000000 184.000000 364.000000 225.000000 1.520420 1.574198 3.677878 -9.899193 1.883933 26.965939 -1.858513 0.850224
Car -1 -1 -10 504.000000 174.000000 521.000000 199.000000 1.487055 1.580138 3.624538 -6.636188 1.527928 49.154787 -1.738187 0.702870
Car -1 -1 -10 340.000000 157.000000 416.000000 205.000000 1.639199 1.608961 3.771889 -13.002328 1.443688 42.341758 0.618499 0.586070
