Pedestrian -1 -1 -10 859.000000 181.000000 899.000000 279.000000 1.660431 0.585783 0.609386 4.223256 1.751110 11.370093 -0.823475 0.995428
Car -1 -1 -10 804.000000 184.000000 852.000000 220.000000 1.519072 1.600322 3.860112 9.755143 2.100557 32.187836 1.995375 0.985850
Car -1 -1 -10 0.000000 179.000000 61.000000 209.000000 1.498376 1.589964 3.923004 -29.684738 1.899876 38.067722 1.425099 0.972309
Pedestrian -1 -1 -10 422.000000 175.000000 459.000000 285.000000 1.699813 0.569505 0.719414 -2.414639 1.535986 10.036149 -1.387400 0.963415
Car -1 -1 -10 963.000000 186.000000 987.000000 213.000000 1.509311 1.504031 3.312124 16.737861 1.986638 33.079952 2.579104 0.927221
Car -1 -1 -10 911.000000 176.000000 965.000000 228.000000 1.597053 1.600992 3.534818 12.025199 1.836310 26.651836 -1.149923 0.846139
Car -1 -1 -10 986.000000 143.000000 1240.000000 369.000000 1.821187 1.624695 3.960601 5.007849 1.676394 6.627177 -1.440906 0.810128
Pedestrian -1 -1 -10 63.000000 175.000000 89.000000 214.000000 1.729305 0.543452 0.787470 -23.447387 1.506068 31.710791 -3.641952 0.764150
Cyclist -1 -1 -10 861.000000 226.000000 880.000000 288.000000 1.707147 0.444562 1.498157 4.627661 2.142089 13.157930 -1.176151 0.646636
Car -1 -1 -10 979.000000 186.000000 995.000000 211.000000 1.505951 1.493584 3.276429 17.998638 1.869290 34.611726 2.573704 0.553241
