Pedestrian -1 -1 -10 739.000000 178.000000 822.000000 353.000000 1.680616 0.628174 0.695500 1.625472 1.778805 7.041095 -1.805566 0.998717
Cyclist -1 -1 -10 738.000000 258.000000 847.000000 367.000000 1.686015 0.518871 1.686361 1.775813 1.850129 6.869433 0.695366 0.992807
Car -1 -1 -10 522.000000 175.000000 581.000000 214.000000 1.567207 1.619767 3.758311 -2.655000 1.794017 31.708918 2.042136 0.946086
Cyclist -1 -1 -10 505.000000 205.000000 542.000000 255.000000 1.706874 0.547806 1.556994 -2.165718 1.764013 17.081522 -1.703919 0.901525
Cyclist -1 -1 -10 541.000000 210.000000 589.000000 258.000000 1.701808 0.572506 1.665046 -0.912931 2.247260 14.345009 -1.114777 0.885507
Cyclist -1 -1 -10 1188.000000 201.000000 1241.000000 280.000000 1.716462 0.524664 1.582590 9.051805 1.665152 10.918753 -1.355985 0.864701
Cyclist -1 -1 -10 805.000000 200.000000 859.000000 248.000000 1.686229 0.514116 1.671101 4.647352 1.598451 14.864057 -1.803122 0.814075
Pedestrian -1 -1 -10 418.000000 184.000000 428.000000 215.000000 1.649347 0.533119 0.695262 -8.772966 1.701791 33.482897 -3.328426 0.695703
Car -1 -1 -10 256.000000 191.000000 303.000000 216.000000 1.525630 1.586534 3.767613 -15.678181 2.070571 34.589589 -1.402268 0.690077
Car -1 -1 -10 299.000000 170.000000 407.000000 264.000000 1.735185 1.653883 4.117391 -6.003080 1.881480 16.693240 -2.107638 0.613537
