Pedestrian -1 -1 -10 517.000000 183.000000 554.000000 271.000000 1.698418 0.580526 0.657459 -1.339935 1.806234 13.084321 -2.136822 0.997284
Car -1 -1 -10 748.000000 183.000000 923.000000 317.000000 1.515995 1.669282 3.947730 2.935834 1.608983 9.221448 -1.208093 0.996794
Car -1 -1 -10 602.000000 188.000000 747.000000 278.000000 1.506451 1.581528 3.590893 1.312055 1.723537 12.883118 -1.887261 0.993655
Car -1 -1 -10 137.000000 199.000000 290.000000 295.000000 1.510886 1.592245 3.749014 -7.604087 2.128486 14.308587 1.457920 0.991397
Car -1 -1 -10 546.000000 181.000000 621.000000 245.000000 1.561116 1.592848 3.644844 -0.870653 1.778737 18.611530 2.104992 0.985399
Car -1 -1 -10 251.000000 189.000000 323.000000 254.000000 1.594605 1.614255 3.689285 -8.933059 2.047976 20.084433 -1.916181 0.982307
Car -1 -1 -10 310.000000 192.000000 340.000000 236.000000 1.528385 1.565067 3.616008 -10.919806 1.968889 28.520998 0.664357 0.954103
Car -1 -1 -10 485.000000 182.000000 507.000000 219.000000 1.510210 1.618448 3.916711 -3.376364 1.915159 30.652833 -1.056414 0.949080
Car -1 -1 -10 421.000000 178.000000 457.000000 215.000000 1.586649 1.595093 3.689829 -8.311262 1.951489 34.643141 0.789895 0.945163
Car -1 -1 -10 491.000000 184.000000 521.000000 225.000000 1.525712 1.610678 3.767490 -2.602156 1.892832 27.561004 -0.698665 0.901810
Car -1 -1 -10 471.000000 184.000000 490.000000 209.000000 1.441924 1.584615 3.712317 -8.049682 2.181156 45.864508 -1.841479 0.890056
Cyclist -1 -1 -10 527.000000 224.000000 549.000000 280.000000 1.707938 0.533172 1.622328 -1.349765 1.829026 12.732178 -3.201230 0.819991
Car -1 -1 -10 333.000000 172.000000 381.000000 213.000000 1.673761 1.635075 3.835371 -15.548920 2.192759 44.655291 -1.830286 0.672524
Car -1 -1 -10 475.000000 182.000000 500.000000 209.000000 1.469472 1.586120 3.733405 -7.037109 2.164513 42.824129 -1.814501 0.612524
