Car -1 -1 -10 757.000000 191.000000 872.000000 267.000000 1.497186 1.619288 3.793623 4.542608 1.798864 15.833536 -0.992043 0.997416
Pedestrian -1 -1 -10 694.000000 183.000000 732.000000 273.000000 1.685198 0.587341 0.693183 1.862924 1.834531 13.085457 -1.932903 0.996084
Car -1 -1 -10 398.000000 177.000000 471.000000 232.000000 1.499180 1.614041 3.917052 -5.147339 1.721599 21.386712 1.494342 0.990743
Car -1 -1 -10 632.000000 181.000000 691.000000 229.000000 1.511566 1.572249 3.579130 1.941327 1.848751 25.735645 -1.660305 0.986191
Car -1 -1 -10 607.000000 183.000000 644.000000 218.000000 1.507955 1.629751 3.771263 0.823446 1.957520 33.414313 -1.633400 0.960940
Car -1 -1 -10 532.000000 171.000000 575.000000 211.000000 1.582613 1.635074 3.832469 -2.727663 1.720445 34.090367 -1.684989 0.950517
Car -1 -1 -10 680.000000 190.000000 767.000000 242.000000 1.504411 1.606959 3.773074 3.052362 1.834439 18.997917 -2.350892 0.939947
Car -1 -1 -10 591.000000 182.000000 624.000000 212.000000 1.513009 1.590095 3.714080 0.187155 1.974985 37.262955 -0.930771 0.858016
Car -1 -1 -10 583.000000 180.000000 609.000000 210.000000 1.513082 1.526350 3.465512 -0.763084 1.949195 38.584312 -0.933724 0.854038
Car -1 -1 -10 430.000000 173.000000 473.000000 199.000000 1.520873 1.552081 3.336819 -8.501665 1.667234 37.799634 -1.103239 0.802137
Car -1 -1 -10 580.000000 180.000000 595.000000 205.000000 1.523077 1.595741 3.756380 -1.965351 1.762142 38.948343 -2.191861 0.630615
Cyclist -1 -1 -10 702.000000 221.000000 728.000000 278.000000 1.717554 0.543387 1.621584 1.816711 1.752719 13.093759 -0.917143 0.578493
