Car -1 -1 -10 776.000000 190.000000 883.000000 259.000000 1.516528 1.622397 3.836748 5.147867 1.805413 16.761160 -0.913584 0.994912
Pedestrian -1 -1 -10 723.000000 183.000000 762.000000 278.000000 1.681076 0.586032 0.672497 2.388964 1.794065 12.842310 2.242708 0.994789
Car -1 -1 -10 1.000000 251.000000 64.000000 339.000000 1.536849 1.636709 3.950253 -6.879917 1.921400 6.056897 -3.219681 0.988866
Car -1 -1 -10 657.000000 182.000000 713.000000 226.000000 1.509961 1.595098 3.767806 2.798251 1.809990 26.878723 1.488435 0.985643
Car -1 -1 -10 435.000000 178.000000 505.000000 230.000000 1.525167 1.617844 3.934270 -4.207635 1.740593 22.188916 1.543016 0.977103
Car -1 -1 -10 703.000000 188.000000 781.000000 237.000000 1.518387 1.626146 3.880673 4.004418 1.888936 21.103271 1.853632 0.969808
Car -1 -1 -10 564.000000 171.000000 606.000000 212.000000 1.599026 1.613397 3.741928 -1.094741 1.708970 33.706745 -1.669360 0.951507
Car -1 -1 -10 634.000000 184.000000 667.000000 217.000000 1.514124 1.588949 3.721399 1.801610 1.852013 34.953872 -1.502222 0.903408
Car -1 -1 -10 610.000000 182.000000 635.000000 209.000000 1.509337 1.604085 3.818547 0.748591 1.875012 40.223082 1.083328 0.882131
Car -1 -1 -10 621.000000 183.000000 652.000000 212.000000 1.508349 1.576665 3.661599 1.451177 1.916099 39.910446 -0.858230 0.853725
Car -1 -1 -10 704.000000 189.000000 733.000000 238.000000 1.529243 1.582950 3.684783 4.637678 1.784767 23.682731 -0.749883 0.704286
Car -1 -1 -10 744.000000 189.000000 782.000000 233.000000 1.529356 1.584728 3.699575 4.649424 1.676062 22.100036 1.223875 0.634892
Cyclist -1 -1 -10 1143.000000 227.000000 1236.000000 303.000000 1.703718 0.559421 1.624783 8.728892 2.466797 10.915642 -0.896452 0.585267
