Car -1 -1 -10 710.000000 185.000000 848.000000 281.000000 1.497362 1.633358 3.828223 3.187280 1.634499 12.800202 -1.152187 0.996849
Pedestrian -1 -1 -10 584.000000 178.000000 622.000000 271.000000 1.663000 0.613485 0.714942 -0.147695 1.759651 13.011923 -1.169605 0.995702
Car -1 -1 -10 616.000000 184.000000 717.000000 253.000000 1.489327 1.593146 3.669883 1.581366 1.742942 16.482404 -1.613067 0.990701
Car -1 -1 -10 255.000000 186.000000 359.000000 251.000000 1.498241 1.597537 3.910134 -7.396152 1.846063 18.006959 1.406190 0.990130
Car -1 -1 -10 445.000000 170.000000 484.000000 211.000000 1.580353 1.598947 3.909078 -7.118830 1.681786 35.015768 -1.785468 0.969230
Car -1 -1 -10 316.000000 177.000000 374.000000 230.000000 1.537467 1.585190 3.742822 -8.758442 1.723566 24.065469 -1.880036 0.950779
Car -1 -1 -10 531.000000 183.000000 567.000000 222.000000 1.510705 1.602770 3.781523 -1.964718 1.828328 27.764221 1.041561 0.940324
Car -1 -1 -10 558.000000 180.000000 600.000000 231.000000 1.502188 1.610482 3.723360 -1.031369 1.834534 25.498564 1.079274 0.932862
Car -1 -1 -10 504.000000 180.000000 545.000000 212.000000 1.543924 1.605722 3.836437 -4.511035 1.890078 36.005166 1.234065 0.927452
Car -1 -1 -10 502.000000 178.000000 522.000000 208.000000 1.505717 1.516995 3.272276 -5.378835 1.978076 38.859530 -1.036206 0.775134
Car -1 -1 -10 527.000000 183.000000 549.000000 216.000000 1.499567 1.503943 3.259498 -3.224638 2.090669 31.650461 1.998123 0.647241
Car -1 -1 -10 361.000000 162.000000 400.000000 200.000000 1.701650 1.638638 3.825827 -15.571426 1.729794 48.223030 0.685771 0.564524
