Pedestrian -1 -1 -10 991.000000 173.000000 1048.000000 304.000000 1.688420 0.565688 0.679338 4.720773 1.597698 8.397567 -0.641221 0.998999
Car -1 -1 -10 1105.000000 166.000000 1182.000000 243.000000 1.700786 1.643666 3.875903 14.172102 1.679393 18.852495 -0.909710 0.972324
Car -1 -1 -10 1150.000000 163.000000 1241.000000 289.000000 1.727007 1.656373 4.028534 9.982606 1.664955 11.320874 1.650039 0.967537
Pedestrian -1 -1 -10 805.000000 176.000000 828.000000 238.000000 1.771042 0.606301 0.808372 5.192722 1.579130 17.698736 2.334866 0.957532
Cyclist -1 -1 -10 53.000000 208.000000 151.000000 278.000000 1.669816 0.543707 1.735330 -8.446476 1.880261 12.088891 0.428478 0.917624
Cyclist -1 -1 -10 550.000000 185.000000 622.000000 248.000000 1.669321 0.682225 1.769999 -0.583753 1.819823 15.351765 0.010585 0.850852
Cyclist -1 -1 -10 997.000000 238.000000 1028.000000 319.000000 1.713588 0.559374 1.617431 4.587879 2.118059 8.323126 -1.070868 0.796725
Car -1 -1 -10 369.000000 195.000000 416.000000 235.000000 1.524843 1.604496 3.845998 -5.969731 1.916218 19.483678 -0.822563 0.722296
Cyclist -1 -1 -10 41.000000 210.000000 110.000000 270.000000 1.703799 0.564489 1.632833 -9.793602 2.370333 13.132829 -2.211639 0.536901
Car -1 -1 -10 334.000000 197.000000 412.000000 236.000000 1.611891 1.537272 3.394072 -6.902652 1.974565 21.390854 -1.249496 0.526771
