Pedestrian -1 -1 -10 771.000000 180.000000 811.000000 270.000000 1.713737 0.580543 0.751919 3.174555 1.779227 12.600178 -1.791479 0.996567
Car -1 -1 -10 807.000000 188.000000 907.000000 252.000000 1.491280 1.609564 3.785633 6.220724 1.785200 18.155353 -0.836450 0.994381
Car -1 -1 -10 2.000000 193.000000 180.000000 299.000000 1.517895 1.535846 3.513977 -9.576640 1.697982 13.277444 0.422507 0.993498
Car -1 -1 -10 709.000000 179.000000 760.000000 222.000000 1.534495 1.580438 3.754400 4.952546 1.782875 28.359276 1.595996 0.990547
Car -1 -1 -10 503.000000 176.000000 564.000000 222.000000 1.512040 1.576420 3.773045 -2.339851 1.740383 24.366484 1.872355 0.988372
Car -1 -1 -10 684.000000 181.000000 715.000000 213.000000 1.509106 1.588858 3.636407 4.663775 1.885689 36.452347 -1.482958 0.964531
Car -1 -1 -10 622.000000 170.000000 668.000000 212.000000 1.617538 1.602552 3.749682 1.540573 1.674951 32.838572 -1.603064 0.954063
Car -1 -1 -10 747.000000 185.000000 814.000000 232.000000 1.506364 1.599504 3.802422 5.817673 1.995659 23.658948 2.298215 0.941342
Car -1 -1 -10 749.000000 185.000000 778.000000 232.000000 1.500223 1.607686 3.931212 6.298613 1.900899 25.410063 -0.694175 0.842186
Pedestrian -1 -1 -10 145.000000 179.000000 176.000000 235.000000 1.758307 0.621429 0.700757 -14.850696 1.436036 23.758519 -2.140672 0.816790
Car -1 -1 -10 664.000000 178.000000 691.000000 208.000000 1.498676 1.606208 3.737525 3.919293 1.861212 38.517714 1.179421 0.739800
Car -1 -1 -10 790.000000 187.000000 815.000000 214.000000 1.506374 1.498523 3.251520 7.157298 1.858888 26.832380 2.343778 0.636920
Car -1 -1 -10 679.000000 182.000000 701.000000 209.000000 1.508304 1.565186 3.648183 4.633785 1.622228 35.935246 -0.808656 0.617033
