Car -1 -1 -10 3.000000 202.000000 208.000000 370.000000 1.538275 1.607078 3.838618 -5.614316 1.831380 6.768811 1.518497 0.997572
Pedestrian -1 -1 -10 563.000000 169.000000 596.000000 256.000000 1.705133 0.588437 0.696099 -0.594804 1.577314 13.021971 -2.093810 0.997371
Car -1 -1 -10 683.000000 169.000000 855.000000 287.000000 1.534402 1.614777 3.692516 2.395578 1.480829 10.853776 -1.694590 0.996973
Car -1 -1 -10 638.000000 174.000000 710.000000 253.000000 1.512512 1.589845 3.685624 1.573872 1.510895 15.929834 -1.621139 0.995689
Car -1 -1 -10 364.000000 181.000000 418.000000 230.000000 1.510307 1.614697 3.709131 -6.941793 1.744732 22.486422 -1.886990 0.994806
Car -1 -1 -10 333.000000 188.000000 394.000000 251.000000 1.466974 1.576570 3.655069 -6.123458 1.858536 17.148057 1.363557 0.994466
Car -1 -1 -10 862.000000 204.000000 1240.000000 372.000000 1.476210 1.586569 3.868536 2.906492 1.458256 3.992315 -1.617285 0.991306
Car -1 -1 -10 617.000000 175.000000 664.000000 229.000000 1.511017 1.606912 3.663393 0.964109 1.610859 24.702240 -1.625794 0.986097
Pedestrian -1 -1 -10 954.000000 155.000000 1005.000000 252.000000 1.678849 0.601101 0.770545 5.320108 1.258098 10.457504 -1.599299 0.981356
Pedestrian -1 -1 -10 495.000000 167.000000 507.000000 198.000000 1.773411 0.547958 0.784113 -5.749426 1.257742 37.461879 -3.193397 0.954938
Car -1 -1 -10 406.000000 174.000000 460.000000 208.000000 1.519033 1.598246 3.893980 -8.551431 1.517954 34.284427 0.668769 0.950962
Car -1 -1 -10 177.000000 173.000000 343.000000 297.000000 1.684922 1.604678 3.719203 -5.942484 1.764107 12.132556 1.524421 0.927028
Car -1 -1 -10 606.000000 171.000000 631.000000 212.000000 1.525826 1.577074 3.572412 0.446630 1.551961 33.079501 -1.592357 0.910343
Car -1 -1 -10 534.000000 162.000000 569.000000 196.000000 1.575558 1.590304 3.681479 -3.371782 1.110275 38.848960 2.078374 0.882634
Car -1 -1 -10 592.000000 170.000000 615.000000 200.000000 1.504303 1.582786 3.652347 -0.275653 1.380554 34.844483 -1.594800 0.857347
Car -1 -1 -10 607.000000 173.000000 653.000000 215.000000 1.488663 1.605048 3.685561 0.716649 1.543400 28.414035 -1.612614 0.798732
Car -1 -1 -10 600.000000 169.000000 625.000000 204.000000 1.494339 1.592412 3.666861 0.304997 1.478713 33.770168 -1.615257 0.605542
Car -1 -1 -10 348.000000 184.000000 403.000000 237.000000 1.540501 1.613969 3.726003 -6.885185 1.795617 21.160041 1.784390 0.585817
