Car -1 -1 -10 715.000000 185.000000 848.000000 279.000000 1.501019 1.633838 3.840494 3.289197 1.656164 13.270857 -1.151193 0.996845
Pedestrian -1 -1 -10 600.000000 179.000000 635.000000 267.000000 1.701531 0.566491 0.663532 0.157217 1.746311 13.109959 1.594258 0.994838
Car -1 -1 -10 278.000000 183.000000 374.000000 245.000000 1.514423 1.607482 3.883991 -7.125502 1.787500 18.460170 1.434472 0.989797
Car -1 -1 -10 631.000000 185.000000 724.000000 252.000000 1.494800 1.591563 3.701745 1.754853 1.735758 16.658819 -1.977567 0.988099
Car -1 -1 -10 567.000000 179.000000 616.000000 231.000000 1.495773 1.606737 3.737722 -0.469151 1.878610 24.671679 1.083002 0.968743
Car -1 -1 -10 457.000000 170.000000 496.000000 210.000000 1.628155 1.633665 3.690622 -6.436421 1.696966 35.045502 -1.798974 0.950628
Car -1 -1 -10 539.000000 182.000000 578.000000 220.000000 1.532268 1.629729 3.761092 -2.330132 1.910121 31.771718 -1.654396 0.938506
Car -1 -1 -10 330.000000 176.000000 388.000000 225.000000 1.522478 1.616907 3.777968 -8.667396 1.660290 24.970154 -1.909029 0.931917
Car -1 -1 -10 515.000000 180.000000 558.000000 212.000000 1.520767 1.612312 3.855966 -3.944108 1.852811 35.874020 1.244706 0.927085
Car -1 -1 -10 514.000000 179.000000 536.000000 210.000000 1.523013 1.515413 3.435229 -5.273299 1.409345 38.600976 -1.053401 0.864132
Car -1 -1 -10 384.000000 166.000000 413.000000 197.000000 1.579006 1.598213 3.850257 -14.805419 1.548658 48.569791 0.672096 0.785114
Cyclist -1 -1 -10 614.000000 218.000000 635.000000 273.000000 1.724347 0.554175 1.633662 0.153699 1.764357 13.113573 -2.101448 0.727606
Car -1 -1 -10 334.000000 176.000000 386.000000 201.000000 1.524315 1.555650 3.365689 -12.129946 1.603881 34.784930 -2.572738 0.505069
