Pedestrian -1 -1 -10 558.000000 173.000000 592.000000 252.000000 1.671614 0.568503 0.656596 -0.663297 1.491091 13.120548 2.642135 0.997403
Car -1 -1 -10 0.000000 203.000000 225.000000 374.000000 1.538274 1.598091 3.808981 -5.668607 1.851985 7.344493 1.519171 0.997329
Car -1 -1 -10 826.000000 192.000000 1242.000000 371.000000 1.470838 1.580084 3.811324 2.794713 1.454996 4.483245 -1.651562 0.996174
Car -1 -1 -10 671.000000 172.000000 831.000000 281.000000 1.519950 1.616375 3.717764 2.457079 1.496279 11.485140 -1.725170 0.995876
Car -1 -1 -10 361.000000 182.000000 415.000000 230.000000 1.498291 1.598574 3.583896 -7.298077 1.782720 23.315231 -1.846214 0.994000
Car -1 -1 -10 337.000000 190.000000 392.000000 250.000000 1.460670 1.569882 3.613551 -6.286501 1.807095 17.964992 1.352446 0.993365
Car -1 -1 -10 629.000000 177.000000 692.000000 251.000000 1.553472 1.571820 3.608088 1.764050 1.733705 16.409340 -0.870107 0.990760
Car -1 -1 -10 195.000000 176.000000 345.000000 294.000000 1.698152 1.619063 3.785035 -6.120806 1.816551 12.692704 1.502059 0.979404
Pedestrian -1 -1 -10 918.000000 158.000000 964.000000 224.000000 1.740338 0.584919 0.820707 5.253823 1.063947 11.673460 3.133954 0.971840
Car -1 -1 -10 598.000000 175.000000 622.000000 217.000000 1.515334 1.537087 3.495141 0.527644 1.593533 25.354293 -0.912692 0.967575
Car -1 -1 -10 609.000000 177.000000 643.000000 227.000000 1.535878 1.605609 3.720563 0.655353 1.722957 26.952277 -1.573152 0.962735
Pedestrian -1 -1 -10 488.000000 168.000000 500.000000 199.000000 1.766846 0.577918 0.778896 -5.604323 1.247448 34.726873 -3.217143 0.957648
Car -1 -1 -10 528.000000 167.000000 561.000000 199.000000 1.582265 1.572203 3.903199 -3.830667 1.274748 37.431128 -1.159622 0.893456
Car -1 -1 -10 584.000000 173.000000 608.000000 203.000000 1.498863 1.593604 3.763666 -0.354799 1.470813 34.172890 2.124161 0.889719
Car -1 -1 -10 407.000000 176.000000 450.000000 209.000000 1.522716 1.593971 3.950860 -9.364346 1.705235 35.551715 0.625989 0.881733
Car -1 -1 -10 615.000000 176.000000 660.000000 234.000000 1.497247 1.611895 3.662558 0.908314 1.671077 21.985108 -1.602987 0.791785
Cyclist -1 -1 -10 563.000000 213.000000 585.000000 272.000000 1.714142 0.552205 1.610426 -0.723796 1.684317 13.118142 -2.146955 0.734377
Car -1 -1 -10 596.000000 175.000000 639.000000 206.000000 1.498495 1.630315 3.803582 0.256742 1.601726 32.739991 -1.619164 0.604255
