Pedestrian -1 -1 -10 510.000000 174.000000 549.000000 264.000000 1.683589 0.583633 0.713786 -1.439843 1.645632 13.180641 2.012674 0.997758
Car -1 -1 -10 626.000000 180.000000 799.000000 287.000000 1.495750 1.578739 3.601568 1.539746 1.557688 11.117306 -1.808701 0.995375
Car -1 -1 -10 99.000000 196.000000 280.000000 306.000000 1.521243 1.579463 3.684037 -7.174120 2.004411 12.826311 1.461274 0.994572
Car -1 -1 -10 823.000000 174.000000 1061.000000 364.000000 1.571112 1.649216 3.854011 3.054051 1.530877 6.957298 -1.148724 0.994332
Car -1 -1 -10 560.000000 172.000000 647.000000 245.000000 1.558530 1.576341 3.645085 -0.126456 1.585345 17.828726 -1.765890 0.993392
Car -1 -1 -10 311.000000 186.000000 350.000000 234.000000 1.466836 1.582454 3.623781 -10.203444 1.836681 26.161355 -1.894786 0.989976
Car -1 -1 -10 245.000000 181.000000 325.000000 260.000000 1.628365 1.604467 3.664075 -8.225413 1.989691 18.190015 -1.824976 0.969385
Car -1 -1 -10 437.000000 169.000000 471.000000 207.000000 1.619890 1.576310 3.453197 -7.457608 1.645636 35.120670 -1.773189 0.969210
Car -1 -1 -10 502.000000 175.000000 522.000000 211.000000 1.511613 1.501433 3.266180 -5.052929 1.972856 36.854533 -1.719610 0.921672
Car -1 -1 -10 489.000000 176.000000 507.000000 202.000000 1.455807 1.551630 3.660158 -6.126389 1.590675 40.594232 -1.796068 0.910578
Car -1 -1 -10 534.000000 178.000000 572.000000 224.000000 1.492869 1.488539 3.224734 -3.064368 1.820458 37.251683 2.012298 0.797487
Car -1 -1 -10 502.000000 176.000000 568.000000 217.000000 1.521254 1.525193 3.420469 -2.592661 1.254365 30.446090 -2.323938 0.756226
Cyclist -1 -1 -10 529.000000 219.000000 544.000000 268.000000 1.712538 0.472721 1.545896 -1.420443 2.005984 12.722390 -1.615361 0.664146
Car -1 -1 -10 338.000000 162.000000 397.000000 206.000000 1.703600 1.631222 3.776370 -13.893127 1.602714 41.648146 -1.352804 0.565273
