Pedestrian -1 -1 -10 694.000000 168.000000 771.000000 311.000000 1.673931 0.609860 0.729345 1.180043 1.475838 7.518781 -2.446850 0.998445
Cyclist -1 -1 -10 861.000000 187.000000 946.000000 249.000000 1.726947 0.611830 1.574168 7.747624 1.654356 19.294271 -0.615227 0.991724
Cyclist -1 -1 -10 687.000000 236.000000 790.000000 341.000000 1.683733 0.485189 1.684384 1.283408 1.694101 7.352530 0.663991 0.985577
Cyclist -1 -1 -10 582.000000 199.000000 640.000000 258.000000 1.703248 0.575965 1.696883 -0.055139 1.695087 12.742649 -2.021448 0.959540
Car -1 -1 -10 560.000000 162.000000 627.000000 205.000000 1.604192 1.575792 3.594884 -0.580216 1.199302 29.933021 2.020654 0.938695
Cyclist -1 -1 -10 544.000000 202.000000 581.000000 250.000000 1.710351 0.582963 1.642141 -1.078241 1.348851 14.579783 -1.670148 0.838869
Pedestrian -1 -1 -10 457.000000 170.000000 469.000000 203.000000 1.748377 0.581103 0.669050 -6.758358 1.407644 32.745485 -1.803540 0.705982
Car -1 -1 -10 285.000000 180.000000 331.000000 212.000000 1.469631 1.578735 3.700673 -13.590027 1.769722 32.593597 1.090198 0.700549
Car -1 -1 -10 328.000000 159.000000 417.000000 250.000000 1.617126 1.655580 3.871395 -5.618147 1.575526 17.083590 -1.898651 0.689581
Car -1 -1 -10 664.000000 160.000000 697.000000 189.000000 1.529547 1.518653 3.303211 3.658212 1.364692 38.046348 1.150509 0.657981
Cyclist -1 -1 -10 555.000000 194.000000 627.000000 251.000000 1.717178 0.564019 1.622991 -0.507116 1.564149 19.149213 -1.635794 0.525392
