Pedestrian -1 -1 -10 515.000000 174.000000 552.000000 260.000000 1.684016 0.576785 0.695730 -1.422554 1.641277 13.171669 2.571957 0.998893
Car -1 -1 -10 87.000000 196.000000 282.000000 309.000000 1.526260 1.586566 3.738972 -6.981454 1.977841 12.171616 1.479292 0.997121
Car -1 -1 -10 641.000000 179.000000 827.000000 295.000000 1.470518 1.576390 3.676560 1.660394 1.530845 10.631122 -1.778390 0.996331
Car -1 -1 -10 861.000000 174.000000 1144.000000 364.000000 1.485550 1.630560 3.822847 3.101054 1.415355 6.539645 -1.087161 0.994300
Car -1 -1 -10 568.000000 171.000000 660.000000 247.000000 1.511959 1.559928 3.553046 0.108455 1.511962 17.255516 -1.771516 0.991265
Car -1 -1 -10 317.000000 185.000000 355.000000 236.000000 1.528293 1.552554 3.485458 -9.428705 1.932914 24.581726 -1.853091 0.985084
Car -1 -1 -10 245.000000 179.000000 327.000000 260.000000 1.642746 1.606767 3.668726 -7.974563 1.953303 17.660034 1.486812 0.973091
Car -1 -1 -10 445.000000 168.000000 480.000000 205.000000 1.512572 1.584347 3.566147 -6.576347 1.638034 34.931629 -1.205454 0.963819
Car -1 -1 -10 501.000000 173.000000 532.000000 202.000000 1.464215 1.567165 3.625850 -4.991841 1.555412 39.336731 -1.782542 0.931262
Pedestrian -1 -1 -10 412.000000 172.000000 422.000000 198.000000 1.733838 0.561945 0.756269 -10.584050 2.085456 39.110762 -2.353851 0.911814
Car -1 -1 -10 539.000000 177.000000 581.000000 224.000000 1.500829 1.526466 3.294872 -2.708574 1.772741 36.886141 -0.982857 0.909902
Car -1 -1 -10 498.000000 174.000000 515.000000 200.000000 1.510253 1.594034 3.725199 -6.279021 1.518893 44.942993 1.966927 0.888475
Cyclist -1 -1 -10 527.000000 219.000000 547.000000 270.000000 1.720911 0.524507 1.587482 -1.476657 1.863875 13.173916 -1.151294 0.835234
Car -1 -1 -10 336.000000 160.000000 408.000000 203.000000 1.645818 1.626661 3.794550 -13.617166 1.468113 42.546135 0.591962 0.593715
Car -1 -1 -10 511.000000 176.000000 579.000000 216.000000 1.525224 1.535669 3.333572 -2.936762 1.924093 30.839294 -2.330753 0.593441
