Pedestrian -1 -1 -10 577.000000 173.000000 610.000000 251.000000 1.671210 0.573458 0.635730 -0.325975 1.525752 13.068081 2.642574 0.998919
Car -1 -1 -10 666.000000 178.000000 762.000000 272.000000 1.614862 1.629995 3.849437 2.028902 1.670328 14.874400 1.338842 0.996910
Car -1 -1 -10 316.000000 192.000000 395.000000 265.000000 1.470293 1.580815 3.655469 -5.617250 1.946163 15.354817 1.600055 0.996046
Car -1 -1 -10 726.000000 175.000000 961.000000 326.000000 1.544909 1.611358 3.759353 2.611591 1.548497 8.869783 -1.635715 0.994188
Car -1 -1 -10 0.000000 220.000000 130.000000 370.000000 1.523626 1.614732 3.815412 -5.392791 1.836157 5.104941 1.551662 0.994177
Pedestrian -1 -1 -10 1091.000000 153.000000 1156.000000 305.000000 1.713397 0.570988 0.685648 5.580209 1.405966 7.811345 1.138500 0.993984
Car -1 -1 -10 369.000000 184.000000 427.000000 240.000000 1.507929 1.604994 3.585427 -6.205977 1.864675 20.583540 -1.789408 0.993934
Car -1 -1 -10 644.000000 181.000000 697.000000 240.000000 1.475320 1.596070 3.768913 1.720430 1.673386 21.318851 -1.566285 0.968405
Car -1 -1 -10 89.000000 180.000000 328.000000 326.000000 1.656919 1.599613 3.753734 -5.399459 1.806391 10.166054 1.548153 0.967535
Pedestrian -1 -1 -10 511.000000 171.000000 524.000000 204.000000 1.746158 0.607694 0.796820 -4.524842 1.966483 35.660318 2.494357 0.939553
Car -1 -1 -10 613.000000 175.000000 641.000000 209.000000 1.486437 1.576808 3.573981 1.013846 1.671323 35.136993 -1.587873 0.915880
Car -1 -1 -10 628.000000 174.000000 656.000000 219.000000 1.515530 1.580261 3.664572 1.621202 1.651933 32.798596 -0.863091 0.915209
Car -1 -1 -10 419.000000 177.000000 474.000000 212.000000 1.533159 1.603298 3.745349 -7.686790 1.744205 32.454769 1.972473 0.875137
Car -1 -1 -10 630.000000 176.000000 689.000000 224.000000 1.510035 1.593483 3.730342 1.670874 1.714916 24.901849 -1.591574 0.863890
Car -1 -1 -10 557.000000 165.000000 587.000000 200.000000 1.646602 1.590662 3.826101 -2.161958 1.414265 41.212720 -1.648512 0.858426
Cyclist -1 -1 -10 581.000000 214.000000 604.000000 275.000000 1.714120 0.556119 1.615173 -0.383770 1.694147 13.236829 -2.131319 0.783691
Car -1 -1 -10 610.000000 175.000000 630.000000 206.000000 1.475182 1.597039 3.746725 1.061683 1.602057 35.192167 -0.881061 0.702762
Car -1 -1 -10 638.000000 178.000000 669.000000 229.000000 1.517636 1.596062 3.717949 1.917716 1.630017 26.708238 2.185069 0.617792
Car -1 -1 -10 612.000000 174.000000 666.000000 216.000000 1.525701 1.607630 3.841789 1.232273 1.693528 33.627686 -1.637958 0.605862
Car -1 -1 -10 598.000000 173.000000 618.000000 201.000000 1.487807 1.489653 3.253141 -0.169940 1.809033 36.067728 2.102179 0.564123
Car -1 -1 -10 606.000000 175.000000 623.000000 202.000000 1.514257 1.536997 3.402051 0.196524 1.682888 39.220559 2.112494 0.552718
