Car -1 -1 -10 8.000000 201.000000 270.000000 335.000000 1.505997 1.574405 3.692508 -6.408055 1.979282 10.370183 1.481589 0.997758
Pedestrian -1 -1 -10 530.000000 177.000000 563.000000 260.000000 1.671106 0.579590 0.607585 -1.175291 1.662320 13.054693 -2.112351 0.997371
Car -1 -1 -10 701.000000 186.000000 983.000000 346.000000 1.491949 1.572454 3.633559 2.297762 1.563191 7.906857 -1.741143 0.997077
Car -1 -1 -10 611.000000 174.000000 724.000000 263.000000 1.549616 1.570850 3.519952 1.122167 1.604328 14.694701 -1.828674 0.992441
Car -1 -1 -10 332.000000 192.000000 369.000000 243.000000 1.510704 1.595038 3.783156 -8.277443 1.962710 21.447785 -2.575512 0.990770
Car -1 -1 -10 341.000000 187.000000 384.000000 232.000000 1.484649 1.596665 3.766493 -9.079666 1.944945 26.378762 -1.855069 0.987742
Car -1 -1 -10 577.000000 180.000000 627.000000 239.000000 1.532118 1.614910 3.790817 -0.166912 1.699055 21.526651 1.086241 0.978670
Car -1 -1 -10 234.000000 181.000000 341.000000 276.000000 1.661939 1.619380 3.747995 -6.901861 1.963352 15.286101 1.452086 0.970996
Car -1 -1 -10 1083.000000 182.000000 1242.000000 371.000000 1.502982 1.597428 3.858466 4.278358 1.455609 4.096356 -0.275254 0.967457
Pedestrian -1 -1 -10 786.000000 163.000000 812.000000 190.000000 1.761471 0.601884 0.649035 7.160473 1.237367 27.279967 2.865756 0.960417
Car -1 -1 -10 482.000000 170.000000 515.000000 205.000000 1.552755 1.579647 3.590641 -5.967490 1.574300 35.793597 -2.352874 0.953366
Cyclist -1 -1 -10 539.000000 215.000000 559.000000 272.000000 1.717490 0.538047 1.615906 -1.199139 1.792083 13.254882 -1.141090 0.932447
Car -1 -1 -10 373.000000 181.000000 411.000000 212.000000 1.559565 1.596570 3.811913 -11.386882 1.849000 38.415221 0.605596 0.836659
Car -1 -1 -10 560.000000 180.000000 603.000000 227.000000 1.506700 1.514969 3.288078 -1.194381 1.968881 27.614180 -2.274891 0.568693
Car -1 -1 -10 366.000000 162.000000 442.000000 209.000000 1.750110 1.648792 3.782292 -10.995566 1.562540 39.727251 0.585696 0.538199
