Car -1 -1 -10 724.000000 188.000000 850.000000 275.000000 1.470077 1.603128 3.756418 3.464677 1.667293 13.726010 -1.137877 0.995600
Pedestrian -1 -1 -10 618.000000 180.000000 657.000000 265.000000 1.695530 0.562952 0.658985 0.501656 1.766171 13.106422 -1.991418 0.995188
Car -1 -1 -10 301.000000 180.000000 401.000000 244.000000 1.501796 1.606258 3.924688 -6.753183 1.792860 19.032370 1.457996 0.993484
Car -1 -1 -10 647.000000 187.000000 731.000000 250.000000 1.481002 1.603772 3.671793 1.844490 1.716350 17.178775 -1.450462 0.988986
Car -1 -1 -10 580.000000 179.000000 631.000000 230.000000 1.523909 1.611150 3.799288 0.147461 1.853005 26.532074 -0.093003 0.980025
Car -1 -1 -10 552.000000 181.000000 590.000000 220.000000 1.545182 1.599626 3.613749 -1.734982 1.930349 31.310957 -1.624204 0.964165
Car -1 -1 -10 470.000000 170.000000 511.000000 210.000000 1.607528 1.621645 3.945550 -5.583255 1.685475 34.752165 -1.792723 0.957863
Car -1 -1 -10 527.000000 180.000000 568.000000 210.000000 1.465497 1.596407 3.822078 -3.082672 1.840237 35.867006 1.396574 0.931464
Car -1 -1 -10 350.000000 175.000000 405.000000 222.000000 1.518852 1.584421 3.639928 -8.108141 1.589363 25.206662 -1.849461 0.913132
Car -1 -1 -10 527.000000 179.000000 548.000000 209.000000 1.497667 1.499890 3.314086 -3.793591 1.965538 37.959953 -0.994692 0.834070
Cyclist -1 -1 -10 629.000000 218.000000 655.000000 274.000000 1.720967 0.555613 1.635232 0.489912 1.654658 13.146331 -2.053127 0.708608
Car -1 -1 -10 390.000000 162.000000 426.000000 195.000000 1.467522 1.608119 3.882074 -13.957180 1.535379 49.013077 0.844413 0.601077
Car -1 -1 -10 348.000000 160.000000 425.000000 198.000000 1.530102 1.555537 3.355971 -11.811028 1.727361 37.425917 -2.548545 0.538142
