Car 0.5 3 0 1022.8273 226.77046 1239.2029 371.49243 0.5 0.5 0.5 0.5 0.5 0.5 0.5 0.9974021 
Car 0.5 3 0 664.2055 181.42578 745.99713 240.57312 0.5 0.5 0.5 0.5 0.5 0.5 0.5 0.99528414 
Car 0.5 3 0 426.3033 187.45601 484.77274 238.24243 0.5 0.5 0.5 0.5 0.5 0.5 0.5 0.9939819 
Car 0.5 3 0 506.51163 181.75694 543.3128 206.80243 0.5 0.5 0.5 0.5 0.5 0.5 0.5 0.9806111 
Car 0.5 3 0 462.1022 184.31302 506.18542 223.79468 0.5 0.5 0.5 0.5 0.5 0.5 0.5 0.96519464 
Car 0.5 3 0 1.0073965 137.30186 458.17896 367.8341 0.5 0.5 0.5 0.5 0.5 0.5 0.5 0.84808373 
Car 0.5 3 0 542.4428 178.24689 566.1969 192.71088 0.5 0.5 0.5 0.5 0.5 0.5 0.5 0.8206571 
Car 0.5 3 0 935.70886 170.8137 973.6276 195.18019 0.5 0.5 0.5 0.5 0.5 0.5 0.5 0.80069107 
Car 0.5 3 0 585.0306 175.95247 596.93713 184.41008 0.5 0.5 0.5 0.5 0.5 0.5 0.5 0.76467514 
Car 0.5 3 0 553.8027 178.12273 567.39496 191.12122 0.5 0.5 0.5 0.5 0.5 0.5 0.5 0.671066 
