Car 0.5 3 0 141.1677 203.9849 375.65237 328.3015 0.5 0.5 0.5 0.5 0.5 0.5 0.5 0.99845254 
Car 0.5 3 0 789.0929 200.96489 1189.4961 370.0661 0.5 0.5 0.5 0.5 0.5 0.5 0.5 0.99421424 
Car 0.5 3 0 481.25986 185.64381 531.64575 220.1373 0.5 0.5 0.5 0.5 0.5 0.5 0.5 0.9730619 
Car 0.5 3 0 888.2855 172.68507 954.0286 196.20822 0.5 0.5 0.5 0.5 0.5 0.5 0.5 0.9721424 
Car 0.5 3 0 353.45197 191.45146 448.32245 271.77002 0.5 0.5 0.5 0.5 0.5 0.5 0.5 0.96333516 
Car 0.5 3 0 518.77875 184.60684 541.3596 214.00247 0.5 0.5 0.5 0.5 0.5 0.5 0.5 0.9417261 
Car 0.5 3 0 539.8884 180.3315 570.6779 196.10129 0.5 0.5 0.5 0.5 0.5 0.5 0.5 0.90156955 
Car 0.5 3 0 597.5369 176.15067 610.953 186.02466 0.5 0.5 0.5 0.5 0.5 0.5 0.5 0.7893117 
Car 0.5 3 0 575.1952 176.15044 587.69806 186.81334 0.5 0.5 0.5 0.5 0.5 0.5 0.5 0.76605594 
Car 0.5 3 0 559.18164 178.89664 575.9931 193.8 0.5 0.5 0.5 0.5 0.5 0.5 0.5 0.6985629 
