Car 0.5 3 0 0.0 219.30965 278.9337 374.95624 0.5 0.5 0.5 0.5 0.5 0.5 0.5 0.9980453 
Car 0.5 3 0 700.6891 192.7432 844.38745 289.36176 0.5 0.5 0.5 0.5 0.5 0.5 0.5 0.9955988 
Car 0.5 3 0 316.52237 201.48552 437.85135 275.16843 0.5 0.5 0.5 0.5 0.5 0.5 0.5 0.9947089 
Car 0.5 3 0 490.9778 189.58362 535.291 218.53447 0.5 0.5 0.5 0.5 0.5 0.5 0.5 0.9737872 
Car 0.5 3 0 413.8045 193.72324 477.66556 248.06964 0.5 0.5 0.5 0.5 0.5 0.5 0.5 0.9707591 
Car 0.5 3 0 535.22656 185.35713 563.4924 199.64754 0.5 0.5 0.5 0.5 0.5 0.5 0.5 0.8470925 
Car 0.5 3 0 839.868 176.23543 869.098 195.1141 0.5 0.5 0.5 0.5 0.5 0.5 0.5 0.7404099 
Car 0.5 3 0 525.4804 188.70438 541.8077 213.00584 0.5 0.5 0.5 0.5 0.5 0.5 0.5 0.7151806 
Car 0.5 3 0 588.4697 180.45119 599.08374 189.94685 0.5 0.5 0.5 0.5 0.5 0.5 0.5 0.70588195 
Car 0.5 3 0 550.98224 183.46817 568.077 196.83125 0.5 0.5 0.5 0.5 0.5 0.5 0.5 0.5940122 
Car 0.5 3 0 599.18604 178.8025 610.108 188.06653 0.5 0.5 0.5 0.5 0.5 0.5 0.5 0.5701618 
