Car 0.5 3 0 0.0 222.23952 226.01425 372.8509 0.5 0.5 0.5 0.5 0.5 0.5 0.5 0.99850607 
Car 0.5 3 0 721.873 191.14493 898.14355 305.22275 0.5 0.5 0.5 0.5 0.5 0.5 0.5 0.9964623 
Car 0.5 3 0 283.3389 196.00044 427.76956 281.3029 0.5 0.5 0.5 0.5 0.5 0.5 0.5 0.9935668 
Car 0.5 3 0 491.5394 184.80571 539.0333 214.39119 0.5 0.5 0.5 0.5 0.5 0.5 0.5 0.9809022 
Car 0.5 3 0 401.1177 189.47482 474.62924 249.23387 0.5 0.5 0.5 0.5 0.5 0.5 0.5 0.95712554 
Car 0.5 3 0 852.3216 172.51978 894.2847 192.66077 0.5 0.5 0.5 0.5 0.5 0.5 0.5 0.9346778 
Car 0.5 3 0 538.91547 179.54897 570.4497 195.03227 0.5 0.5 0.5 0.5 0.5 0.5 0.5 0.86819476 
Car 0.5 3 0 591.14874 176.01161 603.77435 185.20908 0.5 0.5 0.5 0.5 0.5 0.5 0.5 0.83695143 
Car 0.5 3 0 555.27356 178.29022 572.26855 193.08835 0.5 0.5 0.5 0.5 0.5 0.5 0.5 0.8275128 
Car 0.5 3 0 524.83856 183.50604 543.37634 209.90067 0.5 0.5 0.5 0.5 0.5 0.5 0.5 0.79715896 
Car 0.5 3 0 604.1705 174.76884 615.8124 182.24529 0.5 0.5 0.5 0.5 0.5 0.5 0.5 0.6796004 
