Car 0.5 3 0 0.45688838 232.25009 188.42139 372.45035 0.5 0.5 0.5 0.5 0.5 0.5 0.5 0.99819905 
Car 0.5 3 0 732.5842 190.81706 931.67584 314.8586 0.5 0.5 0.5 0.5 0.5 0.5 0.5 0.99744606 
Car 0.5 3 0 266.53726 197.3505 421.74866 287.6107 0.5 0.5 0.5 0.5 0.5 0.5 0.5 0.9941275 
Car 0.5 3 0 490.0229 184.14856 537.3592 215.28865 0.5 0.5 0.5 0.5 0.5 0.5 0.5 0.9769215 
Car 0.5 3 0 861.0516 169.25085 906.66327 191.4867 0.5 0.5 0.5 0.5 0.5 0.5 0.5 0.92630714 
Car 0.5 3 0 391.3575 189.40666 470.649 252.81502 0.5 0.5 0.5 0.5 0.5 0.5 0.5 0.90074843 
Car 0.5 3 0 539.52893 178.2255 572.2216 194.27312 0.5 0.5 0.5 0.5 0.5 0.5 0.5 0.9001084 
Car 0.5 3 0 524.798 181.38507 542.7394 208.54076 0.5 0.5 0.5 0.5 0.5 0.5 0.5 0.67998224 
Car 0.5 3 0 556.6446 177.61012 572.5173 192.20912 0.5 0.5 0.5 0.5 0.5 0.5 0.5 0.6601973 
Car 0.5 3 0 594.3875 174.74115 605.31964 183.7378 0.5 0.5 0.5 0.5 0.5 0.5 0.5 0.63073957 
