Car 0.5 3 0 2.0071156 242.02321 141.48438 373.39426 0.5 0.5 0.5 0.5 0.5 0.5 0.5 0.9982237 
Car 0.5 3 0 239.03432 198.5676 413.34424 296.03738 0.5 0.5 0.5 0.5 0.5 0.5 0.5 0.9956866 
Car 0.5 3 0 740.9949 193.34811 972.00586 332.75223 0.5 0.5 0.5 0.5 0.5 0.5 0.5 0.99516946 
Car 0.5 3 0 488.61285 183.86893 537.3987 216.28587 0.5 0.5 0.5 0.5 0.5 0.5 0.5 0.9822391 
Car 0.5 3 0 387.79868 190.09941 465.29092 255.34787 0.5 0.5 0.5 0.5 0.5 0.5 0.5 0.9223648 
Car 0.5 3 0 539.62964 178.29568 573.30133 194.33878 0.5 0.5 0.5 0.5 0.5 0.5 0.5 0.9042416 
Car 0.5 3 0 527.5649 181.41438 543.4589 208.78981 0.5 0.5 0.5 0.5 0.5 0.5 0.5 0.8937299 
Car 0.5 3 0 864.97327 169.54495 918.38434 188.90454 0.5 0.5 0.5 0.5 0.5 0.5 0.5 0.8526068 
Car 0.5 3 0 555.5137 177.64972 573.27594 192.75015 0.5 0.5 0.5 0.5 0.5 0.5 0.5 0.5948947 
Car 0.5 3 0 596.96185 174.00978 606.68005 182.26268 0.5 0.5 0.5 0.5 0.5 0.5 0.5 0.5017918 
