Car 0.5 3 0 667.5503 187.29552 756.72644 251.40344 0.5 0.5 0.5 0.5 0.5 0.5 0.5 0.99480766 
Car 0.5 3 0 388.5782 192.5358 473.14014 246.16962 0.5 0.5 0.5 0.5 0.5 0.5 0.5 0.99234205 
Car 0.5 3 0 499.76712 186.7217 539.2391 212.0519 0.5 0.5 0.5 0.5 0.5 0.5 0.5 0.98196596 
Car 0.5 3 0 450.69 189.53554 498.10992 231.41383 0.5 0.5 0.5 0.5 0.5 0.5 0.5 0.9580248 
Car 0.5 3 0 311.57742 202.81042 389.91757 283.66107 0.5 0.5 0.5 0.5 0.5 0.5 0.5 0.9078016 
Car 0.5 3 0 535.5633 183.6602 558.709 197.44467 0.5 0.5 0.5 0.5 0.5 0.5 0.5 0.8732069 
Car 0.5 3 0 548.87665 183.04988 564.1746 195.62276 0.5 0.5 0.5 0.5 0.5 0.5 0.5 0.67654467 
Car 0.5 3 0 589.4709 178.40462 602.5307 187.24646 0.5 0.5 0.5 0.5 0.5 0.5 0.5 0.67058307 
Car 0.5 3 0 580.14874 180.5809 592.9587 189.32912 0.5 0.5 0.5 0.5 0.5 0.5 0.5 0.5938323 
Car 0.5 3 0 963.02576 174.9432 1009.6579 205.16281 0.5 0.5 0.5 0.5 0.5 0.5 0.5 0.50924605 
