Car 0.5 3 0 772.0355 197.84941 1095.2032 366.05667 0.5 0.5 0.5 0.5 0.5 0.5 0.5 0.9961456 
Car 0.5 3 0 182.40529 200.035 390.9526 313.16827 0.5 0.5 0.5 0.5 0.5 0.5 0.5 0.9960127 
Car 0.5 3 0 367.6526 190.6667 455.6939 263.91736 0.5 0.5 0.5 0.5 0.5 0.5 0.5 0.97141933 
Car 0.5 3 0 879.71857 173.45398 943.0037 195.77353 0.5 0.5 0.5 0.5 0.5 0.5 0.5 0.9710678 
Car 0.5 3 0 484.24768 184.67471 535.0401 220.07898 0.5 0.5 0.5 0.5 0.5 0.5 0.5 0.9583669 
Car 0.5 3 0 523.7062 182.88326 542.4234 211.74242 0.5 0.5 0.5 0.5 0.5 0.5 0.5 0.8939493 
Car 0.5 3 0 540.4304 179.91475 571.88525 195.24721 0.5 0.5 0.5 0.5 0.5 0.5 0.5 0.8619556 
Car 0.5 3 0 1100.3136 169.59154 1130.6388 198.25432 0.5 0.5 0.5 0.5 0.5 0.5 0.5 0.8054157 
Car 0.5 3 0 557.922 178.64459 575.83527 193.38951 0.5 0.5 0.5 0.5 0.5 0.5 0.5 0.7948339 
Car 0.5 3 0 598.09863 176.02112 609.41235 185.03607 0.5 0.5 0.5 0.5 0.5 0.5 0.5 0.7806642 
Car 0.5 3 0 609.1099 174.2825 621.94275 183.03651 0.5 0.5 0.5 0.5 0.5 0.5 0.5 0.5574266 
Car 0.5 3 0 575.2383 176.29395 588.8277 186.81607 0.5 0.5 0.5 0.5 0.5 0.5 0.5 0.5329221 
