Car 0.5 3 0 112.98847 209.1752 348.74628 318.07822 0.5 0.5 0.5 0.5 0.5 0.5 0.5 0.9970091 
Car 0.5 3 0 357.9498 195.8445 458.25406 257.4185 0.5 0.5 0.5 0.5 0.5 0.5 0.5 0.99610376 
Car 0.5 3 0 675.90027 190.77922 782.7145 265.244 0.5 0.5 0.5 0.5 0.5 0.5 0.5 0.9958339 
Car 0.5 3 0 433.5409 192.49646 484.92447 237.00612 0.5 0.5 0.5 0.5 0.5 0.5 0.5 0.9560433 
Car 0.5 3 0 493.2924 189.15262 535.0138 215.45203 0.5 0.5 0.5 0.5 0.5 0.5 0.5 0.89651954 
Car 0.5 3 0 976.16943 176.57883 1008.3959 203.23157 0.5 0.5 0.5 0.5 0.5 0.5 0.5 0.88960826 
Car 0.5 3 0 532.16254 185.29218 555.81824 198.99283 0.5 0.5 0.5 0.5 0.5 0.5 0.5 0.8040968 
Car 0.5 3 0 580.8204 180.96785 589.54846 190.27097 0.5 0.5 0.5 0.5 0.5 0.5 0.5 0.62709767 
Car 0.5 3 0 544.1768 184.25322 561.02295 197.6476 0.5 0.5 0.5 0.5 0.5 0.5 0.5 0.6240937 
Car 0.5 3 0 521.4279 188.85092 536.7613 211.19551 0.5 0.5 0.5 0.5 0.5 0.5 0.5 0.60246825 
Car 0.5 3 0 591.00934 179.70746 602.5748 188.21707 0.5 0.5 0.5 0.5 0.5 0.5 0.5 0.5212392 
