Car 0.5 3 0 666.5692 181.14665 741.319 235.86919 0.5 0.5 0.5 0.5 0.5 0.5 0.5 0.99528706 
Car 0.5 3 0 935.036 209.44527 1241.2643 369.9256 0.5 0.5 0.5 0.5 0.5 0.5 0.5 0.9950584 
Car 0.5 3 0 453.95963 186.71638 489.42172 232.29176 0.5 0.5 0.5 0.5 0.5 0.5 0.5 0.9918303 
Car 0.5 3 0 0.18608783 220.28552 129.10231 370.5732 0.5 0.5 0.5 0.5 0.5 0.5 0.5 0.99025506 
Car 0.5 3 0 470.60104 185.4946 510.24503 221.88603 0.5 0.5 0.5 0.5 0.5 0.5 0.5 0.978908 
Car 0.5 3 0 509.64206 181.34314 546.6337 206.34392 0.5 0.5 0.5 0.5 0.5 0.5 0.5 0.9747053 
Car 0.5 3 0 543.64795 177.8337 567.2174 191.66782 0.5 0.5 0.5 0.5 0.5 0.5 0.5 0.82979685 
Car 0.5 3 0 585.74927 174.4003 597.7699 183.69997 0.5 0.5 0.5 0.5 0.5 0.5 0.5 0.7366706 
Car 0.5 3 0 930.33936 166.74399 956.6444 192.72684 0.5 0.5 0.5 0.5 0.5 0.5 0.5 0.7336987 
Car 0.5 3 0 554.6103 177.0429 569.3943 189.97816 0.5 0.5 0.5 0.5 0.5 0.5 0.5 0.7191905 
Pedestrian 0.5 3 0 304.3955 168.8554 358.2358 219.03537 0.5 0.5 0.5 0.5 0.5 0.5 0.5 0.6755456 
Pedestrian 0.5 3 0 267.4839 180.17737 309.9561 221.27563 0.5 0.5 0.5 0.5 0.5 0.5 0.5 0.5570978 
Car 0.5 3 0 70.809845 146.97871 431.54608 370.32117 0.5 0.5 0.5 0.5 0.5 0.5 0.5 0.5191109 
