Car 0.5 3 0 14.389144 216.05922 313.22723 349.34177 0.5 0.5 0.5 0.5 0.5 0.5 0.5 0.9982332 
Car 0.5 3 0 336.9141 198.85107 448.3826 267.21158 0.5 0.5 0.5 0.5 0.5 0.5 0.5 0.996497 
Car 0.5 3 0 687.6969 191.92711 810.6612 275.65082 0.5 0.5 0.5 0.5 0.5 0.5 0.5 0.9947296 
Car 0.5 3 0 422.8364 194.66145 481.62625 244.20564 0.5 0.5 0.5 0.5 0.5 0.5 0.5 0.99036694 
Car 0.5 3 0 489.8035 190.31369 535.5118 218.66278 0.5 0.5 0.5 0.5 0.5 0.5 0.5 0.97709185 
Car 0.5 3 0 532.3153 185.67332 562.8657 200.74397 0.5 0.5 0.5 0.5 0.5 0.5 0.5 0.92961264 
Car 0.5 3 0 583.1689 181.40158 596.7069 191.57281 0.5 0.5 0.5 0.5 0.5 0.5 0.5 0.6704335 
Car 0.5 3 0 560.73676 182.27437 577.9777 193.34706 0.5 0.5 0.5 0.5 0.5 0.5 0.5 0.6487912 
Car 0.5 3 0 523.42883 188.51422 538.7708 213.13966 0.5 0.5 0.5 0.5 0.5 0.5 0.5 0.56896794 
Car 0.5 3 0 627.62506 177.69579 648.37036 197.01009 0.5 0.5 0.5 0.5 0.5 0.5 0.5 0.5515226 
Car 0.5 3 0 547.4096 184.74063 563.94604 198.8236 0.5 0.5 0.5 0.5 0.5 0.5 0.5 0.50087804 
