Car 0.5 3 0 0.0 223.4697 256.9165 375.0 0.5 0.5 0.5 0.5 0.5 0.5 0.5 0.99724567 
Car 0.5 3 0 714.13617 193.33383 870.1325 297.07623 0.5 0.5 0.5 0.5 0.5 0.5 0.5 0.99618524 
Car 0.5 3 0 300.51428 197.97287 435.62436 277.48776 0.5 0.5 0.5 0.5 0.5 0.5 0.5 0.9948466 
Car 0.5 3 0 490.21277 187.87277 539.6963 217.37003 0.5 0.5 0.5 0.5 0.5 0.5 0.5 0.97826195 
Car 0.5 3 0 405.6677 192.89308 476.1267 249.22621 0.5 0.5 0.5 0.5 0.5 0.5 0.5 0.93025833 
Car 0.5 3 0 537.15704 182.91353 569.20917 198.16072 0.5 0.5 0.5 0.5 0.5 0.5 0.5 0.91832775 
Car 0.5 3 0 1021.5509 169.5921 1050.3354 199.25127 0.5 0.5 0.5 0.5 0.5 0.5 0.5 0.7838672 
Car 0.5 3 0 590.7636 178.41212 603.26135 188.17177 0.5 0.5 0.5 0.5 0.5 0.5 0.5 0.698186 
Car 0.5 3 0 555.1065 181.77217 570.4731 195.35475 0.5 0.5 0.5 0.5 0.5 0.5 0.5 0.68806297 
Car 0.5 3 0 524.7463 187.30966 542.59705 212.0769 0.5 0.5 0.5 0.5 0.5 0.5 0.5 0.6498904 
Car 0.5 3 0 601.5201 177.989 614.81366 186.56927 0.5 0.5 0.5 0.5 0.5 0.5 0.5 0.5259507 
Car 0.5 3 0 570.3685 180.46786 582.13007 190.05072 0.5 0.5 0.5 0.5 0.5 0.5 0.5 0.50719166 
