Car 0.5 3 0 666.5058 185.26134 750.6788 245.7232 0.5 0.5 0.5 0.5 0.5 0.5 0.5 0.99652326 
Car 0.5 3 0 397.65826 190.31702 478.58716 242.87238 0.5 0.5 0.5 0.5 0.5 0.5 0.5 0.99418795 
Car 0.5 3 0 503.87173 183.8796 542.0565 209.29974 0.5 0.5 0.5 0.5 0.5 0.5 0.5 0.97645366 
Car 0.5 3 0 455.49756 187.32538 502.544 228.70702 0.5 0.5 0.5 0.5 0.5 0.5 0.5 0.9751624 
Car 0.5 3 0 538.4057 181.56984 561.3161 195.18265 0.5 0.5 0.5 0.5 0.5 0.5 0.5 0.90005183 
Car 0.5 3 0 546.64136 180.83539 564.9876 193.72563 0.5 0.5 0.5 0.5 0.5 0.5 0.5 0.78843594 
Car 0.5 3 0 590.11743 177.38435 604.249 185.9874 0.5 0.5 0.5 0.5 0.5 0.5 0.5 0.6963502 
Car 0.5 3 0 583.2046 177.77219 595.98444 186.93082 0.5 0.5 0.5 0.5 0.5 0.5 0.5 0.57743675 
Car 0.5 3 0 596.12854 178.37592 605.3721 185.36296 0.5 0.5 0.5 0.5 0.5 0.5 0.5 0.5152721 
Car 0.5 3 0 3.8771498 110.8639 395.5326 375.0 0.5 0.5 0.5 0.5 0.5 0.5 0.5 0.5027324 
