Pedestrian 0.5 3 0 741.5105 158.35187 833.34576 340.89084 0.5 0.5 0.5 0.5 0.5 0.5 0.5 0.99600106 
Cyclist 0.5 3 0 982.6279 180.52206 1071.1228 235.60165 0.5 0.5 0.5 0.5 0.5 0.5 0.5 0.9753066 
Cyclist 0.5 3 0 756.40594 244.03897 838.21954 371.88113 0.5 0.5 0.5 0.5 0.5 0.5 0.5 0.9725772 
Car 0.5 3 0 265.14813 154.52734 406.9155 265.12143 0.5 0.5 0.5 0.5 0.5 0.5 0.5 0.96807307 
Cyclist 0.5 3 0 812.88715 178.79497 889.17584 232.10535 0.5 0.5 0.5 0.5 0.5 0.5 0.5 0.9627028 
Cyclist 0.5 3 0 592.8662 179.68187 637.123 217.86298 0.5 0.5 0.5 0.5 0.5 0.5 0.5 0.8027791 
Car 0.5 3 0 113.600334 187.77458 154.94963 209.9848 0.5 0.5 0.5 0.5 0.5 0.5 0.5 0.79023355 
Car 0.5 3 0 138.52467 179.74608 182.51721 200.99928 0.5 0.5 0.5 0.5 0.5 0.5 0.5 0.72153777 
Car 0.5 3 0 405.50452 192.77742 438.34778 222.76587 0.5 0.5 0.5 0.5 0.5 0.5 0.5 0.68168634 
Car 0.5 3 0 397.83398 163.2892 438.70764 203.52489 0.5 0.5 0.5 0.5 0.5 0.5 0.5 0.5847669 
