Pedestrian 0.5 3 0 624.27527 168.67029 695.9086 315.67932 0.5 0.5 0.5 0.5 0.5 0.5 0.5 0.9954448 
Cyclist 0.5 3 0 613.1316 231.5759 710.5463 339.5476 0.5 0.5 0.5 0.5 0.5 0.5 0.5 0.99037206 
Cyclist 0.5 3 0 865.8366 186.72882 956.36975 254.22383 0.5 0.5 0.5 0.5 0.5 0.5 0.5 0.9903217 
Car 0.5 3 0 560.2454 163.69904 633.4912 209.19147 0.5 0.5 0.5 0.5 0.5 0.5 0.5 0.9624958 
Cyclist 0.5 3 0 572.0843 206.04993 625.0979 260.2991 0.5 0.5 0.5 0.5 0.5 0.5 0.5 0.8906842 
Cyclist 0.5 3 0 538.09845 204.56601 570.94556 256.77063 0.5 0.5 0.5 0.5 0.5 0.5 0.5 0.88557863 
Car 0.5 3 0 317.82022 164.26643 403.93155 254.29808 0.5 0.5 0.5 0.5 0.5 0.5 0.5 0.57658535 
Pedestrian 0.5 3 0 336.63135 175.01166 354.6036 194.12766 0.5 0.5 0.5 0.5 0.5 0.5 0.5 0.5539758 
Pedestrian 0.5 3 0 439.62366 174.76646 452.30032 208.20744 0.5 0.5 0.5 0.5 0.5 0.5 0.5 0.52366894 
Pedestrian 0.5 3 0 290.90985 188.53938 309.58887 214.79625 0.5 0.5 0.5 0.5 0.5 0.5 0.5 0.5100283 
