Car 0.5 3 0 702.77765 187.07565 883.9006 322.1558 0.5 0.5 0.5 0.5 0.5 0.5 0.5 0.9979843 
Pedestrian 0.5 3 0 487.49902 185.1692 525.3331 267.41385 0.5 0.5 0.5 0.5 0.5 0.5 0.5 0.99620616 
Car 0.5 3 0 576.4383 190.84712 708.50916 281.22238 0.5 0.5 0.5 0.5 0.5 0.5 0.5 0.9936686 
Car 0.5 3 0 109.89013 202.50359 267.08487 295.32138 0.5 0.5 0.5 0.5 0.5 0.5 0.5 0.9922059 
Car 0.5 3 0 234.86479 188.50755 304.96082 258.7306 0.5 0.5 0.5 0.5 0.5 0.5 0.5 0.98932505 
Car 0.5 3 0 524.76263 181.82585 596.04785 246.84593 0.5 0.5 0.5 0.5 0.5 0.5 0.5 0.987651 
Cyclist 0.5 3 0 497.39514 221.25677 519.3618 281.07166 0.5 0.5 0.5 0.5 0.5 0.5 0.5 0.951006 
Car 0.5 3 0 411.4949 180.32465 448.67038 216.62096 0.5 0.5 0.5 0.5 0.5 0.5 0.5 0.9466439 
Car 0.5 3 0 867.4778 172.15378 912.7507 200.16478 0.5 0.5 0.5 0.5 0.5 0.5 0.5 0.9393852 
Car 0.5 3 0 288.50015 191.16399 328.8306 238.61316 0.5 0.5 0.5 0.5 0.5 0.5 0.5 0.9320138 
Car 0.5 3 0 474.73267 185.49759 497.01465 218.63911 0.5 0.5 0.5 0.5 0.5 0.5 0.5 0.8814089 
Car 0.5 3 0 462.07733 185.4623 479.9823 209.08148 0.5 0.5 0.5 0.5 0.5 0.5 0.5 0.82184386 
Car 0.5 3 0 275.11618 168.81415 374.51657 216.37912 0.5 0.5 0.5 0.5 0.5 0.5 0.5 0.77029896 
Car 0.5 3 0 458.3707 182.95306 491.41016 208.75519 0.5 0.5 0.5 0.5 0.5 0.5 0.5 0.74610215 
Car 0.5 3 0 449.23257 182.71498 465.56308 202.71454 0.5 0.5 0.5 0.5 0.5 0.5 0.5 0.7419044 
Car 0.5 3 0 508.89362 186.71823 536.4848 210.59886 0.5 0.5 0.5 0.5 0.5 0.5 0.5 0.65341556 
Car 0.5 3 0 389.20502 181.10904 404.6622 189.51971 0.5 0.5 0.5 0.5 0.5 0.5 0.5 0.62336904 
Car 0.5 3 0 449.83408 180.07878 466.29733 194.73404 0.5 0.5 0.5 0.5 0.5 0.5 0.5 0.5677167 
Car 0.5 3 0 452.80853 183.66058 472.3781 206.9332 0.5 0.5 0.5 0.5 0.5 0.5 0.5 0.50393707 
