Car 0.5 3 0 731.5942 190.587 850.3485 268.57736 0.5 0.5 0.5 0.5 0.5 0.5 0.5 0.9977176 
Pedestrian 0.5 3 0 666.4765 182.54077 703.5779 273.53992 0.5 0.5 0.5 0.5 0.5 0.5 0.5 0.9966286 
Car 0.5 3 0 376.63242 178.32146 463.10938 231.89668 0.5 0.5 0.5 0.5 0.5 0.5 0.5 0.9885063 
Car 0.5 3 0 621.0104 181.75772 673.83936 227.76842 0.5 0.5 0.5 0.5 0.5 0.5 0.5 0.9816093 
Car 0.5 3 0 524.7827 171.44402 565.05945 211.51318 0.5 0.5 0.5 0.5 0.5 0.5 0.5 0.9734489 
Car 0.5 3 0 679.26605 189.45724 740.1155 246.58713 0.5 0.5 0.5 0.5 0.5 0.5 0.5 0.96551436 
Car 0.5 3 0 595.5882 184.14568 629.30176 218.73396 0.5 0.5 0.5 0.5 0.5 0.5 0.5 0.96365 
Car 0.5 3 0 563.3566 180.11378 580.2857 201.75337 0.5 0.5 0.5 0.5 0.5 0.5 0.5 0.83001673 
Car 0.5 3 0 576.88727 180.4473 600.33435 210.51527 0.5 0.5 0.5 0.5 0.5 0.5 0.5 0.8219501 
Car 0.5 3 0 454.9463 171.76897 479.92584 194.01868 0.5 0.5 0.5 0.5 0.5 0.5 0.5 0.7638346 
Cyclist 0.5 3 0 1120.0382 229.67632 1234.0804 316.71176 0.5 0.5 0.5 0.5 0.5 0.5 0.5 0.7415414 
Car 0.5 3 0 414.81177 174.74687 461.0525 198.32535 0.5 0.5 0.5 0.5 0.5 0.5 0.5 0.6952057 
Car 0.5 3 0 567.80096 179.28052 587.4613 203.03476 0.5 0.5 0.5 0.5 0.5 0.5 0.5 0.6723431 
Car 0.5 3 0 585.28845 182.73026 613.35065 212.83138 0.5 0.5 0.5 0.5 0.5 0.5 0.5 0.65254486 
