Pedestrian 0.5 3 0 540.5693 180.92702 576.6501 270.94833 0.5 0.5 0.5 0.5 0.5 0.5 0.5 0.99812466 
Car 0.5 3 0 675.18567 185.52428 824.0459 288.97324 0.5 0.5 0.5 0.5 0.5 0.5 0.5 0.9979692 
Car 0.5 3 0 585.12213 187.9209 690.6291 258.77332 0.5 0.5 0.5 0.5 0.5 0.5 0.5 0.99415237 
Car 0.5 3 0 204.69896 188.91731 322.24896 264.8335 0.5 0.5 0.5 0.5 0.5 0.5 0.5 0.99038094 
Car 0.5 3 0 282.2779 179.83055 353.06555 234.24547 0.5 0.5 0.5 0.5 0.5 0.5 0.5 0.9802029 
Car 0.5 3 0 491.6723 183.20258 538.9401 217.08774 0.5 0.5 0.5 0.5 0.5 0.5 0.5 0.97575265 
Car 0.5 3 0 486.20987 181.6901 505.24304 211.65363 0.5 0.5 0.5 0.5 0.5 0.5 0.5 0.94767725 
Car 0.5 3 0 426.55304 174.2247 465.555 211.93535 0.5 0.5 0.5 0.5 0.5 0.5 0.5 0.9414059 
Car 0.5 3 0 550.82385 179.88605 600.79865 230.09686 0.5 0.5 0.5 0.5 0.5 0.5 0.5 0.8649056 
Car 0.5 3 0 293.18576 160.60796 389.20706 201.92262 0.5 0.5 0.5 0.5 0.5 0.5 0.5 0.8558303 
Car 0.5 3 0 508.72595 184.35901 545.1657 223.16626 0.5 0.5 0.5 0.5 0.5 0.5 0.5 0.8462689 
Car 0.5 3 0 472.22003 179.67036 492.9021 203.3332 0.5 0.5 0.5 0.5 0.5 0.5 0.5 0.82159585 
Car 0.5 3 0 510.32825 181.4572 606.6523 224.53532 0.5 0.5 0.5 0.5 0.5 0.5 0.5 0.59627825 
Cyclist 0.5 3 0 554.36584 223.89143 573.29626 275.69864 0.5 0.5 0.5 0.5 0.5 0.5 0.5 0.59512424 
Car 0.5 3 0 289.68832 169.21925 363.69193 218.19128 0.5 0.5 0.5 0.5 0.5 0.5 0.5 0.568784 
Car 0.5 3 0 462.4581 178.7544 477.32416 199.09991 0.5 0.5 0.5 0.5 0.5 0.5 0.5 0.5239031 
