Pedestrian 0.5 3 0 484.9121 176.56068 518.968 265.2959 0.5 0.5 0.5 0.5 0.5 0.5 0.5 0.99776566 
Car 0.5 3 0 66.26906 198.99397 256.4081 307.68802 0.5 0.5 0.5 0.5 0.5 0.5 0.5 0.99639183 
Car 0.5 3 0 598.8295 180.29823 760.9628 288.76047 0.5 0.5 0.5 0.5 0.5 0.5 0.5 0.9948196 
Car 0.5 3 0 759.9925 176.63753 992.8827 360.726 0.5 0.5 0.5 0.5 0.5 0.5 0.5 0.9940851 
Car 0.5 3 0 540.1175 174.41507 620.7609 245.49277 0.5 0.5 0.5 0.5 0.5 0.5 0.5 0.98968583 
Car 0.5 3 0 219.83241 182.94853 305.11905 258.8509 0.5 0.5 0.5 0.5 0.5 0.5 0.5 0.98158133 
Car 0.5 3 0 296.6845 187.53844 331.3397 235.87819 0.5 0.5 0.5 0.5 0.5 0.5 0.5 0.97836566 
Car 0.5 3 0 427.42975 170.86308 463.054 208.13567 0.5 0.5 0.5 0.5 0.5 0.5 0.5 0.95941085 
Car 0.5 3 0 509.7769 178.50569 553.544 224.5159 0.5 0.5 0.5 0.5 0.5 0.5 0.5 0.90450335 
Car 0.5 3 0 409.94485 171.5793 429.6922 182.66507 0.5 0.5 0.5 0.5 0.5 0.5 0.5 0.886494 
Car 0.5 3 0 479.68954 176.5992 494.88596 200.84389 0.5 0.5 0.5 0.5 0.5 0.5 0.5 0.886452 
Car 0.5 3 0 298.97446 160.32869 394.12103 209.55676 0.5 0.5 0.5 0.5 0.5 0.5 0.5 0.7934666 
Car 0.5 3 0 471.817 176.36629 491.1427 198.51437 0.5 0.5 0.5 0.5 0.5 0.5 0.5 0.7620184 
Car 0.5 3 0 467.5653 173.40575 483.808 194.6249 0.5 0.5 0.5 0.5 0.5 0.5 0.5 0.5858913 
Car 0.5 3 0 476.8031 174.40364 513.03735 199.7766 0.5 0.5 0.5 0.5 0.5 0.5 0.5 0.5322087 
Pedestrian 0.5 3 0 397.3982 173.15775 408.99338 195.1905 0.5 0.5 0.5 0.5 0.5 0.5 0.5 0.5266355 
Car 0.5 3 0 458.95685 172.03052 473.09628 187.03395 0.5 0.5 0.5 0.5 0.5 0.5 0.5 0.5022495 
