Cyclist 0.5 3 0 1119.2595 201.01472 1241.4142 280.48462 0.5 0.5 0.5 0.5 0.5 0.5 0.5 0.9972627 
Pedestrian 0.5 3 0 695.26855 182.68489 778.0844 350.4467 0.5 0.5 0.5 0.5 0.5 0.5 0.5 0.9955979 
Cyclist 0.5 3 0 698.8982 259.2274 795.713 370.1557 0.5 0.5 0.5 0.5 0.5 0.5 0.5 0.9937442 
Car 0.5 3 0 495.63956 179.36122 562.05975 221.0982 0.5 0.5 0.5 0.5 0.5 0.5 0.5 0.98538524 
Car 0.5 3 0 270.77908 175.3257 383.71094 268.8699 0.5 0.5 0.5 0.5 0.5 0.5 0.5 0.93141896 
Cyclist 0.5 3 0 510.0593 214.06607 559.0342 260.68414 0.5 0.5 0.5 0.5 0.5 0.5 0.5 0.9247704 
Cyclist 0.5 3 0 481.8543 211.45988 508.76505 257.09595 0.5 0.5 0.5 0.5 0.5 0.5 0.5 0.8822838 
Cyclist 0.5 3 0 767.24133 201.02232 818.8868 250.81262 0.5 0.5 0.5 0.5 0.5 0.5 0.5 0.87353796 
Pedestrian 0.5 3 0 398.70145 188.78557 410.9532 220.76389 0.5 0.5 0.5 0.5 0.5 0.5 0.5 0.622391 
Car 0.5 3 0 133.7231 204.41356 185.35999 225.35684 0.5 0.5 0.5 0.5 0.5 0.5 0.5 0.5801081 
Pedestrian 0.5 3 0 230.11327 200.16743 250.60423 225.58696 0.5 0.5 0.5 0.5 0.5 0.5 0.5 0.5507668 
Pedestrian 0.5 3 0 152.16454 191.92111 164.57384 212.7702 0.5 0.5 0.5 0.5 0.5 0.5 0.5 0.520447 
