Cyclist 0.5 3 0 912.94495 184.84113 1021.955 246.69164 0.5 0.5 0.5 0.5 0.5 0.5 0.5 0.9984963 
Pedestrian 0.5 3 0 743.915 165.00504 825.58325 350.6409 0.5 0.5 0.5 0.5 0.5 0.5 0.5 0.9983925 
Cyclist 0.5 3 0 1141.7007 191.14455 1239.8329 256.69626 0.5 0.5 0.5 0.5 0.5 0.5 0.5 0.9909136 
Cyclist 0.5 3 0 739.9603 251.44159 841.86096 370.2029 0.5 0.5 0.5 0.5 0.5 0.5 0.5 0.9875733 
Car 0.5 3 0 430.075 166.52158 488.96735 208.1215 0.5 0.5 0.5 0.5 0.5 0.5 0.5 0.938383 
Cyclist 0.5 3 0 658.9735 189.5015 705.51605 227.4735 0.5 0.5 0.5 0.5 0.5 0.5 0.5 0.90110683 
Car 0.5 3 0 73.198074 190.87013 119.156494 210.31367 0.5 0.5 0.5 0.5 0.5 0.5 0.5 0.850968 
Car 0.5 3 0 257.15894 158.46576 392.4719 260.5419 0.5 0.5 0.5 0.5 0.5 0.5 0.5 0.8151386 
Car 0.5 3 0 165.30135 190.9593 214.57677 212.57999 0.5 0.5 0.5 0.5 0.5 0.5 0.5 0.5849166 
Cyclist 0.5 3 0 678.9906 188.29549 712.4304 228.1317 0.5 0.5 0.5 0.5 0.5 0.5 0.5 0.55254406 
