Pedestrian 0.5 3 0 735.17316 154.81996 825.28455 328.03015 0.5 0.5 0.5 0.5 0.5 0.5 0.5 0.9964838 
Pedestrian 0.5 3 0 1154.8563 157.0588 1239.6377 313.42984 0.5 0.5 0.5 0.5 0.5 0.5 0.5 0.9935302 
Cyclist 0.5 3 0 938.6565 170.86897 1022.09033 230.5231 0.5 0.5 0.5 0.5 0.5 0.5 0.5 0.9869665 
Cyclist 0.5 3 0 748.2101 255.32594 826.15094 371.79428 0.5 0.5 0.5 0.5 0.5 0.5 0.5 0.9544076 
Cyclist 0.5 3 0 799.1102 178.15324 858.2207 226.17744 0.5 0.5 0.5 0.5 0.5 0.5 0.5 0.91624844 
Car 0.5 3 0 269.63705 152.47772 412.8848 264.74905 0.5 0.5 0.5 0.5 0.5 0.5 0.5 0.8720016 
Cyclist 0.5 3 0 574.3286 179.76755 615.87616 213.60365 0.5 0.5 0.5 0.5 0.5 0.5 0.5 0.855264 
Pedestrian 0.5 3 0 256.15625 169.9553 267.84277 199.46103 0.5 0.5 0.5 0.5 0.5 0.5 0.5 0.7500388 
Car 0.5 3 0 111.64722 176.7969 148.25487 196.92531 0.5 0.5 0.5 0.5 0.5 0.5 0.5 0.6614547 
Car 0.5 3 0 105.94706 184.08788 124.75639 195.09749 0.5 0.5 0.5 0.5 0.5 0.5 0.5 0.6332955 
