Pedestrian 0.5 3 0 794.894 181.8926 835.8924 272.81924 0.5 0.5 0.5 0.5 0.5 0.5 0.5 0.99848735 
Car 0.5 3 0 859.6975 190.35742 914.01086 230.5854 0.5 0.5 0.5 0.5 0.5 0.5 0.5 0.994885 
Car 0.5 3 0 896.68207 192.14119 923.1282 239.98303 0.5 0.5 0.5 0.5 0.5 0.5 0.5 0.9917231 
Car 0.5 3 0 836.13245 184.91272 876.7377 219.38939 0.5 0.5 0.5 0.5 0.5 0.5 0.5 0.9855945 
Car 0.5 3 0 657.1207 180.02397 708.4331 218.51909 0.5 0.5 0.5 0.5 0.5 0.5 0.5 0.96733975 
Cyclist 0.5 3 0 794.8505 232.6141 822.6085 280.04993 0.5 0.5 0.5 0.5 0.5 0.5 0.5 0.91752267 
Car 0.5 3 0 768.45685 173.62544 810.75903 218.85985 0.5 0.5 0.5 0.5 0.5 0.5 0.5 0.9174541 
Car 0.5 3 0 705.15906 178.75954 720.15094 193.88866 0.5 0.5 0.5 0.5 0.5 0.5 0.5 0.7195767 
Car 0.5 3 0 717.1351 175.77754 729.934 187.26773 0.5 0.5 0.5 0.5 0.5 0.5 0.5 0.6628934 
Car 0.5 3 0 743.5161 174.75761 756.1329 183.09224 0.5 0.5 0.5 0.5 0.5 0.5 0.5 0.61909604 
Car 0.5 3 0 754.2306 178.1613 766.4919 189.82692 0.5 0.5 0.5 0.5 0.5 0.5 0.5 0.57785606 
Car 0.5 3 0 756.71796 177.80132 772.03186 191.02374 0.5 0.5 0.5 0.5 0.5 0.5 0.5 0.51063466 
