Pedestrian 0.5 3 0 758.1969 179.74348 797.8986 267.1777 0.5 0.5 0.5 0.5 0.5 0.5 0.5 0.9963575 
Car 0.5 3 0 805.698 186.22577 909.36316 246.18225 0.5 0.5 0.5 0.5 0.5 0.5 0.5 0.99476814 
Car 0.5 3 0 6.7727427 185.89815 186.85446 285.69376 0.5 0.5 0.5 0.5 0.5 0.5 0.5 0.98319083 
Car 0.5 3 0 721.4 180.18573 765.7555 218.17328 0.5 0.5 0.5 0.5 0.5 0.5 0.5 0.9808539 
Car 0.5 3 0 524.33136 175.98875 583.3241 218.9694 0.5 0.5 0.5 0.5 0.5 0.5 0.5 0.9781059 
Car 0.5 3 0 641.07227 170.04965 686.08466 212.21005 0.5 0.5 0.5 0.5 0.5 0.5 0.5 0.9723592 
Car 0.5 3 0 699.1416 181.0128 728.7058 210.87961 0.5 0.5 0.5 0.5 0.5 0.5 0.5 0.9257345 
Car 0.5 3 0 780.7918 185.77266 816.4844 228.8551 0.5 0.5 0.5 0.5 0.5 0.5 0.5 0.9079445 
Car 0.5 3 0 682.80566 178.17358 700.534 205.41716 0.5 0.5 0.5 0.5 0.5 0.5 0.5 0.79387337 
Pedestrian 0.5 3 0 191.91286 180.89032 216.85515 229.07773 0.5 0.5 0.5 0.5 0.5 0.5 0.5 0.7163329 
Car 0.5 3 0 548.64795 171.19104 581.18207 194.57875 0.5 0.5 0.5 0.5 0.5 0.5 0.5 0.6845113 
Car 0.5 3 0 748.2267 184.2185 816.68097 226.31207 0.5 0.5 0.5 0.5 0.5 0.5 0.5 0.6370033 
Car 0.5 3 0 627.5407 172.99942 643.04144 185.13449 0.5 0.5 0.5 0.5 0.5 0.5 0.5 0.63692343 
Pedestrian 0.5 3 0 214.44284 170.79543 238.13718 228.12726 0.5 0.5 0.5 0.5 0.5 0.5 0.5 0.56164604 
Car 0.5 3 0 579.2485 173.33623 595.5769 189.47186 0.5 0.5 0.5 0.5 0.5 0.5 0.5 0.550396 
Car 0.5 3 0 591.6423 172.17514 605.72723 186.43909 0.5 0.5 0.5 0.5 0.5 0.5 0.5 0.5272147 
