Pedestrian 0.5 3 0 746.10706 164.78336 827.26245 354.20563 0.5 0.5 0.5 0.5 0.5 0.5 0.5 0.9985642 
Cyclist 0.5 3 0 897.769 185.85857 998.90497 248.59702 0.5 0.5 0.5 0.5 0.5 0.5 0.5 0.998156 
Cyclist 0.5 3 0 1113.7212 191.00252 1237.024 258.15118 0.5 0.5 0.5 0.5 0.5 0.5 0.5 0.99440706 
Cyclist 0.5 3 0 733.1215 247.75667 847.7075 370.6521 0.5 0.5 0.5 0.5 0.5 0.5 0.5 0.9874537 
Car 0.5 3 0 421.01657 169.2042 482.45865 212.02075 0.5 0.5 0.5 0.5 0.5 0.5 0.5 0.97058344 
Cyclist 0.5 3 0 649.3299 189.08241 696.3663 227.51624 0.5 0.5 0.5 0.5 0.5 0.5 0.5 0.9184566 
Car 0.5 3 0 261.2349 159.7902 394.33893 261.93076 0.5 0.5 0.5 0.5 0.5 0.5 0.5 0.8128503 
Cyclist 0.5 3 0 415.5979 203.19742 442.7915 236.51689 0.5 0.5 0.5 0.5 0.5 0.5 0.5 0.6757199 
Car 0.5 3 0 165.45596 185.9816 196.37315 205.80869 0.5 0.5 0.5 0.5 0.5 0.5 0.5 0.64294964 
Car 0.5 3 0 74.9201 192.03752 111.171455 209.70746 0.5 0.5 0.5 0.5 0.5 0.5 0.5 0.52733713 
