Car 0.5 3 0 1.6108348 202.03769 235.69275 335.37128 0.5 0.5 0.5 0.5 0.5 0.5 0.5 0.9982961 
Pedestrian 0.5 3 0 504.28088 176.88715 536.27637 254.67859 0.5 0.5 0.5 0.5 0.5 0.5 0.5 0.9978934 
Car 0.5 3 0 665.2395 187.62308 918.00977 346.63495 0.5 0.5 0.5 0.5 0.5 0.5 0.5 0.99649894 
Car 0.5 3 0 326.6011 187.66713 371.62167 232.93446 0.5 0.5 0.5 0.5 0.5 0.5 0.5 0.9942275 
Car 0.5 3 0 588.61993 175.73903 689.3938 264.40805 0.5 0.5 0.5 0.5 0.5 0.5 0.5 0.9928082 
Car 0.5 3 0 311.92477 194.76352 343.06393 250.6143 0.5 0.5 0.5 0.5 0.5 0.5 0.5 0.98534364 
Car 0.5 3 0 204.81099 183.33444 319.90793 275.31784 0.5 0.5 0.5 0.5 0.5 0.5 0.5 0.9793498 
Car 0.5 3 0 558.317 179.89252 606.0588 238.82428 0.5 0.5 0.5 0.5 0.5 0.5 0.5 0.97563124 
Pedestrian 0.5 3 0 762.9075 164.20772 789.5236 188.68509 0.5 0.5 0.5 0.5 0.5 0.5 0.5 0.9652414 
Car 0.5 3 0 472.05304 172.11038 507.35767 206.1625 0.5 0.5 0.5 0.5 0.5 0.5 0.5 0.9501012 
Car 0.5 3 0 1001.0787 184.16373 1233.0825 371.0942 0.5 0.5 0.5 0.5 0.5 0.5 0.5 0.94856447 
Car 0.5 3 0 544.1029 181.50584 576.2608 224.91914 0.5 0.5 0.5 0.5 0.5 0.5 0.5 0.88064593 
Car 0.5 3 0 361.2132 181.54727 402.5712 211.75948 0.5 0.5 0.5 0.5 0.5 0.5 0.5 0.8029902 
Cyclist 0.5 3 0 512.8599 215.48116 531.4162 274.30624 0.5 0.5 0.5 0.5 0.5 0.5 0.5 0.7959211 
Car 0.5 3 0 538.58374 177.21387 560.5875 213.64455 0.5 0.5 0.5 0.5 0.5 0.5 0.5 0.7775192 
Car 0.5 3 0 528.6038 177.43108 549.811 205.0915 0.5 0.5 0.5 0.5 0.5 0.5 0.5 0.7371534 
Car 0.5 3 0 447.31964 175.83167 460.48254 186.4973 0.5 0.5 0.5 0.5 0.5 0.5 0.5 0.65249383 
Car 0.5 3 0 353.0835 161.45724 437.0106 209.64502 0.5 0.5 0.5 0.5 0.5 0.5 0.5 0.62647754 
Car 0.5 3 0 555.6415 181.67136 585.3233 231.72792 0.5 0.5 0.5 0.5 0.5 0.5 0.5 0.51698107 
