Car 0.5 3 0 17.006907 195.57362 248.41286 320.92667 0.5 0.5 0.5 0.5 0.5 0.5 0.5 0.9974711 
Car 0.5 3 0 874.23224 179.25293 1239.5925 369.71014 0.5 0.5 0.5 0.5 0.5 0.5 0.5 0.99645114 
Pedestrian 0.5 3 0 494.4298 176.09578 527.27997 251.81882 0.5 0.5 0.5 0.5 0.5 0.5 0.5 0.99620277 
Car 0.5 3 0 635.3951 182.91779 843.5455 315.33923 0.5 0.5 0.5 0.5 0.5 0.5 0.5 0.99599165 
Car 0.5 3 0 568.3397 175.30795 658.7052 251.20604 0.5 0.5 0.5 0.5 0.5 0.5 0.5 0.99355185 
Car 0.5 3 0 312.90234 185.34456 358.87985 230.4158 0.5 0.5 0.5 0.5 0.5 0.5 0.5 0.9902272 
Car 0.5 3 0 306.31915 189.72287 339.45294 241.29446 0.5 0.5 0.5 0.5 0.5 0.5 0.5 0.9801502 
Car 0.5 3 0 539.47986 178.37889 585.22644 231.04869 0.5 0.5 0.5 0.5 0.5 0.5 0.5 0.9762058 
Car 0.5 3 0 217.62383 180.48001 311.4585 266.22882 0.5 0.5 0.5 0.5 0.5 0.5 0.5 0.97386736 
Car 0.5 3 0 453.64435 168.69958 487.75266 205.27565 0.5 0.5 0.5 0.5 0.5 0.5 0.5 0.9407661 
Car 0.5 3 0 524.71533 177.0547 568.38885 221.1064 0.5 0.5 0.5 0.5 0.5 0.5 0.5 0.81737655 
Car 0.5 3 0 348.2576 179.9855 385.07605 209.4181 0.5 0.5 0.5 0.5 0.5 0.5 0.5 0.7787394 
Pedestrian 0.5 3 0 723.92664 163.6953 745.51996 184.58504 0.5 0.5 0.5 0.5 0.5 0.5 0.5 0.7648665 
Car 0.5 3 0 337.8367 158.16609 417.83102 207.84006 0.5 0.5 0.5 0.5 0.5 0.5 0.5 0.6411701 
Car 0.5 3 0 440.7086 170.99146 455.06735 181.587 0.5 0.5 0.5 0.5 0.5 0.5 0.5 0.60586673 
Pedestrian 0.5 3 0 423.7666 174.53955 434.1783 198.21172 0.5 0.5 0.5 0.5 0.5 0.5 0.5 0.5916528 
Car 0.5 3 0 486.6109 173.01244 502.17523 185.06271 0.5 0.5 0.5 0.5 0.5 0.5 0.5 0.56136817 
Cyclist 0.5 3 0 501.88718 216.71992 526.2217 272.37335 0.5 0.5 0.5 0.5 0.5 0.5 0.5 0.5146412 
