Pedestrian 0.5 3 0 792.1224 180.62038 829.7214 279.3833 0.5 0.5 0.5 0.5 0.5 0.5 0.5 0.9970463 
Car 0.5 3 0 846.66034 189.47179 900.057 230.29063 0.5 0.5 0.5 0.5 0.5 0.5 0.5 0.99469405 
Car 0.5 3 0 882.5487 193.07788 924.05804 241.71883 0.5 0.5 0.5 0.5 0.5 0.5 0.5 0.99275315 
Car 0.5 3 0 822.5672 183.76843 861.9202 221.25862 0.5 0.5 0.5 0.5 0.5 0.5 0.5 0.95507056 
Car 0.5 3 0 640.4968 180.3341 690.1637 220.1128 0.5 0.5 0.5 0.5 0.5 0.5 0.5 0.9543066 
Car 0.5 3 0 750.7994 173.95317 798.2369 219.21356 0.5 0.5 0.5 0.5 0.5 0.5 0.5 0.8898199 
Cyclist 0.5 3 0 793.654 230.9966 824.1291 287.74484 0.5 0.5 0.5 0.5 0.5 0.5 0.5 0.8320074 
Car 0.5 3 0 700.0768 176.54929 713.13055 189.39047 0.5 0.5 0.5 0.5 0.5 0.5 0.5 0.766357 
Car 0.5 3 0 688.1835 179.42044 703.69464 194.64693 0.5 0.5 0.5 0.5 0.5 0.5 0.5 0.7535677 
Car 0.5 3 0 661.17053 177.57394 692.03284 203.33408 0.5 0.5 0.5 0.5 0.5 0.5 0.5 0.623943 
Car 0.5 3 0 740.8425 178.46936 755.6902 191.6039 0.5 0.5 0.5 0.5 0.5 0.5 0.5 0.5153005 
