Car 0.5 3 0 3.8600893 203.23022 214.04893 361.61047 0.5 0.5 0.5 0.5 0.5 0.5 0.5 0.9975089 
Car 0.5 3 0 715.9349 190.6933 1124.3275 372.1949 0.5 0.5 0.5 0.5 0.5 0.5 0.5 0.99603456 
Pedestrian 0.5 3 0 517.7308 175.55708 551.97754 262.25723 0.5 0.5 0.5 0.5 0.5 0.5 0.5 0.99541605 
Car 0.5 3 0 311.00967 193.079 364.7606 250.86264 0.5 0.5 0.5 0.5 0.5 0.5 0.5 0.9943065 
Car 0.5 3 0 339.93884 186.49802 389.79572 233.50894 0.5 0.5 0.5 0.5 0.5 0.5 0.5 0.9941624 
Car 0.5 3 0 620.1621 175.11636 748.03845 277.08093 0.5 0.5 0.5 0.5 0.5 0.5 0.5 0.9931585 
Car 0.5 3 0 586.9272 180.65018 641.1398 245.94614 0.5 0.5 0.5 0.5 0.5 0.5 0.5 0.986759 
Pedestrian 0.5 3 0 831.99615 161.72243 865.1303 197.03337 0.5 0.5 0.5 0.5 0.5 0.5 0.5 0.9742216 
Car 0.5 3 0 186.30885 179.92102 324.26987 285.80832 0.5 0.5 0.5 0.5 0.5 0.5 0.5 0.97157156 
Car 0.5 3 0 379.0681 181.36139 426.2264 211.81116 0.5 0.5 0.5 0.5 0.5 0.5 0.5 0.9383801 
Car 0.5 3 0 571.315 180.47816 609.3674 228.15547 0.5 0.5 0.5 0.5 0.5 0.5 0.5 0.92881423 
Car 0.5 3 0 558.2551 174.95135 587.03796 207.38351 0.5 0.5 0.5 0.5 0.5 0.5 0.5 0.91541547 
Pedestrian 0.5 3 0 464.72537 173.00208 477.1117 202.33493 0.5 0.5 0.5 0.5 0.5 0.5 0.5 0.89014184 
Car 0.5 3 0 566.62823 178.7062 593.8229 220.35619 0.5 0.5 0.5 0.5 0.5 0.5 0.5 0.87996686 
Car 0.5 3 0 501.55133 167.87152 530.7527 204.47362 0.5 0.5 0.5 0.5 0.5 0.5 0.5 0.8669257 
Car 0.5 3 0 556.0503 176.05835 573.8987 205.08595 0.5 0.5 0.5 0.5 0.5 0.5 0.5 0.7718113 
Car 0.5 3 0 478.2161 175.09113 490.46875 185.18248 0.5 0.5 0.5 0.5 0.5 0.5 0.5 0.75357723 
Car 0.5 3 0 547.9856 174.72002 564.8219 200.03581 0.5 0.5 0.5 0.5 0.5 0.5 0.5 0.69022924 
Car 0.5 3 0 339.49615 191.6905 367.93704 240.53477 0.5 0.5 0.5 0.5 0.5 0.5 0.5 0.67747295 
Pedestrian 0.5 3 0 314.30652 175.81778 331.5684 192.36426 0.5 0.5 0.5 0.5 0.5 0.5 0.5 0.57675236 
Car 0.5 3 0 365.43338 158.26183 459.8687 206.82423 0.5 0.5 0.5 0.5 0.5 0.5 0.5 0.534259 
