Car 0.5 3 0 718.5318 182.71327 911.4811 329.64545 0.5 0.5 0.5 0.5 0.5 0.5 0.5 0.99778205 
Car 0.5 3 0 582.96387 185.14717 722.93115 283.09564 0.5 0.5 0.5 0.5 0.5 0.5 0.5 0.9959162 
Car 0.5 3 0 95.99206 198.36627 262.8563 300.5082 0.5 0.5 0.5 0.5 0.5 0.5 0.5 0.9946794 
Car 0.5 3 0 528.82245 180.17206 603.0808 246.79135 0.5 0.5 0.5 0.5 0.5 0.5 0.5 0.9901074 
Pedestrian 0.5 3 0 482.24164 183.04941 521.02875 267.94452 0.5 0.5 0.5 0.5 0.5 0.5 0.5 0.9885174 
Car 0.5 3 0 225.56105 184.63979 304.2694 258.58707 0.5 0.5 0.5 0.5 0.5 0.5 0.5 0.9876653 
Car 0.5 3 0 292.78088 189.86182 328.88342 238.12541 0.5 0.5 0.5 0.5 0.5 0.5 0.5 0.9815482 
Car 0.5 3 0 415.3269 174.73993 452.08118 213.67824 0.5 0.5 0.5 0.5 0.5 0.5 0.5 0.9123756 
Car 0.5 3 0 466.8791 179.78873 497.55405 206.74594 0.5 0.5 0.5 0.5 0.5 0.5 0.5 0.8660478 
Car 0.5 3 0 396.1078 177.45117 409.32907 185.70615 0.5 0.5 0.5 0.5 0.5 0.5 0.5 0.8158063 
Cyclist 0.5 3 0 493.7144 220.16026 516.4223 279.80527 0.5 0.5 0.5 0.5 0.5 0.5 0.5 0.813319 
Car 0.5 3 0 300.63522 164.98964 377.9022 212.30093 0.5 0.5 0.5 0.5 0.5 0.5 0.5 0.8053135 
Car 0.5 3 0 466.88397 181.20036 482.34933 206.41048 0.5 0.5 0.5 0.5 0.5 0.5 0.5 0.77373695 
Car 0.5 3 0 887.15295 166.58806 937.38605 198.50461 0.5 0.5 0.5 0.5 0.5 0.5 0.5 0.77051294 
Car 0.5 3 0 453.32053 179.00414 471.60925 199.46126 0.5 0.5 0.5 0.5 0.5 0.5 0.5 0.76636285 
Car 0.5 3 0 503.51392 182.92151 541.20715 216.5875 0.5 0.5 0.5 0.5 0.5 0.5 0.5 0.7612116 
Car 0.5 3 0 479.86624 181.33704 535.82416 218.20575 0.5 0.5 0.5 0.5 0.5 0.5 0.5 0.6897548 
Pedestrian 0.5 3 0 385.51117 178.66338 393.94446 199.73257 0.5 0.5 0.5 0.5 0.5 0.5 0.5 0.62745965 
Car 0.5 3 0 479.42517 181.99152 497.8941 215.02544 0.5 0.5 0.5 0.5 0.5 0.5 0.5 0.58459526 
