Cyclist 0.5 3 0 1039.2667 200.88437 1179.2373 277.91226 0.5 0.5 0.5 0.5 0.5 0.5 0.5 0.99921465 
Pedestrian 0.5 3 0 718.9162 184.46275 799.4507 350.67914 0.5 0.5 0.5 0.5 0.5 0.5 0.5 0.99834 
Cyclist 0.5 3 0 716.7453 262.62158 813.87775 370.744 0.5 0.5 0.5 0.5 0.5 0.5 0.5 0.9881628 
Car 0.5 3 0 472.2907 180.24069 535.2625 221.7548 0.5 0.5 0.5 0.5 0.5 0.5 0.5 0.9448984 
Car 0.5 3 0 114.62279 202.51308 164.84108 223.7144 0.5 0.5 0.5 0.5 0.5 0.5 0.5 0.91478133 
Cyclist 0.5 3 0 459.88293 220.00294 489.294 254.8384 0.5 0.5 0.5 0.5 0.5 0.5 0.5 0.810362 
Cyclist 0.5 3 0 485.3698 212.7644 536.26526 257.4385 0.5 0.5 0.5 0.5 0.5 0.5 0.5 0.8093728 
Pedestrian 0.5 3 0 206.74983 199.91028 225.94032 225.4358 0.5 0.5 0.5 0.5 0.5 0.5 0.5 0.71812874 
Car 0.5 3 0 218.29744 197.65178 261.91324 221.06323 0.5 0.5 0.5 0.5 0.5 0.5 0.5 0.6580286 
Cyclist 0.5 3 0 474.18845 208.02592 512.0181 256.78238 0.5 0.5 0.5 0.5 0.5 0.5 0.5 0.6437508 
Cyclist 0.5 3 0 515.4485 220.69023 535.6946 260.54358 0.5 0.5 0.5 0.5 0.5 0.5 0.5 0.5495519 
