Car 0.5 3 0 711.504 190.74915 833.9753 273.46774 0.5 0.5 0.5 0.5 0.5 0.5 0.5 0.9961326 
Car 0.5 3 0 333.73038 177.61072 427.5604 241.99815 0.5 0.5 0.5 0.5 0.5 0.5 0.5 0.9919904 
Pedestrian 0.5 3 0 630.6084 183.59087 668.8204 273.0522 0.5 0.5 0.5 0.5 0.5 0.5 0.5 0.9918507 
Car 0.5 3 0 593.80524 181.43823 643.44867 226.90103 0.5 0.5 0.5 0.5 0.5 0.5 0.5 0.9860989 
Car 0.5 3 0 655.7879 188.75438 723.14166 249.10068 0.5 0.5 0.5 0.5 0.5 0.5 0.5 0.9848424 
Car 0.5 3 0 493.77206 169.88142 533.81323 211.07446 0.5 0.5 0.5 0.5 0.5 0.5 0.5 0.9766335 
Car 0.5 3 0 568.106 183.27797 602.94525 219.14299 0.5 0.5 0.5 0.5 0.5 0.5 0.5 0.95691526 
Car 0.5 3 0 545.5657 179.32784 567.75543 208.49712 0.5 0.5 0.5 0.5 0.5 0.5 0.5 0.90889144 
Car 0.5 3 0 531.2224 179.11093 549.3158 200.29724 0.5 0.5 0.5 0.5 0.5 0.5 0.5 0.849094 
Car 0.5 3 0 424.1097 167.44176 451.18213 196.57619 0.5 0.5 0.5 0.5 0.5 0.5 0.5 0.83030236 
Car 0.5 3 0 556.21747 182.83481 581.254 213.46413 0.5 0.5 0.5 0.5 0.5 0.5 0.5 0.7303425 
Car 0.5 3 0 379.4002 172.3518 428.39178 199.10799 0.5 0.5 0.5 0.5 0.5 0.5 0.5 0.7181666 
Car 0.5 3 0 539.4597 178.48956 562.13184 201.35538 0.5 0.5 0.5 0.5 0.5 0.5 0.5 0.6055029 
Car 0.5 3 0 381.0179 161.53473 449.5732 196.79251 0.5 0.5 0.5 0.5 0.5 0.5 0.5 0.59131473 
Car 0.5 3 0 442.91867 171.49454 464.32425 187.49153 0.5 0.5 0.5 0.5 0.5 0.5 0.5 0.5597262 
