Pedestrian 0.5 3 0 574.6646 176.45514 632.3679 312.9175 0.5 0.5 0.5 0.5 0.5 0.5 0.5 0.9992403 
Cyclist 0.5 3 0 844.634 235.41829 939.47 370.70038 0.5 0.5 0.5 0.5 0.5 0.5 0.5 0.9902198 
Cyclist 0.5 3 0 589.0419 244.4553 625.67975 339.20532 0.5 0.5 0.5 0.5 0.5 0.5 0.5 0.9872278 
Cyclist 0.5 3 0 959.41174 262.23035 1072.9045 373.67917 0.5 0.5 0.5 0.5 0.5 0.5 0.5 0.9704936 
Cyclist 0.5 3 0 944.60925 260.7208 1233.8732 372.29495 0.5 0.5 0.5 0.5 0.5 0.5 0.5 0.94198793 
Car 0.5 3 0 816.57916 159.55208 928.35944 222.71864 0.5 0.5 0.5 0.5 0.5 0.5 0.5 0.9038552 
Car 0.5 3 0 400.6342 191.71487 445.93118 214.91495 0.5 0.5 0.5 0.5 0.5 0.5 0.5 0.7228069 
Car 0.5 3 0 583.2342 160.84882 695.37524 240.07248 0.5 0.5 0.5 0.5 0.5 0.5 0.5 0.6458093 
Car 0.5 3 0 530.77826 183.83884 572.3817 203.07747 0.5 0.5 0.5 0.5 0.5 0.5 0.5 0.5715414 
Pedestrian 0.5 3 0 487.19818 196.20683 505.91837 219.71 0.5 0.5 0.5 0.5 0.5 0.5 0.5 0.5507582 
