Pedestrian 0.5 3 0 798.10474 181.8697 837.55927 265.53778 0.5 0.5 0.5 0.5 0.5 0.5 0.5 0.9986285 
Car 0.5 3 0 875.43866 188.1131 922.7508 231.4895 0.5 0.5 0.5 0.5 0.5 0.5 0.5 0.9932653 
Pedestrian 0.5 3 0 28.93141 162.36092 110.14495 356.17776 0.5 0.5 0.5 0.5 0.5 0.5 0.5 0.9876742 
Car 0.5 3 0 852.0069 184.23972 890.9252 218.33752 0.5 0.5 0.5 0.5 0.5 0.5 0.5 0.978191 
Car 0.5 3 0 674.4644 180.59464 726.01 218.76976 0.5 0.5 0.5 0.5 0.5 0.5 0.5 0.9772595 
Car 0.5 3 0 784.73755 174.03792 825.9756 220.18399 0.5 0.5 0.5 0.5 0.5 0.5 0.5 0.9590089 
Cyclist 0.5 3 0 796.8943 235.19823 829.9221 281.72934 0.5 0.5 0.5 0.5 0.5 0.5 0.5 0.82964224 
Car 0.5 3 0 830.7671 185.1464 859.61383 212.8513 0.5 0.5 0.5 0.5 0.5 0.5 0.5 0.7871307 
Car 0.5 3 0 719.76196 177.8683 737.3419 195.17908 0.5 0.5 0.5 0.5 0.5 0.5 0.5 0.74580634 
Car 0.5 3 0 734.1742 176.1131 747.15454 189.08817 0.5 0.5 0.5 0.5 0.5 0.5 0.5 0.7374729 
Car 0.5 3 0 762.17706 173.50743 773.4108 182.28876 0.5 0.5 0.5 0.5 0.5 0.5 0.5 0.64677095 
Car 0.5 3 0 777.51105 178.36525 790.8109 191.51405 0.5 0.5 0.5 0.5 0.5 0.5 0.5 0.5688823 
