Car 0.5 3 0 814.5915 186.03888 912.5474 246.06912 0.5 0.5 0.5 0.5 0.5 0.5 0.5 0.9951132 
Pedestrian 0.5 3 0 766.3767 180.50723 802.47723 267.46747 0.5 0.5 0.5 0.5 0.5 0.5 0.5 0.99293196 
Car 0.5 3 0 11.596546 182.76897 193.3177 277.59912 0.5 0.5 0.5 0.5 0.5 0.5 0.5 0.9912553 
Car 0.5 3 0 540.1711 177.62866 596.8761 219.90558 0.5 0.5 0.5 0.5 0.5 0.5 0.5 0.9832319 
Car 0.5 3 0 732.46423 179.91722 778.1826 217.34956 0.5 0.5 0.5 0.5 0.5 0.5 0.5 0.98059297 
Car 0.5 3 0 788.5272 185.60153 826.9189 230.34317 0.5 0.5 0.5 0.5 0.5 0.5 0.5 0.9671902 
Car 0.5 3 0 655.63763 169.79282 700.3087 212.81184 0.5 0.5 0.5 0.5 0.5 0.5 0.5 0.9651635 
Car 0.5 3 0 712.0149 180.82031 741.6059 210.1706 0.5 0.5 0.5 0.5 0.5 0.5 0.5 0.8846448 
Pedestrian 0.5 3 0 222.75928 179.9655 247.31058 225.69812 0.5 0.5 0.5 0.5 0.5 0.5 0.5 0.6805763 
Car 0.5 3 0 697.21484 177.67006 713.90594 204.2383 0.5 0.5 0.5 0.5 0.5 0.5 0.5 0.6687517 
Car 0.5 3 0 565.02905 171.6947 598.26556 193.88667 0.5 0.5 0.5 0.5 0.5 0.5 0.5 0.61153734 
Car 0.5 3 0 709.1629 181.10016 726.0903 207.07736 0.5 0.5 0.5 0.5 0.5 0.5 0.5 0.56461716 
Car 0.5 3 0 641.7142 172.18971 657.74677 185.37917 0.5 0.5 0.5 0.5 0.5 0.5 0.5 0.5309701 
