Pedestrian 0.5 3 0 732.9319 181.94786 770.90625 273.4475 0.5 0.5 0.5 0.5 0.5 0.5 0.5 0.9963342 
Car 0.5 3 0 777.81494 189.83078 882.37555 255.34735 0.5 0.5 0.5 0.5 0.5 0.5 0.5 0.99541205 
Car 0.5 3 0 682.6937 181.35893 734.625 225.11426 0.5 0.5 0.5 0.5 0.5 0.5 0.5 0.9871164 
Car 0.5 3 0 472.96426 177.30809 538.7379 225.74806 0.5 0.5 0.5 0.5 0.5 0.5 0.5 0.9861568 
Car 0.5 3 0 1.6830187 214.0841 119.37851 305.7605 0.5 0.5 0.5 0.5 0.5 0.5 0.5 0.97770476 
Car 0.5 3 0 598.21155 171.3216 642.04486 213.609 0.5 0.5 0.5 0.5 0.5 0.5 0.5 0.9660669 
Car 0.5 3 0 661.18585 183.0894 692.13367 214.12242 0.5 0.5 0.5 0.5 0.5 0.5 0.5 0.9431028 
Car 0.5 3 0 750.87195 188.67545 788.4129 232.19456 0.5 0.5 0.5 0.5 0.5 0.5 0.5 0.89872545 
Pedestrian 0.5 3 0 84.83334 179.65259 116.91722 242.78865 0.5 0.5 0.5 0.5 0.5 0.5 0.5 0.8566124 
Car 0.5 3 0 641.3469 179.89682 660.4053 205.395 0.5 0.5 0.5 0.5 0.5 0.5 0.5 0.75187707 
Car 0.5 3 0 718.52856 188.20851 785.8388 231.54736 0.5 0.5 0.5 0.5 0.5 0.5 0.5 0.74421203 
Car 0.5 3 0 588.97003 174.74232 600.7932 186.33975 0.5 0.5 0.5 0.5 0.5 0.5 0.5 0.71684474 
Car 0.5 3 0 503.7704 173.89565 543.6743 197.23576 0.5 0.5 0.5 0.5 0.5 0.5 0.5 0.6168247 
Car 0.5 3 0 648.547 182.83366 669.7751 209.7052 0.5 0.5 0.5 0.5 0.5 0.5 0.5 0.60159427 
Car 0.5 3 0 546.5017 172.77 564.9875 188.96686 0.5 0.5 0.5 0.5 0.5 0.5 0.5 0.55782026 
