Pedestrian 0.5 3 0 645.9945 165.20834 718.58435 310.54312 0.5 0.5 0.5 0.5 0.5 0.5 0.5 0.9969739 
Cyclist 0.5 3 0 834.23926 187.63515 916.6513 248.85927 0.5 0.5 0.5 0.5 0.5 0.5 0.5 0.9894627 
Cyclist 0.5 3 0 640.94073 234.7502 731.6856 343.29645 0.5 0.5 0.5 0.5 0.5 0.5 0.5 0.9888793 
Car 0.5 3 0 543.29004 162.099 614.7925 206.37987 0.5 0.5 0.5 0.5 0.5 0.5 0.5 0.9693646 
Cyclist 0.5 3 0 524.983 202.74423 553.74396 251.6587 0.5 0.5 0.5 0.5 0.5 0.5 0.5 0.9140814 
Cyclist 0.5 3 0 556.1488 206.41124 613.22974 258.42465 0.5 0.5 0.5 0.5 0.5 0.5 0.5 0.89355934 
Pedestrian 0.5 3 0 447.59662 171.58301 459.81705 203.06189 0.5 0.5 0.5 0.5 0.5 0.5 0.5 0.8425908 
Pedestrian 0.5 3 0 322.57877 172.13655 343.0627 190.72278 0.5 0.5 0.5 0.5 0.5 0.5 0.5 0.73180133 
Car 0.5 3 0 307.19562 159.69609 396.92337 250.173 0.5 0.5 0.5 0.5 0.5 0.5 0.5 0.69527566 
Pedestrian 0.5 3 0 277.25558 185.66116 293.78168 210.10648 0.5 0.5 0.5 0.5 0.5 0.5 0.5 0.557669 
Cyclist 0.5 3 0 530.6217 200.48668 604.7599 252.65936 0.5 0.5 0.5 0.5 0.5 0.5 0.5 0.50195074 
