Pedestrian 0.5 3 0 802.18256 179.68633 845.5077 278.3052 0.5 0.5 0.5 0.5 0.5 0.5 0.5 0.99599373 
Pedestrian 0.5 3 0 170.79942 165.89314 229.73082 326.3419 0.5 0.5 0.5 0.5 0.5 0.5 0.5 0.97854096 
Car 0.5 3 0 884.4728 183.67497 923.54663 217.40121 0.5 0.5 0.5 0.5 0.5 0.5 0.5 0.9712932 
Car 0.5 3 0 706.37665 179.632 756.4351 214.84732 0.5 0.5 0.5 0.5 0.5 0.5 0.5 0.94485116 
Car 0.5 3 0 818.298 172.85716 866.87244 221.11246 0.5 0.5 0.5 0.5 0.5 0.5 0.5 0.9351332 
Cyclist 0.5 3 0 807.43134 225.42928 833.7685 283.18973 0.5 0.5 0.5 0.5 0.5 0.5 0.5 0.8698997 
Car 0.5 3 0 908.1056 189.22629 925.82196 224.66164 0.5 0.5 0.5 0.5 0.5 0.5 0.5 0.8520432 
Car 0.5 3 0 864.8604 184.15804 891.7682 210.31604 0.5 0.5 0.5 0.5 0.5 0.5 0.5 0.75388074 
Car 0.5 3 0 943.80896 137.5494 1242.0 372.07544 0.5 0.5 0.5 0.5 0.5 0.5 0.5 0.6311853 
Car 0.5 3 0 807.74146 177.5168 822.05865 188.97028 0.5 0.5 0.5 0.5 0.5 0.5 0.5 0.6236141 
Car 0.5 3 0 798.5461 173.52917 807.2181 182.6391 0.5 0.5 0.5 0.5 0.5 0.5 0.5 0.5483701 
