Car 0.5 3 0 823.99036 187.27142 925.853 243.89586 0.5 0.5 0.5 0.5 0.5 0.5 0.5 0.9951278 
Pedestrian 0.5 3 0 773.3283 178.55724 809.5968 280.68903 0.5 0.5 0.5 0.5 0.5 0.5 0.5 0.99257046 
Car 0.5 3 0 70.37959 180.62384 219.70862 270.18967 0.5 0.5 0.5 0.5 0.5 0.5 0.5 0.97775686 
Car 0.5 3 0 554.963 176.64522 609.1684 218.4587 0.5 0.5 0.5 0.5 0.5 0.5 0.5 0.96751547 
Car 0.5 3 0 670.5767 170.98314 716.1112 213.5426 0.5 0.5 0.5 0.5 0.5 0.5 0.5 0.9662361 
Car 0.5 3 0 746.73456 180.1039 791.9169 216.08063 0.5 0.5 0.5 0.5 0.5 0.5 0.5 0.9551249 
Car 0.5 3 0 796.0604 186.63127 837.9789 229.29604 0.5 0.5 0.5 0.5 0.5 0.5 0.5 0.94371307 
Car 0.5 3 0 727.2616 181.9309 754.73737 211.58342 0.5 0.5 0.5 0.5 0.5 0.5 0.5 0.9066801 
Car 0.5 3 0 574.87463 174.64433 614.4875 208.44759 0.5 0.5 0.5 0.5 0.5 0.5 0.5 0.7484571 
Pedestrian 0.5 3 0 251.92622 178.61801 277.7883 225.2813 0.5 0.5 0.5 0.5 0.5 0.5 0.5 0.7170241 
Car 0.5 3 0 657.1516 174.06537 672.25183 186.60907 0.5 0.5 0.5 0.5 0.5 0.5 0.5 0.63318557 
Car 0.5 3 0 579.6973 173.89378 608.4142 194.29749 0.5 0.5 0.5 0.5 0.5 0.5 0.5 0.6306735 
Car 0.5 3 0 719.5286 182.97981 741.9165 207.99861 0.5 0.5 0.5 0.5 0.5 0.5 0.5 0.6303452 
Car 0.5 3 0 712.52576 178.25766 731.7152 205.86229 0.5 0.5 0.5 0.5 0.5 0.5 0.5 0.607894 
