Pedestrian 0.5 3 0 709.155 182.54709 747.8605 276.56412 0.5 0.5 0.5 0.5 0.5 0.5 0.5 0.99793905 
Car 0.5 3 0 759.0379 191.28487 869.37286 260.3283 0.5 0.5 0.5 0.5 0.5 0.5 0.5 0.9954798 
Car 0.5 3 0 0.6691748 249.41116 56.75113 320.79428 0.5 0.5 0.5 0.5 0.5 0.5 0.5 0.99204046 
Car 0.5 3 0 439.4375 178.38673 510.9482 229.07887 0.5 0.5 0.5 0.5 0.5 0.5 0.5 0.9846118 
Car 0.5 3 0 658.9501 183.45454 710.3886 224.11626 0.5 0.5 0.5 0.5 0.5 0.5 0.5 0.9803075 
Car 0.5 3 0 569.7282 172.46759 613.1419 213.71829 0.5 0.5 0.5 0.5 0.5 0.5 0.5 0.9439288 
Car 0.5 3 0 636.57263 183.96176 667.1266 216.48346 0.5 0.5 0.5 0.5 0.5 0.5 0.5 0.9118897 
Car 0.5 3 0 728.7221 189.912 772.21814 240.02634 0.5 0.5 0.5 0.5 0.5 0.5 0.5 0.8976582 
Car 0.5 3 0 617.62067 180.2708 644.0148 210.38268 0.5 0.5 0.5 0.5 0.5 0.5 0.5 0.808598 
Car 0.5 3 0 467.88412 170.58443 517.719 197.4872 0.5 0.5 0.5 0.5 0.5 0.5 0.5 0.69813514 
Car 0.5 3 0 628.9598 184.07137 653.47156 212.3727 0.5 0.5 0.5 0.5 0.5 0.5 0.5 0.694661 
Car 0.5 3 0 519.0949 172.8642 536.2718 189.59 0.5 0.5 0.5 0.5 0.5 0.5 0.5 0.65301675 
Car 0.5 3 0 611.4507 179.54198 629.9843 204.1211 0.5 0.5 0.5 0.5 0.5 0.5 0.5 0.61381316 
