Car 0.5 3 0 25.339964 196.84442 254.42155 316.33423 0.5 0.5 0.5 0.5 0.5 0.5 0.5 0.99671423 
Car 0.5 3 0 824.0453 182.45938 1148.0864 370.87967 0.5 0.5 0.5 0.5 0.5 0.5 0.5 0.99629706 
Pedestrian 0.5 3 0 491.24466 176.04063 521.7926 246.32632 0.5 0.5 0.5 0.5 0.5 0.5 0.5 0.9958192 
Car 0.5 3 0 623.8862 180.87799 811.75073 303.85712 0.5 0.5 0.5 0.5 0.5 0.5 0.5 0.99479926 
Car 0.5 3 0 557.6426 172.15512 648.2105 253.30139 0.5 0.5 0.5 0.5 0.5 0.5 0.5 0.9935679 
Car 0.5 3 0 306.47995 184.56511 350.45236 230.00613 0.5 0.5 0.5 0.5 0.5 0.5 0.5 0.9822144 
Car 0.5 3 0 221.14499 179.20409 310.95944 262.19 0.5 0.5 0.5 0.5 0.5 0.5 0.5 0.9737134 
Car 0.5 3 0 529.7594 177.44872 573.5212 229.95618 0.5 0.5 0.5 0.5 0.5 0.5 0.5 0.9705414 
Car 0.5 3 0 444.9447 168.4795 479.44495 205.12474 0.5 0.5 0.5 0.5 0.5 0.5 0.5 0.9466651 
Car 0.5 3 0 317.21112 157.15921 410.03192 208.4147 0.5 0.5 0.5 0.5 0.5 0.5 0.5 0.87872595 
Pedestrian 0.5 3 0 706.4128 162.29506 728.01605 182.15283 0.5 0.5 0.5 0.5 0.5 0.5 0.5 0.87236863 
Car 0.5 3 0 430.15244 169.71161 447.11685 179.74261 0.5 0.5 0.5 0.5 0.5 0.5 0.5 0.86298895 
Cyclist 0.5 3 0 500.1303 211.61 521.0621 274.6808 0.5 0.5 0.5 0.5 0.5 0.5 0.5 0.79613644 
Car 0.5 3 0 519.4105 177.02525 558.3022 221.16716 0.5 0.5 0.5 0.5 0.5 0.5 0.5 0.70217913 
Car 0.5 3 0 418.5776 173.11302 431.56815 183.88135 0.5 0.5 0.5 0.5 0.5 0.5 0.5 0.6271924 
Car 0.5 3 0 487.49033 173.96509 505.61087 192.57497 0.5 0.5 0.5 0.5 0.5 0.5 0.5 0.5486625 
Car 0.5 3 0 510.22678 174.09332 532.1537 189.33215 0.5 0.5 0.5 0.5 0.5 0.5 0.5 0.5441922 
