Car 0.5 3 0 742.01764 190.3987 857.1814 265.8791 0.5 0.5 0.5 0.5 0.5 0.5 0.5 0.9976083 
Pedestrian 0.5 3 0 681.1204 182.3948 718.7789 276.9569 0.5 0.5 0.5 0.5 0.5 0.5 0.5 0.9968952 
Car 0.5 3 0 399.49356 178.54335 479.45157 230.68863 0.5 0.5 0.5 0.5 0.5 0.5 0.5 0.9868869 
Car 0.5 3 0 634.0601 182.74643 688.14056 227.97194 0.5 0.5 0.5 0.5 0.5 0.5 0.5 0.9793187 
Car 0.5 3 0 609.4385 183.94266 642.7346 218.8926 0.5 0.5 0.5 0.5 0.5 0.5 0.5 0.96198153 
Car 0.5 3 0 539.2852 172.10161 581.78687 212.58847 0.5 0.5 0.5 0.5 0.5 0.5 0.5 0.95532537 
Car 0.5 3 0 699.53937 190.20811 751.0564 244.05933 0.5 0.5 0.5 0.5 0.5 0.5 0.5 0.9290669 
Car 0.5 3 0 586.63257 180.64763 607.5132 207.5397 0.5 0.5 0.5 0.5 0.5 0.5 0.5 0.82521415 
Car 0.5 3 0 595.86304 183.9115 624.451 212.8868 0.5 0.5 0.5 0.5 0.5 0.5 0.5 0.76831734 
Car 0.5 3 0 577.5649 179.03075 594.696 201.10287 0.5 0.5 0.5 0.5 0.5 0.5 0.5 0.6654187 
Cyclist 0.5 3 0 1114.126 229.49896 1233.4058 312.38162 0.5 0.5 0.5 0.5 0.5 0.5 0.5 0.65799075 
Car 0.5 3 0 490.11298 172.64384 508.53482 187.17351 0.5 0.5 0.5 0.5 0.5 0.5 0.5 0.53924024 
