Pedestrian 0.5 3 0 788.31024 183.74245 824.0207 262.56836 0.5 0.5 0.5 0.5 0.5 0.5 0.5 0.99705124 
Car 0.5 3 0 821.63684 190.57751 871.96533 232.64444 0.5 0.5 0.5 0.5 0.5 0.5 0.5 0.99418074 
Car 0.5 3 0 859.434 191.88466 940.3834 246.22069 0.5 0.5 0.5 0.5 0.5 0.5 0.5 0.9939393 
Car 0.5 3 0 607.93787 180.01347 660.18604 219.13899 0.5 0.5 0.5 0.5 0.5 0.5 0.5 0.9606052 
Car 0.5 3 0 719.0533 173.94781 764.0053 218.228 0.5 0.5 0.5 0.5 0.5 0.5 0.5 0.92632365 
Car 0.5 3 0 769.43384 185.72583 794.5854 213.87238 0.5 0.5 0.5 0.5 0.5 0.5 0.5 0.88312125 
Car 0.5 3 0 809.43164 184.60133 831.89716 206.17213 0.5 0.5 0.5 0.5 0.5 0.5 0.5 0.8568483 
Cyclist 0.5 3 0 791.92664 225.04958 819.90027 288.92877 0.5 0.5 0.5 0.5 0.5 0.5 0.5 0.85569227 
Car 0.5 3 0 230.7847 214.2313 268.98605 251.29549 0.5 0.5 0.5 0.5 0.5 0.5 0.5 0.818228 
Car 0.5 3 0 656.34607 179.10577 671.5105 194.17126 0.5 0.5 0.5 0.5 0.5 0.5 0.5 0.66823 
Car 0.5 3 0 712.51 178.45044 724.40375 191.5773 0.5 0.5 0.5 0.5 0.5 0.5 0.5 0.6406324 
Car 0.5 3 0 762.1977 185.53929 783.2876 211.16266 0.5 0.5 0.5 0.5 0.5 0.5 0.5 0.5840968 
Pedestrian 0.5 3 0 337.2243 178.67696 356.3096 224.71565 0.5 0.5 0.5 0.5 0.5 0.5 0.5 0.55593234 
Car 0.5 3 0 695.72205 174.24394 705.98065 182.75354 0.5 0.5 0.5 0.5 0.5 0.5 0.5 0.52826524 
