Pedestrian 0.5 3 0 944.49554 169.64107 1001.79675 297.62103 0.5 0.5 0.5 0.5 0.5 0.5 0.5 0.998102 
Car 0.5 3 0 1132.4352 159.46509 1241.5068 280.49817 0.5 0.5 0.5 0.5 0.5 0.5 0.5 0.978374 
Cyclist 0.5 3 0 949.85596 237.67981 982.3875 318.38275 0.5 0.5 0.5 0.5 0.5 0.5 0.5 0.94796544 
Car 0.5 3 0 1080.0994 160.15839 1176.9011 251.24103 0.5 0.5 0.5 0.5 0.5 0.5 0.5 0.9283123 
Cyclist 0.5 3 0 104.72186 206.62561 191.17506 268.60992 0.5 0.5 0.5 0.5 0.5 0.5 0.5 0.8677264 
Pedestrian 0.5 3 0 488.96838 197.70769 523.5774 246.02933 0.5 0.5 0.5 0.5 0.5 0.5 0.5 0.86028314 
Pedestrian 0.5 3 0 808.24603 173.86922 832.81604 234.73396 0.5 0.5 0.5 0.5 0.5 0.5 0.5 0.8596438 
Pedestrian 0.5 3 0 514.79395 197.09125 535.9871 238.58186 0.5 0.5 0.5 0.5 0.5 0.5 0.5 0.80358785 
Car 0.5 3 0 360.05768 194.88986 440.25308 231.11034 0.5 0.5 0.5 0.5 0.5 0.5 0.5 0.7877917 
Cyclist 0.5 3 0 559.5098 187.94447 629.33954 243.55011 0.5 0.5 0.5 0.5 0.5 0.5 0.5 0.59473586 
Pedestrian 0.5 3 0 965.5691 171.82745 1003.5106 264.53674 0.5 0.5 0.5 0.5 0.5 0.5 0.5 0.5737187 
Car 0.5 3 0 393.21646 198.50246 440.1214 229.26286 0.5 0.5 0.5 0.5 0.5 0.5 0.5 0.5685314 
Cyclist 0.5 3 0 98.09544 208.82664 151.91028 268.91803 0.5 0.5 0.5 0.5 0.5 0.5 0.5 0.5080946 
