Cyclist 0.5 3 0 1152.9172 199.79517 1241.1755 280.52475 0.5 0.5 0.5 0.5 0.5 0.5 0.5 0.9971361 
Pedestrian 0.5 3 0 688.6331 179.96692 763.6558 354.5658 0.5 0.5 0.5 0.5 0.5 0.5 0.5 0.9964586 
Cyclist 0.5 3 0 684.9189 251.2494 786.99603 365.74884 0.5 0.5 0.5 0.5 0.5 0.5 0.5 0.99305266 
Car 0.5 3 0 504.40054 175.53778 570.3303 218.10619 0.5 0.5 0.5 0.5 0.5 0.5 0.5 0.97255725 
Cyclist 0.5 3 0 765.7507 199.73701 832.7209 249.57452 0.5 0.5 0.5 0.5 0.5 0.5 0.5 0.9557993 
Cyclist 0.5 3 0 489.26877 211.10315 516.22314 255.43036 0.5 0.5 0.5 0.5 0.5 0.5 0.5 0.90381414 
Car 0.5 3 0 276.5855 170.52953 384.83554 265.84586 0.5 0.5 0.5 0.5 0.5 0.5 0.5 0.89524716 
Car 0.5 3 0 239.16924 193.34921 282.60327 223.47667 0.5 0.5 0.5 0.5 0.5 0.5 0.5 0.89019895 
Cyclist 0.5 3 0 516.7666 211.67871 569.45685 258.94833 0.5 0.5 0.5 0.5 0.5 0.5 0.5 0.8301638 
Car 0.5 3 0 438.09027 195.87523 469.0403 212.04031 0.5 0.5 0.5 0.5 0.5 0.5 0.5 0.5717402 
