Car 0.5 3 0 677.94385 185.14453 819.38824 284.18683 0.5 0.5 0.5 0.5 0.5 0.5 0.5 0.99753785 
Pedestrian 0.5 3 0 554.5761 179.34915 592.96643 271.49554 0.5 0.5 0.5 0.5 0.5 0.5 0.5 0.9955434 
Car 0.5 3 0 592.3186 186.50195 688.82214 254.40933 0.5 0.5 0.5 0.5 0.5 0.5 0.5 0.9904897 
Car 0.5 3 0 231.78482 186.86191 339.70145 255.95247 0.5 0.5 0.5 0.5 0.5 0.5 0.5 0.990288 
Car 0.5 3 0 435.9377 171.6487 474.47372 210.92604 0.5 0.5 0.5 0.5 0.5 0.5 0.5 0.9428218 
Car 0.5 3 0 298.58533 178.20772 361.34137 228.83493 0.5 0.5 0.5 0.5 0.5 0.5 0.5 0.9224723 
Car 0.5 3 0 493.6846 179.49683 515.0159 210.80432 0.5 0.5 0.5 0.5 0.5 0.5 0.5 0.9139538 
Car 0.5 3 0 543.1538 180.29245 603.61316 224.13028 0.5 0.5 0.5 0.5 0.5 0.5 0.5 0.91062444 
Car 0.5 3 0 518.32227 182.62413 553.1648 220.96269 0.5 0.5 0.5 0.5 0.5 0.5 0.5 0.90738624 
Car 0.5 3 0 505.811 183.34477 535.74896 216.45483 0.5 0.5 0.5 0.5 0.5 0.5 0.5 0.85900795 
Car 0.5 3 0 480.2849 178.298 501.75287 201.71669 0.5 0.5 0.5 0.5 0.5 0.5 0.5 0.79757094 
Car 0.5 3 0 323.16702 162.01575 393.74933 201.99742 0.5 0.5 0.5 0.5 0.5 0.5 0.5 0.72418004 
Car 0.5 3 0 566.73737 179.97723 605.44275 213.9387 0.5 0.5 0.5 0.5 0.5 0.5 0.5 0.72274095 
Car 0.5 3 0 544.81006 182.14253 569.9126 226.7089 0.5 0.5 0.5 0.5 0.5 0.5 0.5 0.5716675 
Car 0.5 3 0 318.59164 178.18343 365.7893 205.15228 0.5 0.5 0.5 0.5 0.5 0.5 0.5 0.5621985 
Car 0.5 3 0 343.18488 181.78362 365.0645 209.32881 0.5 0.5 0.5 0.5 0.5 0.5 0.5 0.5587096 
