Pedestrian 0.5 3 0 811.7311 182.2933 854.0689 273.524 0.5 0.5 0.5 0.5 0.5 0.5 0.5 0.99535275 
Car 0.5 3 0 740.25256 181.65956 792.58813 217.4389 0.5 0.5 0.5 0.5 0.5 0.5 0.5 0.98505175 
Pedestrian 0.5 3 0 266.4197 168.07314 322.69525 302.81512 0.5 0.5 0.5 0.5 0.5 0.5 0.5 0.9591978 
Car 0.5 3 0 849.3484 173.45523 899.53186 223.59106 0.5 0.5 0.5 0.5 0.5 0.5 0.5 0.91550803 
Cyclist 0.5 3 0 812.3137 225.22661 837.02704 283.41492 0.5 0.5 0.5 0.5 0.5 0.5 0.5 0.905438 
Car 0.5 3 0 940.25397 130.68895 1241.3428 372.47177 0.5 0.5 0.5 0.5 0.5 0.5 0.5 0.905191 
Car 0.5 3 0 34.646347 175.79613 87.73107 207.25493 0.5 0.5 0.5 0.5 0.5 0.5 0.5 0.904719 
Car 0.5 3 0 899.9294 186.25099 920.40125 212.63374 0.5 0.5 0.5 0.5 0.5 0.5 0.5 0.8831503 
Car 0.5 3 0 908.8248 183.65735 934.1515 216.00732 0.5 0.5 0.5 0.5 0.5 0.5 0.5 0.84148234 
Car 0.5 3 0 788.7622 179.31694 806.756 195.32976 0.5 0.5 0.5 0.5 0.5 0.5 0.5 0.6026252 
Car 0.5 3 0 760.7268 179.5404 793.5623 209.09366 0.5 0.5 0.5 0.5 0.5 0.5 0.5 0.60038877 
Car 0.5 3 0 923.4029 184.68138 935.03217 216.25873 0.5 0.5 0.5 0.5 0.5 0.5 0.5 0.5278762 
