Car 0.5 3 0 704.5546 189.20415 828.1969 273.2519 0.5 0.5 0.5 0.5 0.5 0.5 0.5 0.99336326 
Car 0.5 3 0 307.19092 181.09796 401.02292 243.73 0.5 0.5 0.5 0.5 0.5 0.5 0.5 0.9916072 
Pedestrian 0.5 3 0 610.6813 180.99475 647.62384 268.69138 0.5 0.5 0.5 0.5 0.5 0.5 0.5 0.9895158 
Car 0.5 3 0 638.5026 188.16785 712.3722 248.79103 0.5 0.5 0.5 0.5 0.5 0.5 0.5 0.98073614 
Car 0.5 3 0 578.82196 180.61256 631.493 227.34839 0.5 0.5 0.5 0.5 0.5 0.5 0.5 0.9770946 
Car 0.5 3 0 477.54276 169.59766 517.2003 210.88469 0.5 0.5 0.5 0.5 0.5 0.5 0.5 0.97210914 
Car 0.5 3 0 553.68396 182.70262 588.73254 220.10794 0.5 0.5 0.5 0.5 0.5 0.5 0.5 0.9504569 
Car 0.5 3 0 530.4541 178.18806 551.12024 207.77312 0.5 0.5 0.5 0.5 0.5 0.5 0.5 0.92481923 
Car 0.5 3 0 359.48428 175.28844 411.00626 218.79848 0.5 0.5 0.5 0.5 0.5 0.5 0.5 0.916811 
Car 0.5 3 0 515.67346 178.69292 533.00653 200.4571 0.5 0.5 0.5 0.5 0.5 0.5 0.5 0.85123616 
Car 0.5 3 0 541.17914 181.43068 564.67676 213.4269 0.5 0.5 0.5 0.5 0.5 0.5 0.5 0.81425315 
Car 0.5 3 0 517.3588 177.80106 546.9204 201.03397 0.5 0.5 0.5 0.5 0.5 0.5 0.5 0.76251596 
Car 0.5 3 0 405.09875 164.55067 434.72195 196.15787 0.5 0.5 0.5 0.5 0.5 0.5 0.5 0.7105822 
Car 0.5 3 0 360.5054 173.83739 407.5462 195.55292 0.5 0.5 0.5 0.5 0.5 0.5 0.5 0.5745669 
