Pedestrian 0.5 3 0 933.4108 167.41066 990.719 304.16086 0.5 0.5 0.5 0.5 0.5 0.5 0.5 0.9971521 
Car 0.5 3 0 1145.4307 154.02055 1240.7177 270.52026 0.5 0.5 0.5 0.5 0.5 0.5 0.5 0.9907823 
Cyclist 0.5 3 0 943.7556 235.8712 978.91785 317.73087 0.5 0.5 0.5 0.5 0.5 0.5 0.5 0.95509785 
Car 0.5 3 0 1059.6514 156.87686 1184.6288 240.5631 0.5 0.5 0.5 0.5 0.5 0.5 0.5 0.9282464 
Cyclist 0.5 3 0 188.0488 201.94965 255.76433 257.32187 0.5 0.5 0.5 0.5 0.5 0.5 0.5 0.8176511 
Pedestrian 0.5 3 0 842.4665 169.02888 864.53375 199.05624 0.5 0.5 0.5 0.5 0.5 0.5 0.5 0.79300153 
Cyclist 0.5 3 0 233.12372 206.99075 276.69162 256.3156 0.5 0.5 0.5 0.5 0.5 0.5 0.5 0.77521044 
Pedestrian 0.5 3 0 540.48737 198.04411 570.10706 237.20758 0.5 0.5 0.5 0.5 0.5 0.5 0.5 0.73383987 
Car 0.5 3 0 594.08795 180.73314 675.6519 233.24254 0.5 0.5 0.5 0.5 0.5 0.5 0.5 0.71168244 
Car 0.5 3 0 422.52457 193.01817 486.84894 226.5809 0.5 0.5 0.5 0.5 0.5 0.5 0.5 0.6995965 
