Pedestrian 0.5 3 0 502.37347 185.21556 539.2678 271.12842 0.5 0.5 0.5 0.5 0.5 0.5 0.5 0.99717027 
Car 0.5 3 0 687.62573 186.54082 847.12976 309.22232 0.5 0.5 0.5 0.5 0.5 0.5 0.5 0.99697196 
Car 0.5 3 0 576.107 189.39691 694.4955 272.73364 0.5 0.5 0.5 0.5 0.5 0.5 0.5 0.9945681 
Car 0.5 3 0 147.08781 199.25813 287.0497 284.18634 0.5 0.5 0.5 0.5 0.5 0.5 0.5 0.99034506 
Car 0.5 3 0 245.65076 188.63501 317.64102 250.06656 0.5 0.5 0.5 0.5 0.5 0.5 0.5 0.98926544 
Car 0.5 3 0 529.64825 183.64122 593.1635 243.51906 0.5 0.5 0.5 0.5 0.5 0.5 0.5 0.98413855 
Car 0.5 3 0 297.99146 192.1759 332.71677 238.51825 0.5 0.5 0.5 0.5 0.5 0.5 0.5 0.94945794 
Car 0.5 3 0 411.17914 178.7583 449.08676 218.24908 0.5 0.5 0.5 0.5 0.5 0.5 0.5 0.94274837 
Car 0.5 3 0 478.599 188.37231 507.4977 224.3608 0.5 0.5 0.5 0.5 0.5 0.5 0.5 0.93351233 
Car 0.5 3 0 473.25974 186.01045 491.9012 217.45901 0.5 0.5 0.5 0.5 0.5 0.5 0.5 0.8661965 
Cyclist 0.5 3 0 510.7787 227.31068 534.10034 279.54462 0.5 0.5 0.5 0.5 0.5 0.5 0.5 0.8595587 
Car 0.5 3 0 276.96518 168.41711 375.64362 215.44806 0.5 0.5 0.5 0.5 0.5 0.5 0.5 0.8094159 
Car 0.5 3 0 461.08084 186.37425 478.54816 210.09352 0.5 0.5 0.5 0.5 0.5 0.5 0.5 0.78174585 
Car 0.5 3 0 848.14575 176.30682 878.44086 201.02655 0.5 0.5 0.5 0.5 0.5 0.5 0.5 0.76710325 
Car 0.5 3 0 281.76593 173.68 339.00308 235.66853 0.5 0.5 0.5 0.5 0.5 0.5 0.5 0.65305626 
Car 0.5 3 0 447.5044 182.76833 463.79898 201.50748 0.5 0.5 0.5 0.5 0.5 0.5 0.5 0.6112001 
Car 0.5 3 0 384.75876 180.15674 400.0815 190.76509 0.5 0.5 0.5 0.5 0.5 0.5 0.5 0.56692666 
Car 0.5 3 0 370.4663 182.18556 388.7949 200.58754 0.5 0.5 0.5 0.5 0.5 0.5 0.5 0.5150685 
