Pedestrian 0.5 3 0 655.16284 169.15807 727.9166 316.90836 0.5 0.5 0.5 0.5 0.5 0.5 0.5 0.9977907 
Cyclist 0.5 3 0 653.5422 238.08792 746.79144 348.4804 0.5 0.5 0.5 0.5 0.5 0.5 0.5 0.9866853 
Car 0.5 3 0 536.7394 164.10628 604.92816 207.02573 0.5 0.5 0.5 0.5 0.5 0.5 0.5 0.9865566 
Cyclist 0.5 3 0 820.42566 188.07654 898.33936 249.61494 0.5 0.5 0.5 0.5 0.5 0.5 0.5 0.9453135 
Cyclist 0.5 3 0 545.7908 203.94592 603.1864 258.7634 0.5 0.5 0.5 0.5 0.5 0.5 0.5 0.9333311 
Cyclist 0.5 3 0 515.6112 200.77234 546.95764 249.01315 0.5 0.5 0.5 0.5 0.5 0.5 0.5 0.89673775 
Pedestrian 0.5 3 0 441.2363 173.16878 452.12512 204.98111 0.5 0.5 0.5 0.5 0.5 0.5 0.5 0.819871 
Car 0.5 3 0 270.17816 181.01686 306.1462 208.97697 0.5 0.5 0.5 0.5 0.5 0.5 0.5 0.7494645 
Car 0.5 3 0 302.53522 159.05739 390.93365 249.74524 0.5 0.5 0.5 0.5 0.5 0.5 0.5 0.70282936 
Pedestrian 0.5 3 0 318.38474 171.34766 339.7028 191.30545 0.5 0.5 0.5 0.5 0.5 0.5 0.5 0.6662432 
Pedestrian 0.5 3 0 353.43704 173.43631 370.69827 189.56969 0.5 0.5 0.5 0.5 0.5 0.5 0.5 0.5343755 
Car 0.5 3 0 168.06793 193.34329 219.40092 208.24387 0.5 0.5 0.5 0.5 0.5 0.5 0.5 0.5154105 
