Pedestrian 0.5 3 0 779.41595 181.01056 815.654 271.60928 0.5 0.5 0.5 0.5 0.5 0.5 0.5 0.99654084 
Car 0.5 3 0 836.28906 187.8774 935.4725 244.21544 0.5 0.5 0.5 0.5 0.5 0.5 0.5 0.99540365 
Car 0.5 3 0 808.0422 187.4676 849.33026 231.77628 0.5 0.5 0.5 0.5 0.5 0.5 0.5 0.9822963 
Car 0.5 3 0 687.212 172.15175 732.9457 214.9961 0.5 0.5 0.5 0.5 0.5 0.5 0.5 0.9812003 
Car 0.5 3 0 761.5973 182.9113 789.31726 216.76802 0.5 0.5 0.5 0.5 0.5 0.5 0.5 0.94792914 
Car 0.5 3 0 573.6345 178.96022 627.9283 220.2261 0.5 0.5 0.5 0.5 0.5 0.5 0.5 0.9457368 
Car 0.5 3 0 124.749825 189.29726 237.21231 266.31866 0.5 0.5 0.5 0.5 0.5 0.5 0.5 0.9356074 
Car 0.5 3 0 742.23456 183.06142 768.76276 212.08264 0.5 0.5 0.5 0.5 0.5 0.5 0.5 0.8568676 
Cyclist 0.5 3 0 787.3811 226.15486 808.6681 281.35104 0.5 0.5 0.5 0.5 0.5 0.5 0.5 0.7390503 
Car 0.5 3 0 594.7409 174.49026 628.67615 197.047 0.5 0.5 0.5 0.5 0.5 0.5 0.5 0.71590954 
Car 0.5 3 0 735.533 183.82687 756.38226 208.60428 0.5 0.5 0.5 0.5 0.5 0.5 0.5 0.6122852 
Car 0.5 3 0 673.5702 176.32658 684.9923 186.88794 0.5 0.5 0.5 0.5 0.5 0.5 0.5 0.5742748 
Car 0.5 3 0 728.7713 180.81982 748.8755 207.49208 0.5 0.5 0.5 0.5 0.5 0.5 0.5 0.56963223 
Pedestrian 0.5 3 0 284.07108 179.26485 304.68707 223.25255 0.5 0.5 0.5 0.5 0.5 0.5 0.5 0.537464 
Car 0.5 3 0 632.5954 172.77335 650.1644 186.53609 0.5 0.5 0.5 0.5 0.5 0.5 0.5 0.5061279 
