Pedestrian 0.5 3 0 680.00977 180.49211 759.4832 344.15732 0.5 0.5 0.5 0.5 0.5 0.5 0.5 0.9975883 
Cyclist 0.5 3 0 678.62463 254.86203 777.6464 362.9682 0.5 0.5 0.5 0.5 0.5 0.5 0.5 0.9928653 
Car 0.5 3 0 512.8423 175.91039 576.3606 217.70944 0.5 0.5 0.5 0.5 0.5 0.5 0.5 0.97156805 
Cyclist 0.5 3 0 779.297 199.75444 850.45355 251.49115 0.5 0.5 0.5 0.5 0.5 0.5 0.5 0.951167 
Car 0.5 3 0 283.68256 172.37091 385.78452 263.8141 0.5 0.5 0.5 0.5 0.5 0.5 0.5 0.9409584 
Cyclist 0.5 3 0 496.35287 211.2469 522.9127 257.42044 0.5 0.5 0.5 0.5 0.5 0.5 0.5 0.87274003 
Cyclist 0.5 3 0 525.05707 212.69373 577.3199 261.05133 0.5 0.5 0.5 0.5 0.5 0.5 0.5 0.8602274 
Car 0.5 3 0 247.84435 192.8532 288.4424 223.9825 0.5 0.5 0.5 0.5 0.5 0.5 0.5 0.81740075 
Pedestrian 0.5 3 0 417.04288 185.25514 428.6825 214.85143 0.5 0.5 0.5 0.5 0.5 0.5 0.5 0.5854736 
Car 0.5 3 0 442.25684 196.66557 475.5999 212.18758 0.5 0.5 0.5 0.5 0.5 0.5 0.5 0.5824668 
Pedestrian 0.5 3 0 412.23715 186.15611 425.38248 216.85905 0.5 0.5 0.5 0.5 0.5 0.5 0.5 0.54889506 
Cyclist 0.5 3 0 1187.946 209.3281 1241.7926 283.5293 0.5 0.5 0.5 0.5 0.5 0.5 0.5 0.53072155 
