Car 0.5 3 0 3.4819353 199.79868 240.18857 326.16623 0.5 0.5 0.5 0.5 0.5 0.5 0.5 0.99779874 
Car 0.5 3 0 648.5939 183.76291 879.7406 329.21112 0.5 0.5 0.5 0.5 0.5 0.5 0.5 0.9968604 
Pedestrian 0.5 3 0 498.74994 176.60475 532.9919 257.5385 0.5 0.5 0.5 0.5 0.5 0.5 0.5 0.99593276 
Car 0.5 3 0 320.8631 186.57706 365.5936 231.19392 0.5 0.5 0.5 0.5 0.5 0.5 0.5 0.994159 
Car 0.5 3 0 580.8384 176.21631 671.1374 254.59688 0.5 0.5 0.5 0.5 0.5 0.5 0.5 0.99214435 
Car 0.5 3 0 945.6707 175.75632 1242.0 370.67532 0.5 0.5 0.5 0.5 0.5 0.5 0.5 0.98943675 
Car 0.5 3 0 309.0606 192.42804 344.18594 244.94809 0.5 0.5 0.5 0.5 0.5 0.5 0.5 0.9886545 
Car 0.5 3 0 544.8356 178.85779 594.7693 233.94672 0.5 0.5 0.5 0.5 0.5 0.5 0.5 0.9819067 
Car 0.5 3 0 213.27045 181.06584 315.74335 272.44635 0.5 0.5 0.5 0.5 0.5 0.5 0.5 0.9785245 
Car 0.5 3 0 463.79678 171.11241 497.32434 205.96657 0.5 0.5 0.5 0.5 0.5 0.5 0.5 0.9613277 
Pedestrian 0.5 3 0 742.59296 163.86073 765.5519 187.10605 0.5 0.5 0.5 0.5 0.5 0.5 0.5 0.94457316 
Cyclist 0.5 3 0 504.1886 215.8548 527.6848 274.59915 0.5 0.5 0.5 0.5 0.5 0.5 0.5 0.9192186 
Car 0.5 3 0 451.198 171.34172 467.31213 181.33304 0.5 0.5 0.5 0.5 0.5 0.5 0.5 0.8713554 
Car 0.5 3 0 353.78973 180.32422 394.70792 210.59612 0.5 0.5 0.5 0.5 0.5 0.5 0.5 0.81915474 
Car 0.5 3 0 529.68427 177.51274 556.0048 214.91112 0.5 0.5 0.5 0.5 0.5 0.5 0.5 0.7988982 
Car 0.5 3 0 437.02972 175.73549 449.68137 186.04001 0.5 0.5 0.5 0.5 0.5 0.5 0.5 0.63094604 
Car 0.5 3 0 522.29614 175.55763 547.88354 207.36731 0.5 0.5 0.5 0.5 0.5 0.5 0.5 0.5971926 
Car 0.5 3 0 534.4267 179.42221 571.3199 223.16226 0.5 0.5 0.5 0.5 0.5 0.5 0.5 0.58856547 
Car 0.5 3 0 348.02655 161.71396 426.24524 209.79585 0.5 0.5 0.5 0.5 0.5 0.5 0.5 0.5455575 
