Pedestrian 0.5 3 0 554.82715 167.07109 615.5398 314.77414 0.5 0.5 0.5 0.5 0.5 0.5 0.5 0.99780446 
Cyclist 0.5 3 0 666.6022 211.04854 756.81396 301.71463 0.5 0.5 0.5 0.5 0.5 0.5 0.5 0.98784876 
Cyclist 0.5 3 0 1097.829 192.21872 1238.7163 288.1208 0.5 0.5 0.5 0.5 0.5 0.5 0.5 0.9862059 
Car 0.5 3 0 652.18195 161.24947 734.60803 211.54916 0.5 0.5 0.5 0.5 0.5 0.5 0.5 0.9777168 
Cyclist 0.5 3 0 553.626 233.54718 622.6072 328.9594 0.5 0.5 0.5 0.5 0.5 0.5 0.5 0.94850534 
Cyclist 0.5 3 0 625.37305 209.4367 671.3088 283.25427 0.5 0.5 0.5 0.5 0.5 0.5 0.5 0.874293 
Pedestrian 0.5 3 0 545.7588 173.0042 559.18304 220.27347 0.5 0.5 0.5 0.5 0.5 0.5 0.5 0.7726502 
Car 0.5 3 0 300.2627 189.57541 325.77554 209.18861 0.5 0.5 0.5 0.5 0.5 0.5 0.5 0.70420474 
Pedestrian 0.5 3 0 367.95105 190.48923 385.62982 213.65466 0.5 0.5 0.5 0.5 0.5 0.5 0.5 0.57398367 
Pedestrian 0.5 3 0 439.9229 171.43526 458.7851 189.74538 0.5 0.5 0.5 0.5 0.5 0.5 0.5 0.55795944 
Car 0.5 3 0 299.26413 189.05154 350.58536 207.87161 0.5 0.5 0.5 0.5 0.5 0.5 0.5 0.53021497 
Pedestrian 0.5 3 0 519.46924 166.37575 535.2193 208.28044 0.5 0.5 0.5 0.5 0.5 0.5 0.5 0.5167096 
