Pedestrian 0.5 3 0 1169.066 157.68042 1238.6318 338.5129 0.5 0.5 0.5 0.5 0.5 0.5 0.5 0.99766517 
Car 0.5 3 0 343.46213 189.78456 411.8848 248.73651 0.5 0.5 0.5 0.5 0.5 0.5 0.5 0.99472874 
Car 0.5 3 0 660.65796 183.26033 758.5221 284.5423 0.5 0.5 0.5 0.5 0.5 0.5 0.5 0.99429023 
Pedestrian 0.5 3 0 557.45404 180.74017 590.0236 264.10938 0.5 0.5 0.5 0.5 0.5 0.5 0.5 0.993313 
Car 0.5 3 0 265.59216 197.10771 368.59018 282.80228 0.5 0.5 0.5 0.5 0.5 0.5 0.5 0.99269015 
Car 0.5 3 0 714.03534 176.73167 996.4423 364.88028 0.5 0.5 0.5 0.5 0.5 0.5 0.5 0.992649 
Car 0.5 3 0 637.1497 186.06856 692.2139 249.86278 0.5 0.5 0.5 0.5 0.5 0.5 0.5 0.98303914 
Car 0.5 3 0 2.2974007 184.18047 283.67865 355.57925 0.5 0.5 0.5 0.5 0.5 0.5 0.5 0.96556574 
Car 0.5 3 0 620.7348 177.81522 657.65356 217.14084 0.5 0.5 0.5 0.5 0.5 0.5 0.5 0.9253461 
Car 0.5 3 0 615.4673 178.93468 637.9615 214.86699 0.5 0.5 0.5 0.5 0.5 0.5 0.5 0.88929766 
Car 0.5 3 0 630.79553 183.16414 668.81555 234.73187 0.5 0.5 0.5 0.5 0.5 0.5 0.5 0.8014242 
Car 0.5 3 0 608.76483 177.36565 627.60693 204.21141 0.5 0.5 0.5 0.5 0.5 0.5 0.5 0.7839889 
Car 0.5 3 0 604.40015 175.91895 623.5273 197.4318 0.5 0.5 0.5 0.5 0.5 0.5 0.5 0.72439426 
Car 0.5 3 0 403.26648 157.54839 519.0944 216.38025 0.5 0.5 0.5 0.5 0.5 0.5 0.5 0.63293827 
Pedestrian 0.5 3 0 310.4665 174.20958 328.6363 198.20587 0.5 0.5 0.5 0.5 0.5 0.5 0.5 0.6069735 
Pedestrian 0.5 3 0 508.97318 176.06207 521.988 204.22627 0.5 0.5 0.5 0.5 0.5 0.5 0.5 0.6060691 
Car 0.5 3 0 593.8163 175.22551 613.34717 192.43552 0.5 0.5 0.5 0.5 0.5 0.5 0.5 0.5471248 
