Pedestrian 0.5 3 0 672.707 182.30254 754.2318 333.8182 0.5 0.5 0.5 0.5 0.5 0.5 0.5 0.9961683 
Cyclist 0.5 3 0 670.0912 253.5996 766.85516 362.05594 0.5 0.5 0.5 0.5 0.5 0.5 0.5 0.99187225 
Car 0.5 3 0 519.8503 175.59366 585.50354 217.85248 0.5 0.5 0.5 0.5 0.5 0.5 0.5 0.9777884 
Cyclist 0.5 3 0 792.0327 198.81259 863.6976 254.68047 0.5 0.5 0.5 0.5 0.5 0.5 0.5 0.9700015 
Cyclist 0.5 3 0 503.338 210.61981 530.6923 258.36108 0.5 0.5 0.5 0.5 0.5 0.5 0.5 0.9052135 
Cyclist 0.5 3 0 518.9529 209.84009 582.14606 262.07016 0.5 0.5 0.5 0.5 0.5 0.5 0.5 0.89863974 
Car 0.5 3 0 254.96687 192.26291 296.1216 224.10403 0.5 0.5 0.5 0.5 0.5 0.5 0.5 0.8747039 
Car 0.5 3 0 290.7809 171.25124 386.81204 262.34378 0.5 0.5 0.5 0.5 0.5 0.5 0.5 0.8693535 
Car 0.5 3 0 154.0612 199.15309 209.13864 221.73846 0.5 0.5 0.5 0.5 0.5 0.5 0.5 0.80641323 
Pedestrian 0.5 3 0 419.8253 184.55008 433.3139 216.10028 0.5 0.5 0.5 0.5 0.5 0.5 0.5 0.5990121 
