Car 0.5 3 0 847.0523 189.13348 948.1664 244.24507 0.5 0.5 0.5 0.5 0.5 0.5 0.5 0.9942783 
Pedestrian 0.5 3 0 783.6341 183.60359 820.18335 269.81644 0.5 0.5 0.5 0.5 0.5 0.5 0.5 0.9939559 
Car 0.5 3 0 815.6425 187.68114 862.2872 232.56105 0.5 0.5 0.5 0.5 0.5 0.5 0.5 0.9861172 
Car 0.5 3 0 703.11005 173.4371 748.46423 216.22693 0.5 0.5 0.5 0.5 0.5 0.5 0.5 0.96704715 
Car 0.5 3 0 590.03735 178.64584 644.45544 217.16702 0.5 0.5 0.5 0.5 0.5 0.5 0.5 0.96105707 
Car 0.5 3 0 180.80728 198.73112 252.93758 258.1219 0.5 0.5 0.5 0.5 0.5 0.5 0.5 0.9295661 
Car 0.5 3 0 756.44525 184.53917 784.363 213.83038 0.5 0.5 0.5 0.5 0.5 0.5 0.5 0.891279 
Car 0.5 3 0 776.9611 184.67755 793.2718 216.34264 0.5 0.5 0.5 0.5 0.5 0.5 0.5 0.84117615 
Cyclist 0.5 3 0 789.3624 225.25615 815.3769 286.73636 0.5 0.5 0.5 0.5 0.5 0.5 0.5 0.7917618 
Car 0.5 3 0 745.45087 182.92307 768.4933 208.24673 0.5 0.5 0.5 0.5 0.5 0.5 0.5 0.7581854 
Car 0.5 3 0 639.8223 176.95522 655.54065 193.65811 0.5 0.5 0.5 0.5 0.5 0.5 0.5 0.65871084 
Car 0.5 3 0 772.54535 182.09831 809.674 216.89784 0.5 0.5 0.5 0.5 0.5 0.5 0.5 0.63116133 
Cyclist 0.5 3 0 786.55206 221.53015 804.8362 281.23853 0.5 0.5 0.5 0.5 0.5 0.5 0.5 0.54855555 
Car 0.5 3 0 688.80225 176.3693 705.0871 189.107 0.5 0.5 0.5 0.5 0.5 0.5 0.5 0.5271404 
