Car 0.5 3 0 761.5023 190.41898 1122.9048 375.0 0.5 0.5 0.5 0.5 0.5 0.5 0.5 0.9954861 
Car 0.5 3 0 2.4802897 189.49664 262.45947 321.0386 0.5 0.5 0.5 0.5 0.5 0.5 0.5 0.9929311 
Car 0.5 3 0 340.73364 177.71771 402.8887 203.20654 0.5 0.5 0.5 0.5 0.5 0.5 0.5 0.9926041 
Car 0.5 3 0 458.01163 177.46487 509.6848 205.24902 0.5 0.5 0.5 0.5 0.5 0.5 0.5 0.9824905 
Car 0.5 3 0 670.732 170.46817 712.0209 189.7874 0.5 0.5 0.5 0.5 0.5 0.5 0.5 0.9322168 
Car 0.5 3 0 0.71823186 249.22308 23.538252 360.24802 0.5 0.5 0.5 0.5 0.5 0.5 0.5 0.89311534 
Car 0.5 3 0 553.8434 168.56415 602.38776 194.35014 0.5 0.5 0.5 0.5 0.5 0.5 0.5 0.86357594 
Pedestrian 0.5 3 0 660.4099 172.32971 677.92334 206.94414 0.5 0.5 0.5 0.5 0.5 0.5 0.5 0.85593724 
Car 0.5 3 0 649.1414 176.94824 665.2222 190.46634 0.5 0.5 0.5 0.5 0.5 0.5 0.5 0.6073765 
Car 0.5 3 0 544.0713 171.23747 560.5716 191.73271 0.5 0.5 0.5 0.5 0.5 0.5 0.5 0.5881283 
Car 0.5 3 0 168.77162 176.48785 223.98865 192.86156 0.5 0.5 0.5 0.5 0.5 0.5 0.5 0.5208698 
Car 0.5 3 0 94.58874 179.08661 169.44876 199.95628 0.5 0.5 0.5 0.5 0.5 0.5 0.5 0.51103276 
