Car 0.5 3 0 349.06375 188.11847 443.4224 242.64201 0.5 0.5 0.5 0.5 0.5 0.5 0.5 0.9954461 
Car 0.5 3 0 793.3117 188.46184 1239.404 373.23364 0.5 0.5 0.5 0.5 0.5 0.5 0.5 0.994879 
Car 0.5 3 0 0.0 195.43066 261.24994 339.92776 0.5 0.5 0.5 0.5 0.5 0.5 0.5 0.99124676 
Car 0.5 3 0 485.23947 182.10542 515.27 211.37143 0.5 0.5 0.5 0.5 0.5 0.5 0.5 0.984571 
Car 0.5 3 0 507.50943 179.3587 536.9954 204.14772 0.5 0.5 0.5 0.5 0.5 0.5 0.5 0.9692215 
Car 0.5 3 0 427.25168 184.96518 474.27298 225.80945 0.5 0.5 0.5 0.5 0.5 0.5 0.5 0.96577615 
Car 0.5 3 0 991.6832 142.5701 1186.496 185.02483 0.5 0.5 0.5 0.5 0.5 0.5 0.5 0.92274415 
Car 0.5 3 0 720.16296 158.25317 855.085 193.01234 0.5 0.5 0.5 0.5 0.5 0.5 0.5 0.9184471 
Car 0.5 3 0 461.51105 184.2066 495.95956 218.3395 0.5 0.5 0.5 0.5 0.5 0.5 0.5 0.913953 
Car 0.5 3 0 614.6746 171.89902 630.8875 185.81827 0.5 0.5 0.5 0.5 0.5 0.5 0.5 0.8581408 
Car 0.5 3 0 473.83783 183.2003 506.44247 214.48827 0.5 0.5 0.5 0.5 0.5 0.5 0.5 0.81110674 
Car 0.5 3 0 641.40515 172.61528 676.8452 195.44904 0.5 0.5 0.5 0.5 0.5 0.5 0.5 0.64358306 
Car 0.5 3 0 638.8341 173.72903 655.2715 192.34418 0.5 0.5 0.5 0.5 0.5 0.5 0.5 0.64327854 
Car 0.5 3 0 538.65326 175.94946 570.1616 195.86807 0.5 0.5 0.5 0.5 0.5 0.5 0.5 0.6047418 
Car 0.5 3 0 990.7185 148.0473 1042.8082 175.43446 0.5 0.5 0.5 0.5 0.5 0.5 0.5 0.54318595 
Car 0.5 3 0 500.15356 181.14372 527.8321 205.85922 0.5 0.5 0.5 0.5 0.5 0.5 0.5 0.5054729 
