Car 0.5 3 0 320.7569 190.098 444.25262 260.57922 0.5 0.5 0.5 0.5 0.5 0.5 0.5 0.9974443 
Car 0.5 3 0 839.2264 190.12013 1231.4338 372.47348 0.5 0.5 0.5 0.5 0.5 0.5 0.5 0.9948007 
Car 0.5 3 0 714.42444 182.91632 792.5372 248.31342 0.5 0.5 0.5 0.5 0.5 0.5 0.5 0.99136037 
Car 0.5 3 0 752.67926 191.60283 895.6818 288.03436 0.5 0.5 0.5 0.5 0.5 0.5 0.5 0.9903128 
Car 0.5 3 0 426.20984 186.18858 490.56934 235.6729 0.5 0.5 0.5 0.5 0.5 0.5 0.5 0.9830824 
Car 0.5 3 0 472.10895 184.61436 514.8102 221.72897 0.5 0.5 0.5 0.5 0.5 0.5 0.5 0.9749067 
Car 0.5 3 0 678.44366 178.9462 712.1313 219.10184 0.5 0.5 0.5 0.5 0.5 0.5 0.5 0.9743158 
Car 0.5 3 0 527.22064 178.7557 562.9176 203.92024 0.5 0.5 0.5 0.5 0.5 0.5 0.5 0.9727983 
Car 0.5 3 0 689.1497 181.9241 732.44604 227.71497 0.5 0.5 0.5 0.5 0.5 0.5 0.5 0.95559865 
Car 0.5 3 0 673.29913 179.01126 700.1837 210.234 0.5 0.5 0.5 0.5 0.5 0.5 0.5 0.69471955 
Car 0.5 3 0 638.9497 178.5497 653.95715 188.81242 0.5 0.5 0.5 0.5 0.5 0.5 0.5 0.6811945 
Car 0.5 3 0 550.96027 177.8601 569.74426 200.93674 0.5 0.5 0.5 0.5 0.5 0.5 0.5 0.6434253 
Car 0.5 3 0 981.11414 178.42839 1049.2816 195.37257 0.5 0.5 0.5 0.5 0.5 0.5 0.5 0.64084506 
