Car 0.5 3 0 259.87363 191.38182 395.03745 266.93372 0.5 0.5 0.5 0.5 0.5 0.5 0.5 0.9967789 
Car 0.5 3 0 1131.0908 133.20189 1239.5415 178.22006 0.5 0.5 0.5 0.5 0.5 0.5 0.5 0.9916157 
Car 0.5 3 0 460.00308 183.69348 498.92783 216.72833 0.5 0.5 0.5 0.5 0.5 0.5 0.5 0.9880505 
Car 0.5 3 0 781.42255 156.27258 869.5199 195.36845 0.5 0.5 0.5 0.5 0.5 0.5 0.5 0.9841616 
Car 0.5 3 0 429.0568 187.38423 472.22736 228.94585 0.5 0.5 0.5 0.5 0.5 0.5 0.5 0.9757286 
Car 0.5 3 0 379.1793 189.16995 440.98734 239.826 0.5 0.5 0.5 0.5 0.5 0.5 0.5 0.97099125 
Car 0.5 3 0 490.1118 180.72687 524.8896 208.80371 0.5 0.5 0.5 0.5 0.5 0.5 0.5 0.9681635 
Car 0.5 3 0 1083.3584 138.62593 1144.4661 174.74336 0.5 0.5 0.5 0.5 0.5 0.5 0.5 0.95276713 
Car 0.5 3 0 759.2084 159.19482 803.7126 192.229 0.5 0.5 0.5 0.5 0.5 0.5 0.5 0.93751925 
Car 0.5 3 0 1034.4064 141.85057 1095.4353 173.8817 0.5 0.5 0.5 0.5 0.5 0.5 0.5 0.91372454 
Car 0.5 3 0 611.0617 171.47668 627.9828 185.76794 0.5 0.5 0.5 0.5 0.5 0.5 0.5 0.89310163 
Car 0.5 3 0 647.0815 173.25166 682.90546 203.03714 0.5 0.5 0.5 0.5 0.5 0.5 0.5 0.8907001 
Car 0.5 3 0 639.0668 173.92287 655.1099 193.81178 0.5 0.5 0.5 0.5 0.5 0.5 0.5 0.82833636 
Car 0.5 3 0 740.2987 155.29015 843.94977 191.78104 0.5 0.5 0.5 0.5 0.5 0.5 0.5 0.8241877 
Car 0.5 3 0 733.28845 159.49135 794.7139 191.32944 0.5 0.5 0.5 0.5 0.5 0.5 0.5 0.7249224 
Car 0.5 3 0 528.32904 179.29596 551.85095 198.11244 0.5 0.5 0.5 0.5 0.5 0.5 0.5 0.7073042 
Car 0.5 3 0 545.0414 176.70367 566.0316 192.74565 0.5 0.5 0.5 0.5 0.5 0.5 0.5 0.55480266 
