Car 0.5 3 0 787.3803 167.5363 937.6162 225.12851 0.5 0.5 0.5 0.5 0.5 0.5 0.5 0.9967926 
Car 0.5 3 0 1.8795596 214.90427 275.1442 373.7401 0.5 0.5 0.5 0.5 0.5 0.5 0.5 0.99556714 
Car 0.5 3 0 263.60422 196.7548 423.71136 295.404 0.5 0.5 0.5 0.5 0.5 0.5 0.5 0.987334 
Car 0.5 3 0 732.49896 166.58374 816.6829 208.93861 0.5 0.5 0.5 0.5 0.5 0.5 0.5 0.9776488 
Car 0.5 3 0 473.77655 184.8937 507.49387 209.65628 0.5 0.5 0.5 0.5 0.5 0.5 0.5 0.97186893 
Car 0.5 3 0 684.44507 169.21959 739.2217 190.42809 0.5 0.5 0.5 0.5 0.5 0.5 0.5 0.9522116 
Car 0.5 3 0 642.25055 181.51321 699.30695 223.4658 0.5 0.5 0.5 0.5 0.5 0.5 0.5 0.9265109 
Car 0.5 3 0 775.16614 156.53838 911.9688 207.41682 0.5 0.5 0.5 0.5 0.5 0.5 0.5 0.9083655 
Car 0.5 3 0 499.1223 183.44754 517.7099 206.48904 0.5 0.5 0.5 0.5 0.5 0.5 0.5 0.8949885 
Car 0.5 3 0 516.128 182.37703 536.0032 201.45709 0.5 0.5 0.5 0.5 0.5 0.5 0.5 0.8062053 
Car 0.5 3 0 590.06464 176.80571 604.31506 189.65472 0.5 0.5 0.5 0.5 0.5 0.5 0.5 0.7663382 
Car 0.5 3 0 405.38965 198.23344 449.24063 227.85345 0.5 0.5 0.5 0.5 0.5 0.5 0.5 0.7566244 
Car 0.5 3 0 419.39166 185.90103 469.69403 224.01225 0.5 0.5 0.5 0.5 0.5 0.5 0.5 0.74821347 
Car 0.5 3 0 1081.706 141.2586 1152.681 181.63664 0.5 0.5 0.5 0.5 0.5 0.5 0.5 0.60503125 
Car 0.5 3 0 614.5413 177.63293 647.087 196.36679 0.5 0.5 0.5 0.5 0.5 0.5 0.5 0.6028967 
Car 0.5 3 0 522.7286 181.41286 540.91626 199.293 0.5 0.5 0.5 0.5 0.5 0.5 0.5 0.5071325 
