Car 0.5 3 0 376.59174 195.25182 447.15256 241.98407 0.5 0.5 0.5 0.5 0.5 0.5 0.5 0.99485046 
Car 0.5 3 0 435.25656 192.79074 477.54105 229.74864 0.5 0.5 0.5 0.5 0.5 0.5 0.5 0.9935474 
Car 0.5 3 0 1023.5213 137.77425 1122.1719 179.81512 0.5 0.5 0.5 0.5 0.5 0.5 0.5 0.9843018 
Car 0.5 3 0 25.636112 206.79361 144.1327 244.05453 0.5 0.5 0.5 0.5 0.5 0.5 0.5 0.9765495 
Car 0.5 3 0 0.4648055 213.59021 39.109005 245.53563 0.5 0.5 0.5 0.5 0.5 0.5 0.5 0.9645176 
Car 0.5 3 0 466.2939 183.87459 506.894 216.7733 0.5 0.5 0.5 0.5 0.5 0.5 0.5 0.952776 
Car 0.5 3 0 135.3292 206.29118 199.1571 242.11217 0.5 0.5 0.5 0.5 0.5 0.5 0.5 0.9277018 
Car 0.5 3 0 622.0823 178.63681 640.3094 194.10834 0.5 0.5 0.5 0.5 0.5 0.5 0.5 0.9123756 
Car 0.5 3 0 649.3724 177.02698 699.55994 218.40411 0.5 0.5 0.5 0.5 0.5 0.5 0.5 0.91074026 
Car 0.5 3 0 531.6399 183.44127 551.7267 199.66171 0.5 0.5 0.5 0.5 0.5 0.5 0.5 0.8865099 
Car 0.5 3 0 836.2163 165.70863 871.50275 179.96397 0.5 0.5 0.5 0.5 0.5 0.5 0.5 0.86338204 
Car 0.5 3 0 511.04547 185.7959 533.0513 207.71518 0.5 0.5 0.5 0.5 0.5 0.5 0.5 0.7502234 
Car 0.5 3 0 688.3789 170.14316 713.8627 188.02426 0.5 0.5 0.5 0.5 0.5 0.5 0.5 0.7089311 
Car 0.5 3 0 500.70343 185.87357 521.0961 210.27335 0.5 0.5 0.5 0.5 0.5 0.5 0.5 0.6526611 
Car 0.5 3 0 566.01556 181.30707 585.43634 193.9944 0.5 0.5 0.5 0.5 0.5 0.5 0.5 0.6081439 
