Car 0.5 3 0 432.9956 191.92496 550.3589 262.83798 0.5 0.5 0.5 0.5 0.5 0.5 0.5 0.9970139 
Car 0.5 3 0 974.8084 162.78174 1130.636 236.26428 0.5 0.5 0.5 0.5 0.5 0.5 0.5 0.9948165 
Car 0.5 3 0 141.83945 185.69528 190.84065 217.15799 0.5 0.5 0.5 0.5 0.5 0.5 0.5 0.9945111 
Car 0.5 3 0 336.3475 184.54358 394.3597 220.97633 0.5 0.5 0.5 0.5 0.5 0.5 0.5 0.993429 
Car 0.5 3 0 876.4341 163.86499 957.16693 223.63702 0.5 0.5 0.5 0.5 0.5 0.5 0.5 0.9912655 
Car 0.5 3 0 556.13885 152.3538 890.89813 339.5435 0.5 0.5 0.5 0.5 0.5 0.5 0.5 0.9738549 
Car 0.5 3 0 0.7885133 207.35881 72.279434 295.3184 0.5 0.5 0.5 0.5 0.5 0.5 0.5 0.971305 
Car 0.5 3 0 518.1112 169.6741 601.43 205.11043 0.5 0.5 0.5 0.5 0.5 0.5 0.5 0.9673803 
Car 0.5 3 0 1085.7748 152.77295 1237.9113 198.36604 0.5 0.5 0.5 0.5 0.5 0.5 0.5 0.96681434 
Car 0.5 3 0 228.40889 181.062 260.03955 196.65746 0.5 0.5 0.5 0.5 0.5 0.5 0.5 0.9549587 
Car 0.5 3 0 311.27304 178.90694 334.60196 197.8991 0.5 0.5 0.5 0.5 0.5 0.5 0.5 0.9398426 
Car 0.5 3 0 0.0 246.84761 20.241936 318.76474 0.5 0.5 0.5 0.5 0.5 0.5 0.5 0.9157698 
Car 0.5 3 0 190.30759 183.80054 213.00058 208.30164 0.5 0.5 0.5 0.5 0.5 0.5 0.5 0.8980157 
Car 0.5 3 0 261.7849 181.72464 278.16388 190.4811 0.5 0.5 0.5 0.5 0.5 0.5 0.5 0.88964915 
Car 0.5 3 0 326.47452 183.0207 358.73657 213.32452 0.5 0.5 0.5 0.5 0.5 0.5 0.5 0.87015337 
Car 0.5 3 0 199.64105 183.90947 214.24484 204.58186 0.5 0.5 0.5 0.5 0.5 0.5 0.5 0.6716975 
