Car 0.5 3 0 6.601327 220.4065 220.07443 349.39813 0.5 0.5 0.5 0.5 0.5 0.5 0.5 0.9977562 
Car 0.5 3 0 547.7038 189.35197 612.8 233.15355 0.5 0.5 0.5 0.5 0.5 0.5 0.5 0.99579775 
Car 0.5 3 0 925.40326 130.70328 1242.0 374.26074 0.5 0.5 0.5 0.5 0.5 0.5 0.5 0.99458873 
Car 0.5 3 0 376.27176 191.28639 425.20612 223.26807 0.5 0.5 0.5 0.5 0.5 0.5 0.5 0.99148387 
Car 0.5 3 0 658.7808 203.51085 846.2924 318.35858 0.5 0.5 0.5 0.5 0.5 0.5 0.5 0.9892699 
Car 0.5 3 0 757.93463 174.25029 871.2925 217.24455 0.5 0.5 0.5 0.5 0.5 0.5 0.5 0.9819587 
Car 0.5 3 0 1.0760758 276.0004 56.698803 374.39136 0.5 0.5 0.5 0.5 0.5 0.5 0.5 0.97009146 
Car 0.5 3 0 429.1032 191.51631 447.83856 211.93791 0.5 0.5 0.5 0.5 0.5 0.5 0.5 0.9355611 
Car 0.5 3 0 176.22542 196.73936 234.14722 220.6294 0.5 0.5 0.5 0.5 0.5 0.5 0.5 0.89647895 
Car 0.5 3 0 501.04822 187.9448 514.0838 196.49356 0.5 0.5 0.5 0.5 0.5 0.5 0.5 0.88028103 
Car 0.5 3 0 468.2891 190.45114 484.64172 202.58011 0.5 0.5 0.5 0.5 0.5 0.5 0.5 0.84787935 
Car 0.5 3 0 537.7082 186.11731 565.89264 203.85791 0.5 0.5 0.5 0.5 0.5 0.5 0.5 0.77431333 
Car 0.5 3 0 700.88666 178.3928 780.0669 207.0015 0.5 0.5 0.5 0.5 0.5 0.5 0.5 0.76483524 
Car 0.5 3 0 543.4736 189.96585 566.9953 222.81935 0.5 0.5 0.5 0.5 0.5 0.5 0.5 0.7488187 
Car 0.5 3 0 409.14648 191.14183 429.7313 216.54453 0.5 0.5 0.5 0.5 0.5 0.5 0.5 0.7347932 
Car 0.5 3 0 420.75995 192.77434 439.52182 214.15671 0.5 0.5 0.5 0.5 0.5 0.5 0.5 0.6756706 
Cyclist 0.5 3 0 870.5625 177.7198 910.47003 203.31306 0.5 0.5 0.5 0.5 0.5 0.5 0.5 0.5001326 
