Car 0.5 3 0 0.29234657 202.26344 258.81766 339.89993 0.5 0.5 0.5 0.5 0.5 0.5 0.5 0.9984164 
Car 0.5 3 0 870.7306 191.87944 1242.0 371.06842 0.5 0.5 0.5 0.5 0.5 0.5 0.5 0.99695456 
Car 0.5 3 0 310.5516 184.26886 433.28302 246.35916 0.5 0.5 0.5 0.5 0.5 0.5 0.5 0.9952722 
Car 0.5 3 0 705.5259 181.69603 837.8115 268.25095 0.5 0.5 0.5 0.5 0.5 0.5 0.5 0.99423146 
Car 0.5 3 0 673.59143 179.46762 741.4058 239.40274 0.5 0.5 0.5 0.5 0.5 0.5 0.5 0.99387723 
Car 0.5 3 0 648.1387 175.3988 696.29816 217.22069 0.5 0.5 0.5 0.5 0.5 0.5 0.5 0.9927654 
Car 0.5 3 0 454.40112 175.91328 512.66693 209.73553 0.5 0.5 0.5 0.5 0.5 0.5 0.5 0.9764326 
Car 0.5 3 0 505.7725 173.39531 535.08545 196.01044 0.5 0.5 0.5 0.5 0.5 0.5 0.5 0.78229827 
Car 0.5 3 0 66.55485 189.81047 139.82187 224.83551 0.5 0.5 0.5 0.5 0.5 0.5 0.5 0.7570835 
Car 0.5 3 0 38.33271 190.48694 84.81495 229.12036 0.5 0.5 0.5 0.5 0.5 0.5 0.5 0.7536895 
Car 0.5 3 0 133.05151 187.45572 191.17305 202.855 0.5 0.5 0.5 0.5 0.5 0.5 0.5 0.52391255 
