Car 0.5 3 0 0.0 195.224 307.03616 370.14142 0.5 0.5 0.5 0.5 0.5 0.5 0.5 0.9982461 
Car 0.5 3 0 404.5714 192.9974 469.93417 253.4753 0.5 0.5 0.5 0.5 0.5 0.5 0.5 0.9874713 
Car 0.5 3 0 448.20203 186.46773 504.9093 235.28526 0.5 0.5 0.5 0.5 0.5 0.5 0.5 0.98689634 
Car 0.5 3 0 284.9517 187.09473 420.048 282.5997 0.5 0.5 0.5 0.5 0.5 0.5 0.5 0.98632425 
Car 0.5 3 0 560.07355 179.78877 598.64307 202.0496 0.5 0.5 0.5 0.5 0.5 0.5 0.5 0.98036295 
Car 0.5 3 0 612.5412 178.44063 634.7139 190.99759 0.5 0.5 0.5 0.5 0.5 0.5 0.5 0.94647104 
Car 0.5 3 0 101.396034 178.91515 207.7954 207.15639 0.5 0.5 0.5 0.5 0.5 0.5 0.5 0.92733836 
Car 0.5 3 0 687.3366 177.30486 709.5145 205.53976 0.5 0.5 0.5 0.5 0.5 0.5 0.5 0.890699 
Car 0.5 3 0 694.6461 173.82971 754.84674 223.9845 0.5 0.5 0.5 0.5 0.5 0.5 0.5 0.86207086 
Car 0.5 3 0 587.88794 179.57477 604.52655 197.7891 0.5 0.5 0.5 0.5 0.5 0.5 0.5 0.8420788 
Car 0.5 3 0 593.3174 179.80434 609.9884 197.00816 0.5 0.5 0.5 0.5 0.5 0.5 0.5 0.75789994 
Car 0.5 3 0 601.0957 180.0014 612.90784 195.09744 0.5 0.5 0.5 0.5 0.5 0.5 0.5 0.597807 
