Car 0.5 3 0 9.55777 198.5743 315.30286 350.01266 0.5 0.5 0.5 0.5 0.5 0.5 0.5 0.9982657 
Car 0.5 3 0 904.3934 212.02745 1240.76 367.95746 0.5 0.5 0.5 0.5 0.5 0.5 0.5 0.99612075 
Car 0.5 3 0 294.30096 190.4091 421.70636 266.0025 0.5 0.5 0.5 0.5 0.5 0.5 0.5 0.9960537 
Car 0.5 3 0 760.6852 187.32799 964.18256 308.03122 0.5 0.5 0.5 0.5 0.5 0.5 0.5 0.99604803 
Car 0.5 3 0 397.4665 188.045 469.93427 239.24222 0.5 0.5 0.5 0.5 0.5 0.5 0.5 0.98768336 
Car 0.5 3 0 707.5868 182.92487 806.4872 259.05545 0.5 0.5 0.5 0.5 0.5 0.5 0.5 0.9869207 
Car 0.5 3 0 571.6293 173.73692 616.4338 189.54959 0.5 0.5 0.5 0.5 0.5 0.5 0.5 0.98430955 
Car 0.5 3 0 495.68658 179.52112 538.6064 209.06581 0.5 0.5 0.5 0.5 0.5 0.5 0.5 0.9831594 
Car 0.5 3 0 692.8559 178.22441 736.1327 231.99689 0.5 0.5 0.5 0.5 0.5 0.5 0.5 0.98189557 
Car 0.5 3 0 681.73285 176.05325 716.1432 216.20653 0.5 0.5 0.5 0.5 0.5 0.5 0.5 0.9576378 
Car 0.5 3 0 526.5645 176.998 552.6129 204.36401 0.5 0.5 0.5 0.5 0.5 0.5 0.5 0.95497596 
Car 0.5 3 0 1075.4053 174.19156 1172.0015 212.13123 0.5 0.5 0.5 0.5 0.5 0.5 0.5 0.94392705 
Car 0.5 3 0 676.5501 176.17805 699.1471 212.72865 0.5 0.5 0.5 0.5 0.5 0.5 0.5 0.7381019 
Car 0.5 3 0 1022.7625 171.38022 1067.3 210.20273 0.5 0.5 0.5 0.5 0.5 0.5 0.5 0.68764704 
Car 0.5 3 0 918.1734 179.23247 980.1239 207.2034 0.5 0.5 0.5 0.5 0.5 0.5 0.5 0.60407853 
Car 0.5 3 0 982.4347 171.86586 1061.789 212.33394 0.5 0.5 0.5 0.5 0.5 0.5 0.5 0.5468235 
