Car 0.5 3 0 369.20557 186.25578 456.8873 255.50284 0.5 0.5 0.5 0.5 0.5 0.5 0.5 0.9927711 
Car 0.5 3 0 0.0 190.88797 276.54584 371.80722 0.5 0.5 0.5 0.5 0.5 0.5 0.5 0.992652 
Car 0.5 3 0 260.99002 198.58878 398.07266 294.16138 0.5 0.5 0.5 0.5 0.5 0.5 0.5 0.9909561 
Car 0.5 3 0 541.1921 177.34973 579.3104 202.5244 0.5 0.5 0.5 0.5 0.5 0.5 0.5 0.98983884 
Car 0.5 3 0 601.10474 173.86194 630.25555 190.4659 0.5 0.5 0.5 0.5 0.5 0.5 0.5 0.955437 
Car 0.5 3 0 694.2828 175.69576 720.9136 211.35435 0.5 0.5 0.5 0.5 0.5 0.5 0.5 0.9456173 
Car 0.5 3 0 684.51666 174.07228 705.5404 198.38878 0.5 0.5 0.5 0.5 0.5 0.5 0.5 0.9170598 
Car 0.5 3 0 576.36615 177.09616 596.60486 197.31102 0.5 0.5 0.5 0.5 0.5 0.5 0.5 0.8859545 
Car 0.5 3 0 706.04126 171.56111 785.5342 235.66986 0.5 0.5 0.5 0.5 0.5 0.5 0.5 0.88254297 
Car 0.5 3 0 585.7011 177.33789 598.9304 195.88568 0.5 0.5 0.5 0.5 0.5 0.5 0.5 0.82086474 
Car 0.5 3 0 0.12377777 176.61377 49.022144 211.39809 0.5 0.5 0.5 0.5 0.5 0.5 0.5 0.71584195 
Car 0.5 3 0 569.51385 177.19252 589.477 198.53342 0.5 0.5 0.5 0.5 0.5 0.5 0.5 0.6600059 
Car 0.5 3 0 703.939 175.78783 724.0931 221.83823 0.5 0.5 0.5 0.5 0.5 0.5 0.5 0.61588925 
