Car 0.5 3 0 0.9643115 226.47388 179.04079 372.7829 0.5 0.5 0.5 0.5 0.5 0.5 0.5 0.997661 
Car 0.5 3 0 650.3344 187.19803 722.63745 241.27254 0.5 0.5 0.5 0.5 0.5 0.5 0.5 0.9949157 
Car 0.5 3 0 814.7396 223.56691 1239.7488 375.0 0.5 0.5 0.5 0.5 0.5 0.5 0.5 0.992638 
Car 0.5 3 0 901.9635 169.0613 1068.4221 227.61868 0.5 0.5 0.5 0.5 0.5 0.5 0.5 0.98898435 
Car 0.5 3 0 812.3069 176.61604 929.37897 210.31662 0.5 0.5 0.5 0.5 0.5 0.5 0.5 0.977719 
Car 0.5 3 0 456.37128 184.41986 503.25253 218.36076 0.5 0.5 0.5 0.5 0.5 0.5 0.5 0.9733567 
Car 0.5 3 0 493.36438 184.29756 518.4852 211.63374 0.5 0.5 0.5 0.5 0.5 0.5 0.5 0.9504937 
Car 0.5 3 0 513.67773 183.82993 539.3502 206.79398 0.5 0.5 0.5 0.5 0.5 0.5 0.5 0.9399839 
Car 0.5 3 0 592.8991 181.06291 609.29596 190.9602 0.5 0.5 0.5 0.5 0.5 0.5 0.5 0.91406167 
Car 0.5 3 0 561.06024 183.04138 578.85724 195.8231 0.5 0.5 0.5 0.5 0.5 0.5 0.5 0.8707036 
Car 0.5 3 0 510.75537 185.15648 526.8042 209.08769 0.5 0.5 0.5 0.5 0.5 0.5 0.5 0.84854114 
Car 0.5 3 0 638.9017 185.64958 667.69934 224.71562 0.5 0.5 0.5 0.5 0.5 0.5 0.5 0.835643 
Car 0.5 3 0 631.8714 181.73067 657.01666 199.9465 0.5 0.5 0.5 0.5 0.5 0.5 0.5 0.82358235 
Car 0.5 3 0 638.961 183.41296 694.35895 225.24773 0.5 0.5 0.5 0.5 0.5 0.5 0.5 0.7608022 
Car 0.5 3 0 574.94476 182.12666 589.5399 193.7429 0.5 0.5 0.5 0.5 0.5 0.5 0.5 0.6565722 
Car 0.5 3 0 531.7994 181.21754 554.01764 193.0773 0.5 0.5 0.5 0.5 0.5 0.5 0.5 0.54726154 
Car 0.5 3 0 86.47651 210.09763 148.69583 240.32007 0.5 0.5 0.5 0.5 0.5 0.5 0.5 0.52132833 
Car 0.5 3 0 1058.4514 175.99472 1140.0547 211.49193 0.5 0.5 0.5 0.5 0.5 0.5 0.5 0.50399923 
Cyclist 0.5 3 0 1138.8374 172.72624 1238.2269 213.73657 0.5 0.5 0.5 0.5 0.5 0.5 0.5 0.50054425 
