Car 0.5 3 0 788.0874 181.39494 1241.9163 371.8133 0.5 0.5 0.5 0.5 0.5 0.5 0.5 0.9983113 
Car 0.5 3 0 239.95567 199.16891 376.09576 276.14737 0.5 0.5 0.5 0.5 0.5 0.5 0.5 0.9971149 
Car 0.5 3 0 708.707 181.24878 832.51526 281.38443 0.5 0.5 0.5 0.5 0.5 0.5 0.5 0.99480635 
Car 0.5 3 0 464.48633 186.21716 504.884 214.09842 0.5 0.5 0.5 0.5 0.5 0.5 0.5 0.96491456 
Car 0.5 3 0 241.41412 194.78764 288.43893 224.65628 0.5 0.5 0.5 0.5 0.5 0.5 0.5 0.9486062 
Car 0.5 3 0 507.6175 180.03401 535.2856 203.29578 0.5 0.5 0.5 0.5 0.5 0.5 0.5 0.9400836 
Car 0.5 3 0 494.023 185.96321 518.5768 209.46135 0.5 0.5 0.5 0.5 0.5 0.5 0.5 0.90653497 
Car 0.5 3 0 576.8819 176.74405 616.46735 194.55241 0.5 0.5 0.5 0.5 0.5 0.5 0.5 0.8975497 
Pedestrian 0.5 3 0 236.53572 199.96341 258.2751 250.2567 0.5 0.5 0.5 0.5 0.5 0.5 0.5 0.881446 
Car 0.5 3 0 631.78735 175.83679 670.71747 202.3427 0.5 0.5 0.5 0.5 0.5 0.5 0.5 0.8269362 
Car 0.5 3 0 659.9092 167.59146 691.5417 182.2011 0.5 0.5 0.5 0.5 0.5 0.5 0.5 0.8119142 
Car 0.5 3 0 544.2005 179.62178 559.85675 192.94714 0.5 0.5 0.5 0.5 0.5 0.5 0.5 0.8039388 
Car 0.5 3 0 595.78406 177.37444 618.8275 193.11157 0.5 0.5 0.5 0.5 0.5 0.5 0.5 0.66788554 
