Car 0.5 3 0 0.0 222.29066 88.82751 356.41986 0.5 0.5 0.5 0.5 0.5 0.5 0.5 0.9972894 
Car 0.5 3 0 450.62152 182.96368 509.85696 221.2572 0.5 0.5 0.5 0.5 0.5 0.5 0.5 0.99651116 
Car 0.5 3 0 542.9924 192.5736 678.7054 275.6561 0.5 0.5 0.5 0.5 0.5 0.5 0.5 0.9961248 
Car 0.5 3 0 28.382277 206.91 178.89554 304.95392 0.5 0.5 0.5 0.5 0.5 0.5 0.5 0.9955266 
Car 0.5 3 0 694.4147 140.60342 1241.0018 370.82312 0.5 0.5 0.5 0.5 0.5 0.5 0.5 0.99078864 
Car 0.5 3 0 275.12717 183.23338 323.87674 215.21014 0.5 0.5 0.5 0.5 0.5 0.5 0.5 0.98832744 
Car 0.5 3 0 633.7513 168.02711 733.0019 207.15898 0.5 0.5 0.5 0.5 0.5 0.5 0.5 0.96406066 
Car 0.5 3 0 443.69882 180.99007 466.2167 213.0058 0.5 0.5 0.5 0.5 0.5 0.5 0.5 0.9302705 
Car 0.5 3 0 434.21695 179.69713 456.22897 196.28358 0.5 0.5 0.5 0.5 0.5 0.5 0.5 0.90244216 
Car 0.5 3 0 326.7497 183.12485 345.34335 203.92053 0.5 0.5 0.5 0.5 0.5 0.5 0.5 0.8955587 
Car 0.5 3 0 361.42563 181.326 381.59854 194.76794 0.5 0.5 0.5 0.5 0.5 0.5 0.5 0.87421393 
Car 0.5 3 0 393.61014 180.08534 407.64655 189.48335 0.5 0.5 0.5 0.5 0.5 0.5 0.5 0.8717364 
Car 0.5 3 0 306.10614 184.02766 331.4526 208.4348 0.5 0.5 0.5 0.5 0.5 0.5 0.5 0.7477836 
Car 0.5 3 0 375.94116 180.89099 390.11667 192.48514 0.5 0.5 0.5 0.5 0.5 0.5 0.5 0.7405519 
Car 0.5 3 0 445.5271 181.4052 484.4089 214.35057 0.5 0.5 0.5 0.5 0.5 0.5 0.5 0.6388368 
Car 0.5 3 0 315.6391 183.96141 341.80463 207.1033 0.5 0.5 0.5 0.5 0.5 0.5 0.5 0.6007263 
Car 0.5 3 0 256.7729 181.35378 276.5787 195.87935 0.5 0.5 0.5 0.5 0.5 0.5 0.5 0.5200982 
