Car 0.5 3 0 295.02106 190.62283 430.4602 268.02338 0.5 0.5 0.5 0.5 0.5 0.5 0.5 0.9981774 
Car 0.5 3 0 870.66815 190.93513 1239.1351 371.50137 0.5 0.5 0.5 0.5 0.5 0.5 0.5 0.9973538 
Car 0.5 3 0 712.7298 184.76642 810.5573 252.30037 0.5 0.5 0.5 0.5 0.5 0.5 0.5 0.9901365 
Car 0.5 3 0 411.96283 187.14554 482.5105 237.67142 0.5 0.5 0.5 0.5 0.5 0.5 0.5 0.9894343 
Car 0.5 3 0 761.5542 191.82326 935.9476 303.6944 0.5 0.5 0.5 0.5 0.5 0.5 0.5 0.98915267 
Car 0.5 3 0 680.321 180.33131 714.25214 218.23207 0.5 0.5 0.5 0.5 0.5 0.5 0.5 0.982074 
Car 0.5 3 0 462.00424 184.62904 508.85568 225.94333 0.5 0.5 0.5 0.5 0.5 0.5 0.5 0.97024083 
Car 0.5 3 0 694.3034 182.96123 740.60913 231.91882 0.5 0.5 0.5 0.5 0.5 0.5 0.5 0.9696388 
Car 0.5 3 0 520.1633 181.72298 559.9284 205.08125 0.5 0.5 0.5 0.5 0.5 0.5 0.5 0.967552 
Car 0.5 3 0 548.4011 178.30359 568.8053 201.59436 0.5 0.5 0.5 0.5 0.5 0.5 0.5 0.9362333 
Car 0.5 3 0 622.88873 176.61671 650.41785 190.07744 0.5 0.5 0.5 0.5 0.5 0.5 0.5 0.82909685 
Car 0.5 3 0 675.524 179.17642 700.82996 209.50584 0.5 0.5 0.5 0.5 0.5 0.5 0.5 0.78244925 
Car 0.5 3 0 687.79016 182.54233 722.50665 227.57605 0.5 0.5 0.5 0.5 0.5 0.5 0.5 0.7596989 
Car 0.5 3 0 621.47235 178.61266 638.97406 189.77235 0.5 0.5 0.5 0.5 0.5 0.5 0.5 0.7156581 
Car 0.5 3 0 672.7019 180.39207 689.7593 207.8333 0.5 0.5 0.5 0.5 0.5 0.5 0.5 0.5167208 
Car 0.5 3 0 553.2639 177.87218 582.6425 196.47195 0.5 0.5 0.5 0.5 0.5 0.5 0.5 0.51013106 
