Car 0.5 3 0 476.18698 183.88344 532.6309 223.94081 0.5 0.5 0.5 0.5 0.5 0.5 0.5 0.9966203 
Car 0.5 3 0 36.627464 210.28392 189.69191 313.37616 0.5 0.5 0.5 0.5 0.5 0.5 0.5 0.9962261 
Car 0.5 3 0 1.2782432 228.34106 90.65891 362.64032 0.5 0.5 0.5 0.5 0.5 0.5 0.5 0.9955557 
Car 0.5 3 0 567.12585 194.1337 710.6424 281.08395 0.5 0.5 0.5 0.5 0.5 0.5 0.5 0.99410135 
Car 0.5 3 0 299.40015 186.3693 346.56735 216.57889 0.5 0.5 0.5 0.5 0.5 0.5 0.5 0.99161 
Car 0.5 3 0 663.4395 169.28188 761.2632 207.62439 0.5 0.5 0.5 0.5 0.5 0.5 0.5 0.9809316 
Car 0.5 3 0 727.73914 136.16714 1242.0 368.70148 0.5 0.5 0.5 0.5 0.5 0.5 0.5 0.9199186 
Car 0.5 3 0 466.74664 182.38275 500.53207 215.62895 0.5 0.5 0.5 0.5 0.5 0.5 0.5 0.8955801 
Car 0.5 3 0 87.65466 190.22787 161.79414 211.82553 0.5 0.5 0.5 0.5 0.5 0.5 0.5 0.8949836 
Car 0.5 3 0 418.94266 182.88956 431.9811 191.01138 0.5 0.5 0.5 0.5 0.5 0.5 0.5 0.876247 
Car 0.5 3 0 388.15167 182.56758 412.46664 196.95457 0.5 0.5 0.5 0.5 0.5 0.5 0.5 0.87547374 
Car 0.5 3 0 457.6251 181.31587 479.9847 198.30432 0.5 0.5 0.5 0.5 0.5 0.5 0.5 0.8617641 
Car 0.5 3 0 354.1837 184.86063 371.46567 204.70235 0.5 0.5 0.5 0.5 0.5 0.5 0.5 0.8581217 
Car 0.5 3 0 329.90924 186.5784 354.5971 210.14275 0.5 0.5 0.5 0.5 0.5 0.5 0.5 0.84971625 
Car 0.5 3 0 340.89047 185.68776 365.52167 208.81061 0.5 0.5 0.5 0.5 0.5 0.5 0.5 0.7695633 
Car 0.5 3 0 389.4516 187.61316 404.91464 196.52742 0.5 0.5 0.5 0.5 0.5 0.5 0.5 0.6815221 
Car 0.5 3 0 464.4922 182.37413 486.26144 212.70795 0.5 0.5 0.5 0.5 0.5 0.5 0.5 0.599546 
Car 0.5 3 0 17.943401 207.93518 88.017204 236.91591 0.5 0.5 0.5 0.5 0.5 0.5 0.5 0.5474726 
