Car 0.5 3 0 2.2517068 232.483 83.58065 366.34915 0.5 0.5 0.5 0.5 0.5 0.5 0.5 0.9929852 
Car 0.5 3 0 411.15866 188.95251 468.07224 226.83067 0.5 0.5 0.5 0.5 0.5 0.5 0.5 0.9878478 
Car 0.5 3 0 192.88893 197.3492 252.93982 228.77939 0.5 0.5 0.5 0.5 0.5 0.5 0.5 0.9874292 
Car 0.5 3 0 0.0 208.0759 43.493435 237.23676 0.5 0.5 0.5 0.5 0.5 0.5 0.5 0.97429895 
Car 0.5 3 0 40.625835 204.53749 106.51667 234.50415 0.5 0.5 0.5 0.5 0.5 0.5 0.5 0.9730311 
Car 0.5 3 0 135.85886 198.17123 202.17126 229.89531 0.5 0.5 0.5 0.5 0.5 0.5 0.5 0.9632689 
Car 0.5 3 0 458.44827 186.26561 492.48996 218.17221 0.5 0.5 0.5 0.5 0.5 0.5 0.5 0.9571279 
Car 0.5 3 0 676.18365 167.13448 707.81946 182.76366 0.5 0.5 0.5 0.5 0.5 0.5 0.5 0.95577174 
Car 0.5 3 0 90.767006 204.23715 138.37839 231.14967 0.5 0.5 0.5 0.5 0.5 0.5 0.5 0.94783586 
Car 0.5 3 0 480.78403 178.51088 518.3004 207.08908 0.5 0.5 0.5 0.5 0.5 0.5 0.5 0.93597037 
Car 0.5 3 0 535.8788 179.02792 554.94635 193.97067 0.5 0.5 0.5 0.5 0.5 0.5 0.5 0.9048459 
Car 0.5 3 0 817.8979 162.77965 849.0125 177.72891 0.5 0.5 0.5 0.5 0.5 0.5 0.5 0.9018581 
Car 0.5 3 0 617.9871 173.18962 656.2985 196.67856 0.5 0.5 0.5 0.5 0.5 0.5 0.5 0.8716356 
Car 0.5 3 0 640.01306 174.35374 686.887 208.19939 0.5 0.5 0.5 0.5 0.5 0.5 0.5 0.81002593 
Car 0.5 3 0 519.68866 180.57857 538.9936 200.61815 0.5 0.5 0.5 0.5 0.5 0.5 0.5 0.7253642 
Car 0.5 3 0 567.99835 176.37798 586.8297 190.15686 0.5 0.5 0.5 0.5 0.5 0.5 0.5 0.6965396 
Car 0.5 3 0 509.97803 181.15039 531.106 202.10278 0.5 0.5 0.5 0.5 0.5 0.5 0.5 0.66055197 
Car 0.5 3 0 1024.334 278.5302 1242.0 373.0609 0.5 0.5 0.5 0.5 0.5 0.5 0.5 0.6170577 
Car 0.5 3 0 597.3901 173.15903 609.2707 184.00433 0.5 0.5 0.5 0.5 0.5 0.5 0.5 0.57316995 
