Car 0.5 3 0 0.06401967 196.91975 241.25725 339.18677 0.5 0.5 0.5 0.5 0.5 0.5 0.5 0.9967294 
Car 0.5 3 0 575.5305 176.46161 620.86017 195.13705 0.5 0.5 0.5 0.5 0.5 0.5 0.5 0.9883343 
Car 0.5 3 0 465.32507 179.11263 518.13416 203.51196 0.5 0.5 0.5 0.5 0.5 0.5 0.5 0.98747057 
Car 0.5 3 0 230.11359 185.54575 360.40237 274.49405 0.5 0.5 0.5 0.5 0.5 0.5 0.5 0.98723316 
Car 0.5 3 0 722.40204 184.71512 909.31494 302.07162 0.5 0.5 0.5 0.5 0.5 0.5 0.5 0.9857552 
Car 0.5 3 0 801.51965 199.77475 1169.783 374.51105 0.5 0.5 0.5 0.5 0.5 0.5 0.5 0.9841562 
Car 0.5 3 0 679.609 172.91628 720.94635 193.568 0.5 0.5 0.5 0.5 0.5 0.5 0.5 0.9193196 
Car 0.5 3 0 384.47757 183.41054 406.43045 202.06956 0.5 0.5 0.5 0.5 0.5 0.5 0.5 0.898707 
Car 0.5 3 0 614.43256 168.45561 632.1894 190.65851 0.5 0.5 0.5 0.5 0.5 0.5 0.5 0.8701243 
Pedestrian 0.5 3 0 658.7392 173.1238 675.2505 203.45218 0.5 0.5 0.5 0.5 0.5 0.5 0.5 0.8567852 
