Car 0.5 3 0 2.3671498 199.01717 255.36617 323.86374 0.5 0.5 0.5 0.5 0.5 0.5 0.5 0.9961145 
Car 0.5 3 0 694.47797 168.38014 800.01434 203.40547 0.5 0.5 0.5 0.5 0.5 0.5 0.5 0.9951357 
Car 0.5 3 0 441.9885 187.20363 510.4061 232.58028 0.5 0.5 0.5 0.5 0.5 0.5 0.5 0.99396884 
Car 0.5 3 0 500.60565 185.70229 533.85156 216.65681 0.5 0.5 0.5 0.5 0.5 0.5 0.5 0.9887589 
Car 0.5 3 0 616.216 180.66478 653.1134 207.36375 0.5 0.5 0.5 0.5 0.5 0.5 0.5 0.97023666 
Car 0.5 3 0 324.10764 194.6276 407.43393 245.29529 0.5 0.5 0.5 0.5 0.5 0.5 0.5 0.9486961 
Car 0.5 3 0 782.8196 162.78687 832.5037 180.42632 0.5 0.5 0.5 0.5 0.5 0.5 0.5 0.9066022 
Car 0.5 3 0 834.0333 160.88432 872.5779 180.85452 0.5 0.5 0.5 0.5 0.5 0.5 0.5 0.87917924 
Car 0.5 3 0 1181.711 157.47974 1240.995 211.6384 0.5 0.5 0.5 0.5 0.5 0.5 0.5 0.8062486 
Car 0.5 3 0 575.14886 178.23386 589.6064 191.34303 0.5 0.5 0.5 0.5 0.5 0.5 0.5 0.75414157 
Car 0.5 3 0 893.1519 150.01625 946.63306 178.71623 0.5 0.5 0.5 0.5 0.5 0.5 0.5 0.70932305 
Car 0.5 3 0 601.8535 180.08434 621.588 195.00223 0.5 0.5 0.5 0.5 0.5 0.5 0.5 0.63058305 
Car 0.5 3 0 689.9457 170.59256 721.82184 195.97104 0.5 0.5 0.5 0.5 0.5 0.5 0.5 0.52898234 
Car 0.5 3 0 524.171 183.08202 543.85913 197.8581 0.5 0.5 0.5 0.5 0.5 0.5 0.5 0.5041385 
