Car 0.5 3 0 703.1105 180.78052 876.12274 292.23862 0.5 0.5 0.5 0.5 0.5 0.5 0.5 0.99742645 
Car 0.5 3 0 0.0 219.35889 145.66013 352.34616 0.5 0.5 0.5 0.5 0.5 0.5 0.5 0.9970291 
Car 0.5 3 0 137.51396 202.53531 334.4658 295.53125 0.5 0.5 0.5 0.5 0.5 0.5 0.5 0.98788774 
Car 0.5 3 0 542.51996 179.21541 574.0977 200.84377 0.5 0.5 0.5 0.5 0.5 0.5 0.5 0.98788595 
Car 0.5 3 0 632.56287 175.54639 655.49097 194.06174 0.5 0.5 0.5 0.5 0.5 0.5 0.5 0.97069025 
Car 0.5 3 0 511.40048 179.75552 540.3248 201.08765 0.5 0.5 0.5 0.5 0.5 0.5 0.5 0.9660312 
Car 0.5 3 0 422.22827 179.07329 472.30777 225.80241 0.5 0.5 0.5 0.5 0.5 0.5 0.5 0.9626859 
Car 0.5 3 0 341.65396 178.39929 435.95456 241.55588 0.5 0.5 0.5 0.5 0.5 0.5 0.5 0.96050644 
Car 0.5 3 0 681.723 167.13782 754.5947 192.15816 0.5 0.5 0.5 0.5 0.5 0.5 0.5 0.9333288 
Car 0.5 3 0 467.9325 181.79456 504.58627 214.32828 0.5 0.5 0.5 0.5 0.5 0.5 0.5 0.85625774 
Car 0.5 3 0 874.7712 163.13899 964.51935 182.91281 0.5 0.5 0.5 0.5 0.5 0.5 0.5 0.82947814 
Car 0.5 3 0 679.9483 170.35272 707.7862 190.95607 0.5 0.5 0.5 0.5 0.5 0.5 0.5 0.6336867 
Car 0.5 3 0 596.0421 173.44789 607.7157 184.38318 0.5 0.5 0.5 0.5 0.5 0.5 0.5 0.61040485 
