Car 0.5 3 0 863.25903 212.46053 1241.5934 371.9512 0.5 0.5 0.5 0.5 0.5 0.5 0.5 0.99636984 
Car 0.5 3 0 358.42242 182.69011 449.90482 239.25107 0.5 0.5 0.5 0.5 0.5 0.5 0.5 0.9957425 
Car 0.5 3 0 753.29004 187.97644 964.1748 320.679 0.5 0.5 0.5 0.5 0.5 0.5 0.5 0.9931763 
Car 0.5 3 0 433.2172 178.44867 485.21454 223.89774 0.5 0.5 0.5 0.5 0.5 0.5 0.5 0.99050796 
Car 0.5 3 0 531.9139 174.35832 569.58716 190.25728 0.5 0.5 0.5 0.5 0.5 0.5 0.5 0.9892202 
Car 0.5 3 0 713.2159 182.00525 799.9365 255.74533 0.5 0.5 0.5 0.5 0.5 0.5 0.5 0.98182905 
Car 0.5 3 0 701.59863 180.4133 756.0109 243.01643 0.5 0.5 0.5 0.5 0.5 0.5 0.5 0.9467536 
Car 0.5 3 0 620.759 173.64046 662.54193 189.4715 0.5 0.5 0.5 0.5 0.5 0.5 0.5 0.9235832 
Car 0.5 3 0 473.55444 174.81241 505.3199 192.15594 0.5 0.5 0.5 0.5 0.5 0.5 0.5 0.8768814 
Car 0.5 3 0 1154.4523 174.07362 1241.2483 217.60356 0.5 0.5 0.5 0.5 0.5 0.5 0.5 0.66110414 
Car 0.5 3 0 695.0662 177.04814 728.00287 228.96011 0.5 0.5 0.5 0.5 0.5 0.5 0.5 0.65296733 
