Car 0.5 3 0 381.67725 193.66606 445.66022 240.55814 0.5 0.5 0.5 0.5 0.5 0.5 0.5 0.99597377 
Car 0.5 3 0 285.44888 197.18553 395.16812 261.64288 0.5 0.5 0.5 0.5 0.5 0.5 0.5 0.9951925 
Car 0.5 3 0 1105.277 137.8436 1237.8619 187.24265 0.5 0.5 0.5 0.5 0.5 0.5 0.5 0.9855209 
Car 0.5 3 0 655.55396 178.19345 729.4171 234.42513 0.5 0.5 0.5 0.5 0.5 0.5 0.5 0.9654349 
Car 0.5 3 0 436.15823 181.84566 489.76074 222.51228 0.5 0.5 0.5 0.5 0.5 0.5 0.5 0.92903644 
Car 0.5 3 0 548.42725 178.41577 580.3969 196.27419 0.5 0.5 0.5 0.5 0.5 0.5 0.5 0.92465174 
Car 0.5 3 0 502.92334 183.23856 524.19965 208.32582 0.5 0.5 0.5 0.5 0.5 0.5 0.5 0.91160023 
Car 0.5 3 0 525.2289 182.42865 546.9476 199.19383 0.5 0.5 0.5 0.5 0.5 0.5 0.5 0.8906955 
Car 0.5 3 0 623.3452 177.4622 645.0176 196.17113 0.5 0.5 0.5 0.5 0.5 0.5 0.5 0.8809939 
Car 0.5 3 0 478.51505 183.40161 504.20605 214.09184 0.5 0.5 0.5 0.5 0.5 0.5 0.5 0.77225524 
Car 0.5 3 0 1198.2921 122.86946 1242.0 177.37402 0.5 0.5 0.5 0.5 0.5 0.5 0.5 0.71759415 
Car 0.5 3 0 721.9057 171.13893 755.6328 186.25035 0.5 0.5 0.5 0.5 0.5 0.5 0.5 0.7031434 
Car 0.5 3 0 30.909842 206.45622 101.05599 224.73917 0.5 0.5 0.5 0.5 0.5 0.5 0.5 0.5657181 
Cyclist 0.5 3 0 78.963234 232.17255 158.85387 279.53613 0.5 0.5 0.5 0.5 0.5 0.5 0.5 0.55684817 
Car 0.5 3 0 594.30927 177.04837 606.238 187.00095 0.5 0.5 0.5 0.5 0.5 0.5 0.5 0.52248085 
