Car 0.5 3 0 693.60376 187.75798 787.9316 254.1515 0.5 0.5 0.5 0.5 0.5 0.5 0.5 0.9968214 
Car 0.5 3 0 1022.41437 166.813 1242.0 237.2006 0.5 0.5 0.5 0.5 0.5 0.5 0.5 0.9937941 
Car 0.5 3 0 470.04166 185.14574 521.87976 222.47203 0.5 0.5 0.5 0.5 0.5 0.5 0.5 0.990335 
Car 0.5 3 0 675.6528 182.6311 733.2985 233.12187 0.5 0.5 0.5 0.5 0.5 0.5 0.5 0.9863495 
Car 0.5 3 0 888.45355 175.34601 1041.808 213.65906 0.5 0.5 0.5 0.5 0.5 0.5 0.5 0.97255015 
Car 0.5 3 0 508.78674 182.1679 540.8731 214.40208 0.5 0.5 0.5 0.5 0.5 0.5 0.5 0.9531259 
Car 0.5 3 0 622.2208 179.94276 639.05817 189.71898 0.5 0.5 0.5 0.5 0.5 0.5 0.5 0.94211286 
Car 0.5 3 0 536.54974 182.66931 561.1039 207.51808 0.5 0.5 0.5 0.5 0.5 0.5 0.5 0.92673564 
Car 0.5 3 0 586.6683 181.66792 604.3292 195.3363 0.5 0.5 0.5 0.5 0.5 0.5 0.5 0.9193307 
Car 0.5 3 0 663.7089 178.8825 690.0033 200.43037 0.5 0.5 0.5 0.5 0.5 0.5 0.5 0.8772469 
Car 0.5 3 0 530.82733 184.85696 549.48065 209.79703 0.5 0.5 0.5 0.5 0.5 0.5 0.5 0.7582675 
Car 0.5 3 0 557.73236 179.6244 580.37476 191.71361 0.5 0.5 0.5 0.5 0.5 0.5 0.5 0.6808702 
Car 0.5 3 0 601.74976 179.23041 618.9518 193.48051 0.5 0.5 0.5 0.5 0.5 0.5 0.5 0.5878799 
Car 0.5 3 0 483.48904 181.55696 535.1078 216.57762 0.5 0.5 0.5 0.5 0.5 0.5 0.5 0.5492857 
