Pedestrian 0.5 3 0 940.6224 131.27654 1006.49426 293.84384 0.5 0.5 0.5 0.5 0.5 0.5 0.5 0.9982029 
Pedestrian 0.5 3 0 997.3081 135.0417 1070.2235 296.40253 0.5 0.5 0.5 0.5 0.5 0.5 0.5 0.99676204 
Car 0.5 3 0 909.4787 253.38351 1240.4956 370.9428 0.5 0.5 0.5 0.5 0.5 0.5 0.5 0.9956654 
Car 0.5 3 0 3.9667106 207.09393 91.31057 244.90314 0.5 0.5 0.5 0.5 0.5 0.5 0.5 0.99223363 
Car 0.5 3 0 814.6693 170.67528 917.19 210.25424 0.5 0.5 0.5 0.5 0.5 0.5 0.5 0.9906978 
Car 0.5 3 0 173.95923 180.53305 318.36105 238.21098 0.5 0.5 0.5 0.5 0.5 0.5 0.5 0.9683077 
Car 0.5 3 0 0.0 222.40872 26.068895 268.55215 0.5 0.5 0.5 0.5 0.5 0.5 0.5 0.95854336 
Car 0.5 3 0 37.861294 206.2708 103.65825 242.198 0.5 0.5 0.5 0.5 0.5 0.5 0.5 0.92955375 
Car 0.5 3 0 319.5255 179.84166 397.5649 210.97115 0.5 0.5 0.5 0.5 0.5 0.5 0.5 0.92539155 
Car 0.5 3 0 99.5846 194.23093 156.02678 221.33267 0.5 0.5 0.5 0.5 0.5 0.5 0.5 0.9067245 
Car 0.5 3 0 1063.0764 164.76743 1126.6613 190.38345 0.5 0.5 0.5 0.5 0.5 0.5 0.5 0.7890919 
Car 0.5 3 0 142.77423 190.12209 205.33795 218.03468 0.5 0.5 0.5 0.5 0.5 0.5 0.5 0.69014347 
Car 0.5 3 0 164.77306 191.94972 207.65936 212.9218 0.5 0.5 0.5 0.5 0.5 0.5 0.5 0.5267851 
