Car 0.5 3 0 727.6238 188.72017 790.9382 250.14871 0.5 0.5 0.5 0.5 0.5 0.5 0.5 0.99426925 
Car 0.5 3 0 0.0 208.49495 182.66365 369.49066 0.5 0.5 0.5 0.5 0.5 0.5 0.5 0.9915692 
Car 0.5 3 0 701.68335 178.39243 772.7207 229.2582 0.5 0.5 0.5 0.5 0.5 0.5 0.5 0.99152815 
Car 0.5 3 0 489.7993 181.13394 546.43427 214.78513 0.5 0.5 0.5 0.5 0.5 0.5 0.5 0.9893233 
Car 0.5 3 0 632.5773 172.96764 659.63727 186.17754 0.5 0.5 0.5 0.5 0.5 0.5 0.5 0.9774175 
Car 0.5 3 0 572.65576 177.27641 601.7064 194.77025 0.5 0.5 0.5 0.5 0.5 0.5 0.5 0.9716068 
Car 0.5 3 0 676.4643 175.54826 704.6399 205.6224 0.5 0.5 0.5 0.5 0.5 0.5 0.5 0.9419725 
Car 0.5 3 0 533.6488 179.87036 559.1739 207.26003 0.5 0.5 0.5 0.5 0.5 0.5 0.5 0.9403137 
Car 0.5 3 0 687.8333 176.87868 718.0954 211.08043 0.5 0.5 0.5 0.5 0.5 0.5 0.5 0.934686 
Car 0.5 3 0 548.8552 180.67398 570.09424 203.90427 0.5 0.5 0.5 0.5 0.5 0.5 0.5 0.8194175 
Car 0.5 3 0 557.566 180.96086 572.65826 201.87643 0.5 0.5 0.5 0.5 0.5 0.5 0.5 0.60973746 
Car 0.5 3 0 762.77057 167.11328 1009.90607 315.4089 0.5 0.5 0.5 0.5 0.5 0.5 0.5 0.5662065 
