Car 0.5 3 0 727.6809 182.71144 951.7188 325.04163 0.5 0.5 0.5 0.5 0.5 0.5 0.5 0.99642617 
Car 0.5 3 0 310.7462 194.60893 413.81763 255.99767 0.5 0.5 0.5 0.5 0.5 0.5 0.5 0.99269205 
Car 0.5 3 0 883.07336 234.66562 1237.3293 373.6692 0.5 0.5 0.5 0.5 0.5 0.5 0.5 0.9887271 
Car 0.5 3 0 689.6823 179.40149 767.1944 255.74948 0.5 0.5 0.5 0.5 0.5 0.5 0.5 0.9856867 
Car 0.5 3 0 513.00916 179.56927 538.7715 200.53877 0.5 0.5 0.5 0.5 0.5 0.5 0.5 0.9417217 
Car 0.5 3 0 307.23773 191.64774 345.73697 214.94713 0.5 0.5 0.5 0.5 0.5 0.5 0.5 0.9386228 
Car 0.5 3 0 573.786 175.53256 601.65765 192.63976 0.5 0.5 0.5 0.5 0.5 0.5 0.5 0.92144585 
Car 0.5 3 0 475.55432 184.43945 511.6444 209.33936 0.5 0.5 0.5 0.5 0.5 0.5 0.5 0.9145696 
Car 0.5 3 0 544.8053 178.5687 560.4372 192.51198 0.5 0.5 0.5 0.5 0.5 0.5 0.5 0.8554527 
Car 0.5 3 0 295.23495 193.4938 310.08246 214.63568 0.5 0.5 0.5 0.5 0.5 0.5 0.5 0.76454234 
Car 0.5 3 0 503.28302 183.61995 523.78766 205.81107 0.5 0.5 0.5 0.5 0.5 0.5 0.5 0.6654982 
Car 0.5 3 0 657.41016 167.4442 687.5526 180.95776 0.5 0.5 0.5 0.5 0.5 0.5 0.5 0.6553023 
Car 0.5 3 0 616.5175 175.08516 630.9579 185.98993 0.5 0.5 0.5 0.5 0.5 0.5 0.5 0.64635146 
Car 0.5 3 0 628.677 173.75934 660.6899 199.6052 0.5 0.5 0.5 0.5 0.5 0.5 0.5 0.6184044 
