Car 0.5 3 0 756.0699 200.56357 951.3916 320.50797 0.5 0.5 0.5 0.5 0.5 0.5 0.5 0.99857914 
Car 0.5 3 0 447.41428 189.54872 517.1614 239.50859 0.5 0.5 0.5 0.5 0.5 0.5 0.5 0.99677294 
Car 0.5 3 0 716.10175 191.3236 811.43414 260.96597 0.5 0.5 0.5 0.5 0.5 0.5 0.5 0.9896853 
Car 0.5 3 0 1020.4886 182.30502 1240.0675 242.32602 0.5 0.5 0.5 0.5 0.5 0.5 0.5 0.9818559 
Car 0.5 3 0 538.4369 190.58768 570.01587 217.77945 0.5 0.5 0.5 0.5 0.5 0.5 0.5 0.9764742 
Car 0.5 3 0 503.43146 189.29152 539.0214 227.68759 0.5 0.5 0.5 0.5 0.5 0.5 0.5 0.96709543 
Car 0.5 3 0 685.00134 182.8233 716.6474 210.53865 0.5 0.5 0.5 0.5 0.5 0.5 0.5 0.90682644 
Car 0.5 3 0 1169.671 211.8522 1241.5118 253.95847 0.5 0.5 0.5 0.5 0.5 0.5 0.5 0.8660232 
Car 0.5 3 0 634.54004 187.9426 648.47363 196.9114 0.5 0.5 0.5 0.5 0.5 0.5 0.5 0.80494267 
Car 0.5 3 0 597.1603 188.28436 617.3495 202.71027 0.5 0.5 0.5 0.5 0.5 0.5 0.5 0.7710553 
Car 0.5 3 0 534.6334 191.9653 556.7551 221.86072 0.5 0.5 0.5 0.5 0.5 0.5 0.5 0.7629711 
Car 0.5 3 0 637.21936 185.88869 653.95026 196.33142 0.5 0.5 0.5 0.5 0.5 0.5 0.5 0.7225176 
Car 0.5 3 0 613.88605 185.9384 632.75476 200.01529 0.5 0.5 0.5 0.5 0.5 0.5 0.5 0.5873448 
Car 0.5 3 0 529.62585 190.8874 548.05444 222.99133 0.5 0.5 0.5 0.5 0.5 0.5 0.5 0.56346685 
Car 0.5 3 0 599.34265 186.11856 630.8745 202.41595 0.5 0.5 0.5 0.5 0.5 0.5 0.5 0.5380516 
Car 0.5 3 0 713.35754 190.40123 738.9107 209.78596 0.5 0.5 0.5 0.5 0.5 0.5 0.5 0.5046598 
