Car 0.5 3 0 164.74919 189.11794 331.47833 279.7255 0.5 0.5 0.5 0.5 0.5 0.5 0.5 0.9961385 
Car 0.5 3 0 0.0 190.59352 170.46638 340.48602 0.5 0.5 0.5 0.5 0.5 0.5 0.5 0.99599934 
Car 0.5 3 0 690.62976 163.22968 784.9673 195.84396 0.5 0.5 0.5 0.5 0.5 0.5 0.5 0.99129254 
Car 0.5 3 0 469.6266 181.91014 526.30615 220.2836 0.5 0.5 0.5 0.5 0.5 0.5 0.5 0.98598576 
Car 0.5 3 0 455.40845 183.0349 485.20596 211.23846 0.5 0.5 0.5 0.5 0.5 0.5 0.5 0.9850515 
Car 0.5 3 0 1099.708 152.98872 1233.2238 189.34023 0.5 0.5 0.5 0.5 0.5 0.5 0.5 0.9757829 
Car 0.5 3 0 368.35263 186.91437 433.96838 229.93478 0.5 0.5 0.5 0.5 0.5 0.5 0.5 0.9730295 
Car 0.5 3 0 517.14276 179.63045 544.7115 207.40091 0.5 0.5 0.5 0.5 0.5 0.5 0.5 0.9661795 
Car 0.5 3 0 619.88275 174.79666 649.9952 199.4698 0.5 0.5 0.5 0.5 0.5 0.5 0.5 0.96533096 
Car 0.5 3 0 779.8855 159.38275 822.2534 175.74297 0.5 0.5 0.5 0.5 0.5 0.5 0.5 0.87429655 
Car 0.5 3 0 873.6094 148.00366 914.7868 173.61192 0.5 0.5 0.5 0.5 0.5 0.5 0.5 0.8170557 
