Car 0.5 3 0 832.71704 169.16112 1054.9424 237.76315 0.5 0.5 0.5 0.5 0.5 0.5 0.5 0.9960995 
Car 0.5 3 0 292.7113 196.6801 379.2067 257.14377 0.5 0.5 0.5 0.5 0.5 0.5 0.5 0.9912811 
Car 0.5 3 0 41.699158 208.57483 349.4813 368.44687 0.5 0.5 0.5 0.5 0.5 0.5 0.5 0.9853357 
Car 0.5 3 0 755.0188 165.75142 847.9281 211.4249 0.5 0.5 0.5 0.5 0.5 0.5 0.5 0.9839109 
Car 0.5 3 0 464.6163 185.55325 506.6643 212.87234 0.5 0.5 0.5 0.5 0.5 0.5 0.5 0.97971797 
Car 0.5 3 0 648.53314 183.25056 704.0766 228.2441 0.5 0.5 0.5 0.5 0.5 0.5 0.5 0.96627796 
Car 0.5 3 0 493.58734 184.95714 515.8668 209.47891 0.5 0.5 0.5 0.5 0.5 0.5 0.5 0.930695 
Car 0.5 3 0 804.1688 157.11212 967.356 226.77501 0.5 0.5 0.5 0.5 0.5 0.5 0.5 0.883526 
Car 0.5 3 0 702.68835 169.72655 752.1803 191.50345 0.5 0.5 0.5 0.5 0.5 0.5 0.5 0.8653485 
Car 0.5 3 0 514.9529 184.40341 531.6944 204.92966 0.5 0.5 0.5 0.5 0.5 0.5 0.5 0.83132 
Car 0.5 3 0 375.53348 204.79932 435.3541 238.17601 0.5 0.5 0.5 0.5 0.5 0.5 0.5 0.80821496 
Car 0.5 3 0 594.68665 178.36697 610.556 190.72682 0.5 0.5 0.5 0.5 0.5 0.5 0.5 0.78710973 
Car 0.5 3 0 1092.5774 147.8249 1137.304 189.71516 0.5 0.5 0.5 0.5 0.5 0.5 0.5 0.76284516 
Car 0.5 3 0 620.98206 180.33578 655.86835 199.77028 0.5 0.5 0.5 0.5 0.5 0.5 0.5 0.67922354 
Car 0.5 3 0 1018.37445 151.43356 1097.9235 188.53304 0.5 0.5 0.5 0.5 0.5 0.5 0.5 0.67265046 
Car 0.5 3 0 972.24786 158.15666 1058.1793 187.52907 0.5 0.5 0.5 0.5 0.5 0.5 0.5 0.6419679 
Car 0.5 3 0 394.99466 191.97998 458.4851 230.13577 0.5 0.5 0.5 0.5 0.5 0.5 0.5 0.5658564 
Car 0.5 3 0 518.4213 183.0092 543.3553 201.39038 0.5 0.5 0.5 0.5 0.5 0.5 0.5 0.50501776 
