Car 0.5 3 0 795.2974 191.30493 1236.5339 368.84027 0.5 0.5 0.5 0.5 0.5 0.5 0.5 0.9967643 
Car 0.5 3 0 342.05438 195.64922 432.84802 251.13669 0.5 0.5 0.5 0.5 0.5 0.5 0.5 0.9901901 
Car 0.5 3 0 708.05884 182.28052 861.1349 291.91498 0.5 0.5 0.5 0.5 0.5 0.5 0.5 0.9881633 
Car 0.5 3 0 677.8062 182.05058 743.57434 247.45474 0.5 0.5 0.5 0.5 0.5 0.5 0.5 0.98613006 
Car 0.5 3 0 1159.4683 139.86182 1212.0996 163.52791 0.5 0.5 0.5 0.5 0.5 0.5 0.5 0.9628857 
Car 0.5 3 0 515.377 181.65707 541.06506 204.92392 0.5 0.5 0.5 0.5 0.5 0.5 0.5 0.95770293 
Car 0.5 3 0 571.77527 180.9687 599.3518 197.32869 0.5 0.5 0.5 0.5 0.5 0.5 0.5 0.9438761 
Car 0.5 3 0 481.5391 188.0829 517.3159 212.1356 0.5 0.5 0.5 0.5 0.5 0.5 0.5 0.92343163 
Car 0.5 3 0 547.1253 183.56499 562.4972 196.70476 0.5 0.5 0.5 0.5 0.5 0.5 0.5 0.86347324 
Car 0.5 3 0 1145.2999 141.10352 1194.819 164.41908 0.5 0.5 0.5 0.5 0.5 0.5 0.5 0.8302231 
Car 0.5 3 0 615.27374 179.57443 630.26636 191.55862 0.5 0.5 0.5 0.5 0.5 0.5 0.5 0.71045905 
Car 0.5 3 0 507.46472 187.81073 528.511 208.58133 0.5 0.5 0.5 0.5 0.5 0.5 0.5 0.6737597 
Car 0.5 3 0 1141.5779 144.69737 1175.377 166.42111 0.5 0.5 0.5 0.5 0.5 0.5 0.5 0.6606925 
Car 0.5 3 0 333.60104 195.99228 362.7626 215.82256 0.5 0.5 0.5 0.5 0.5 0.5 0.5 0.62752146 
Car 0.5 3 0 629.51044 178.94408 665.00775 201.75446 0.5 0.5 0.5 0.5 0.5 0.5 0.5 0.59089017 
Car 0.5 3 0 657.40155 170.48248 683.99316 185.14664 0.5 0.5 0.5 0.5 0.5 0.5 0.5 0.53797305 
Car 0.5 3 0 597.09375 178.34981 611.8323 188.02013 0.5 0.5 0.5 0.5 0.5 0.5 0.5 0.53045684 
