Car 0.5 3 0 921.80853 147.52052 1207.5981 240.62614 0.5 0.5 0.5 0.5 0.5 0.5 0.5 0.9971053 
Car 0.5 3 0 404.14154 185.57365 477.17404 227.99399 0.5 0.5 0.5 0.5 0.5 0.5 0.5 0.9951343 
Car 0.5 3 0 711.3199 183.96432 867.606 286.30914 0.5 0.5 0.5 0.5 0.5 0.5 0.5 0.99316883 
Car 0.5 3 0 1157.1848 177.40996 1241.1665 296.95972 0.5 0.5 0.5 0.5 0.5 0.5 0.5 0.98449266 
Car 0.5 3 0 461.01685 183.1612 495.29794 216.51915 0.5 0.5 0.5 0.5 0.5 0.5 0.5 0.97705585 
Car 0.5 3 0 517.9503 179.24559 542.9114 201.76614 0.5 0.5 0.5 0.5 0.5 0.5 0.5 0.93137246 
Car 0.5 3 0 500.25995 181.94763 525.7302 206.62605 0.5 0.5 0.5 0.5 0.5 0.5 0.5 0.92744434 
Car 0.5 3 0 229.84732 188.31236 384.20926 271.36554 0.5 0.5 0.5 0.5 0.5 0.5 0.5 0.9213899 
Car 0.5 3 0 734.9957 160.80763 813.0105 192.24254 0.5 0.5 0.5 0.5 0.5 0.5 0.5 0.90720606 
Car 0.5 3 0 611.64453 172.56903 628.0482 186.7305 0.5 0.5 0.5 0.5 0.5 0.5 0.5 0.8810527 
Car 0.5 3 0 485.39926 182.17987 511.80295 211.27493 0.5 0.5 0.5 0.5 0.5 0.5 0.5 0.78579813 
Car 0.5 3 0 115.085266 226.59225 268.55997 294.46368 0.5 0.5 0.5 0.5 0.5 0.5 0.5 0.7483593 
Car 0.5 3 0 1170.7253 141.09761 1239.8641 186.78246 0.5 0.5 0.5 0.5 0.5 0.5 0.5 0.67471707 
Car 0.5 3 0 634.9569 173.02525 665.71173 194.83713 0.5 0.5 0.5 0.5 0.5 0.5 0.5 0.5579143 
