Car 0.5 3 0 54.766373 194.50638 292.78583 318.40027 0.5 0.5 0.5 0.5 0.5 0.5 0.5 0.9945839 
Car 0.5 3 0 279.6453 190.55101 383.91544 265.48575 0.5 0.5 0.5 0.5 0.5 0.5 0.5 0.994491 
Car 0.5 3 0 708.5806 185.61447 875.9585 302.83316 0.5 0.5 0.5 0.5 0.5 0.5 0.5 0.9931427 
Car 0.5 3 0 777.92535 192.75589 1242.0 373.064 0.5 0.5 0.5 0.5 0.5 0.5 0.5 0.990923 
Car 0.5 3 0 692.305 183.90253 761.74347 248.28532 0.5 0.5 0.5 0.5 0.5 0.5 0.5 0.97980654 
Car 0.5 3 0 352.8056 178.25546 441.90268 211.48814 0.5 0.5 0.5 0.5 0.5 0.5 0.5 0.952228 
Pedestrian 0.5 3 0 758.0962 157.82642 779.5597 192.30162 0.5 0.5 0.5 0.5 0.5 0.5 0.5 0.93321437 
Pedestrian 0.5 3 0 784.30554 159.32616 803.72375 187.91617 0.5 0.5 0.5 0.5 0.5 0.5 0.5 0.85210747 
Car 0.5 3 0 876.9731 169.01357 926.11145 188.82793 0.5 0.5 0.5 0.5 0.5 0.5 0.5 0.75399536 
Car 0.5 3 0 875.8557 169.14813 952.4208 196.20299 0.5 0.5 0.5 0.5 0.5 0.5 0.5 0.6875296 
