Car 0.5 3 0 454.77457 188.09631 521.81384 229.2606 0.5 0.5 0.5 0.5 0.5 0.5 0.5 0.99626774 
Car 0.5 3 0 762.2276 198.22978 928.7286 299.4233 0.5 0.5 0.5 0.5 0.5 0.5 0.5 0.995421 
Car 0.5 3 0 716.6246 187.1813 817.7459 256.37802 0.5 0.5 0.5 0.5 0.5 0.5 0.5 0.99128133 
Car 0.5 3 0 701.51263 186.08965 744.02875 232.6109 0.5 0.5 0.5 0.5 0.5 0.5 0.5 0.97721547 
Car 0.5 3 0 558.9231 183.44087 589.25433 202.29662 0.5 0.5 0.5 0.5 0.5 0.5 0.5 0.9766109 
Car 0.5 3 0 674.79584 181.73882 701.6483 214.20587 0.5 0.5 0.5 0.5 0.5 0.5 0.5 0.9619373 
Car 0.5 3 0 511.12234 185.27304 545.809 217.49103 0.5 0.5 0.5 0.5 0.5 0.5 0.5 0.9396119 
Car 0.5 3 0 661.11896 179.89146 682.38525 191.84583 0.5 0.5 0.5 0.5 0.5 0.5 0.5 0.9265149 
Car 0.5 3 0 853.6952 175.0634 1242.0 370.72897 0.5 0.5 0.5 0.5 0.5 0.5 0.5 0.8582448 
Car 0.5 3 0 686.06866 181.83298 714.89716 218.26288 0.5 0.5 0.5 0.5 0.5 0.5 0.5 0.84677434 
Car 0.5 3 0 575.6552 180.71301 594.80347 199.80511 0.5 0.5 0.5 0.5 0.5 0.5 0.5 0.78503567 
Car 0.5 3 0 910.7267 178.96523 962.29816 203.96758 0.5 0.5 0.5 0.5 0.5 0.5 0.5 0.74272346 
Car 0.5 3 0 522.0871 185.21666 553.94324 213.67381 0.5 0.5 0.5 0.5 0.5 0.5 0.5 0.6473236 
Car 0.5 3 0 535.7413 188.20253 556.7303 212.45737 0.5 0.5 0.5 0.5 0.5 0.5 0.5 0.5328056 
Car 0.5 3 0 694.14557 183.57811 727.6993 224.3868 0.5 0.5 0.5 0.5 0.5 0.5 0.5 0.52326596 
