Car 0.5 3 0 979.37714 143.8968 1241.3597 234.72627 0.5 0.5 0.5 0.5 0.5 0.5 0.5 0.99624914 
Car 0.5 3 0 262.79807 197.3868 384.98483 267.80847 0.5 0.5 0.5 0.5 0.5 0.5 0.5 0.99593794 
Car 0.5 3 0 380.935 190.7573 455.43506 237.85808 0.5 0.5 0.5 0.5 0.5 0.5 0.5 0.9946301 
Car 0.5 3 0 1.5889868 239.61859 60.484577 372.4489 0.5 0.5 0.5 0.5 0.5 0.5 0.5 0.99158305 
Car 0.5 3 0 874.75696 153.20518 989.9985 216.8402 0.5 0.5 0.5 0.5 0.5 0.5 0.5 0.9913543 
Car 0.5 3 0 46.413826 210.9849 266.3574 326.9657 0.5 0.5 0.5 0.5 0.5 0.5 0.5 0.98996896 
Car 0.5 3 0 681.98914 179.32843 763.47626 237.01411 0.5 0.5 0.5 0.5 0.5 0.5 0.5 0.98125666 
Car 0.5 3 0 812.66736 158.56708 922.6116 213.12732 0.5 0.5 0.5 0.5 0.5 0.5 0.5 0.972097 
Car 0.5 3 0 663.1996 177.30557 710.733 227.4578 0.5 0.5 0.5 0.5 0.5 0.5 0.5 0.97099394 
Car 0.5 3 0 944.98224 140.32896 1084.1018 222.09993 0.5 0.5 0.5 0.5 0.5 0.5 0.5 0.9620741 
Car 0.5 3 0 481.71088 183.96634 517.64685 213.53923 0.5 0.5 0.5 0.5 0.5 0.5 0.5 0.94576174 
Car 0.5 3 0 647.05865 179.15163 675.62494 209.64684 0.5 0.5 0.5 0.5 0.5 0.5 0.5 0.93402517 
Car 0.5 3 0 634.58887 178.05054 655.39465 201.2314 0.5 0.5 0.5 0.5 0.5 0.5 0.5 0.89605623 
Car 0.5 3 0 516.2619 180.35675 546.4502 200.80606 0.5 0.5 0.5 0.5 0.5 0.5 0.5 0.89343053 
Car 0.5 3 0 586.01086 174.29579 612.6632 191.72034 0.5 0.5 0.5 0.5 0.5 0.5 0.5 0.885686 
Car 0.5 3 0 443.9383 187.16394 483.95486 225.36246 0.5 0.5 0.5 0.5 0.5 0.5 0.5 0.88408136 
Car 0.5 3 0 641.3849 178.83742 660.7317 207.2866 0.5 0.5 0.5 0.5 0.5 0.5 0.5 0.72733176 
Car 0.5 3 0 433.25864 190.59811 459.1546 229.52637 0.5 0.5 0.5 0.5 0.5 0.5 0.5 0.55031633 
