Car 0.5 3 0 360.28128 186.55217 467.08212 248.49251 0.5 0.5 0.5 0.5 0.5 0.5 0.5 0.99659544 
Car 0.5 3 0 789.73694 184.42436 1050.7196 343.72714 0.5 0.5 0.5 0.5 0.5 0.5 0.5 0.9960704 
Car 0.5 3 0 733.77264 187.61748 842.9503 271.8854 0.5 0.5 0.5 0.5 0.5 0.5 0.5 0.9950023 
Car 0.5 3 0 705.17773 182.07516 774.29364 238.51529 0.5 0.5 0.5 0.5 0.5 0.5 0.5 0.99272233 
Car 0.5 3 0 1013.1911 279.8047 1239.0979 373.96252 0.5 0.5 0.5 0.5 0.5 0.5 0.5 0.99123436 
Car 0.5 3 0 447.39908 184.20747 505.08542 230.59195 0.5 0.5 0.5 0.5 0.5 0.5 0.5 0.98066634 
Car 0.5 3 0 681.95374 178.78024 713.2704 218.35855 0.5 0.5 0.5 0.5 0.5 0.5 0.5 0.97873086 
Car 0.5 3 0 491.50607 183.80818 525.40094 218.90332 0.5 0.5 0.5 0.5 0.5 0.5 0.5 0.96268016 
Car 0.5 3 0 534.2275 179.30318 566.558 202.18277 0.5 0.5 0.5 0.5 0.5 0.5 0.5 0.960483 
Car 0.5 3 0 690.06244 180.99147 728.31604 224.37096 0.5 0.5 0.5 0.5 0.5 0.5 0.5 0.9223591 
Car 0.5 3 0 559.0263 178.15596 575.52295 198.62605 0.5 0.5 0.5 0.5 0.5 0.5 0.5 0.7964013 
Car 0.5 3 0 977.03094 179.58554 1034.201 204.5327 0.5 0.5 0.5 0.5 0.5 0.5 0.5 0.7884897 
Car 0.5 3 0 643.61487 178.97937 654.9121 188.6807 0.5 0.5 0.5 0.5 0.5 0.5 0.5 0.74383956 
