Car 0.5 3 0 811.2129 211.50833 1192.6874 374.71588 0.5 0.5 0.5 0.5 0.5 0.5 0.5 0.9985202 
Car 0.5 3 0 416.24435 182.75705 497.57513 240.27394 0.5 0.5 0.5 0.5 0.5 0.5 0.5 0.99634296 
Car 0.5 3 0 740.2394 188.61684 882.62933 280.86194 0.5 0.5 0.5 0.5 0.5 0.5 0.5 0.9932459 
Car 0.5 3 0 1124.985 186.8997 1242.0 243.51755 0.5 0.5 0.5 0.5 0.5 0.5 0.5 0.9863095 
Car 0.5 3 0 525.1161 182.06929 559.2616 214.19983 0.5 0.5 0.5 0.5 0.5 0.5 0.5 0.9828388 
Car 0.5 3 0 482.0203 181.75037 524.7822 225.65236 0.5 0.5 0.5 0.5 0.5 0.5 0.5 0.98279667 
Car 0.5 3 0 588.5724 179.15 614.8748 196.72614 0.5 0.5 0.5 0.5 0.5 0.5 0.5 0.9548668 
Car 0.5 3 0 684.7439 174.7066 719.6846 205.98026 0.5 0.5 0.5 0.5 0.5 0.5 0.5 0.9508232 
Car 0.5 3 0 630.40784 179.09242 646.5453 189.65204 0.5 0.5 0.5 0.5 0.5 0.5 0.5 0.9271973 
Car 0.5 3 0 612.2163 179.65485 627.547 193.71326 0.5 0.5 0.5 0.5 0.5 0.5 0.5 0.8112914 
Car 0.5 3 0 315.69427 176.2363 377.24512 198.69553 0.5 0.5 0.5 0.5 0.5 0.5 0.5 0.69420546 
Car 0.5 3 0 516.45953 184.06224 544.17206 218.91531 0.5 0.5 0.5 0.5 0.5 0.5 0.5 0.63335 
Car 0.5 3 0 617.7286 179.34174 630.62775 192.44615 0.5 0.5 0.5 0.5 0.5 0.5 0.5 0.56834596 
Car 0.5 3 0 181.16727 191.01004 244.97755 225.04654 0.5 0.5 0.5 0.5 0.5 0.5 0.5 0.52736884 
