Car 0.5 3 0 763.59045 179.76538 1153.6188 374.526 0.5 0.5 0.5 0.5 0.5 0.5 0.5 0.9969234 
Car 0.5 3 0 1091.1497 147.0374 1241.9529 280.15323 0.5 0.5 0.5 0.5 0.5 0.5 0.5 0.9965959 
Car 0.5 3 0 363.22168 187.92554 453.86313 239.47917 0.5 0.5 0.5 0.5 0.5 0.5 0.5 0.9945167 
Car 0.5 3 0 730.5848 160.77765 846.64734 194.42256 0.5 0.5 0.5 0.5 0.5 0.5 0.5 0.98537445 
Car 0.5 3 0 489.73343 182.00291 518.3552 210.09099 0.5 0.5 0.5 0.5 0.5 0.5 0.5 0.98227763 
Car 0.5 3 0 436.06375 185.0256 480.1441 223.02466 0.5 0.5 0.5 0.5 0.5 0.5 0.5 0.9758337 
Car 0.5 3 0 47.853962 194.35146 300.2382 316.8633 0.5 0.5 0.5 0.5 0.5 0.5 0.5 0.97052246 
Car 0.5 3 0 1001.22406 145.35347 1166.1049 181.94487 0.5 0.5 0.5 0.5 0.5 0.5 0.5 0.9666646 
Car 0.5 3 0 509.84473 180.63321 540.3162 203.44534 0.5 0.5 0.5 0.5 0.5 0.5 0.5 0.94240874 
Car 0.5 3 0 614.191 171.533 631.1264 186.44579 0.5 0.5 0.5 0.5 0.5 0.5 0.5 0.9035559 
Car 0.5 3 0 466.13965 184.3655 499.85983 216.69853 0.5 0.5 0.5 0.5 0.5 0.5 0.5 0.86338115 
Car 0.5 3 0 977.4673 149.79356 1028.7686 177.6834 0.5 0.5 0.5 0.5 0.5 0.5 0.5 0.85644716 
Car 0.5 3 0 782.80707 161.8013 846.0202 192.48923 0.5 0.5 0.5 0.5 0.5 0.5 0.5 0.71991247 
Car 0.5 3 0 498.33734 181.69557 528.5259 205.67134 0.5 0.5 0.5 0.5 0.5 0.5 0.5 0.6639674 
Car 0.5 3 0 554.679 176.97604 574.5103 191.81107 0.5 0.5 0.5 0.5 0.5 0.5 0.5 0.5709999 
Car 0.5 3 0 540.3999 176.94553 562.91754 195.462 0.5 0.5 0.5 0.5 0.5 0.5 0.5 0.55536264 
Car 0.5 3 0 2.20725 215.77882 70.21907 341.09497 0.5 0.5 0.5 0.5 0.5 0.5 0.5 0.5483421 
Car 0.5 3 0 637.9281 173.02466 672.08124 195.36356 0.5 0.5 0.5 0.5 0.5 0.5 0.5 0.5136199 
Car 0.5 3 0 638.3275 173.71106 655.6543 193.50401 0.5 0.5 0.5 0.5 0.5 0.5 0.5 0.50721717 
