Car 0.5 3 0 38.000576 199.98978 328.2042 339.35614 0.5 0.5 0.5 0.5 0.5 0.5 0.5 0.99734527 
Car 0.5 3 0 882.87463 208.66628 1241.1349 372.7872 0.5 0.5 0.5 0.5 0.5 0.5 0.5 0.9964539 
Car 0.5 3 0 742.1896 193.49944 951.3271 313.3997 0.5 0.5 0.5 0.5 0.5 0.5 0.5 0.9942122 
Car 0.5 3 0 466.04483 181.95357 518.12164 217.84016 0.5 0.5 0.5 0.5 0.5 0.5 0.5 0.9893835 
Car 0.5 3 0 694.31165 182.7628 751.32806 236.43164 0.5 0.5 0.5 0.5 0.5 0.5 0.5 0.9877644 
Car 0.5 3 0 298.4221 194.14427 419.37442 270.73828 0.5 0.5 0.5 0.5 0.5 0.5 0.5 0.98673576 
Car 0.5 3 0 707.98035 184.85545 794.5487 260.9858 0.5 0.5 0.5 0.5 0.5 0.5 0.5 0.9843598 
Car 0.5 3 0 505.94254 181.59601 537.17096 212.10274 0.5 0.5 0.5 0.5 0.5 0.5 0.5 0.97895414 
Car 0.5 3 0 679.82367 181.24261 712.80475 220.9233 0.5 0.5 0.5 0.5 0.5 0.5 0.5 0.97427094 
Car 0.5 3 0 1160.308 181.51823 1242.0 217.63318 0.5 0.5 0.5 0.5 0.5 0.5 0.5 0.96764666 
Car 0.5 3 0 607.96234 174.90596 651.3312 193.22755 0.5 0.5 0.5 0.5 0.5 0.5 0.5 0.94946146 
Car 0.5 3 0 1037.9575 176.69196 1155.2877 212.16931 0.5 0.5 0.5 0.5 0.5 0.5 0.5 0.93028194 
Car 0.5 3 0 0.26113823 276.54865 48.602924 372.57806 0.5 0.5 0.5 0.5 0.5 0.5 0.5 0.8703811 
Car 0.5 3 0 552.5789 179.82216 573.85394 191.12502 0.5 0.5 0.5 0.5 0.5 0.5 0.5 0.806915 
Car 0.5 3 0 655.35925 177.85097 680.27765 191.91222 0.5 0.5 0.5 0.5 0.5 0.5 0.5 0.70358306 
Car 0.5 3 0 952.87244 180.7771 1032.2372 213.99513 0.5 0.5 0.5 0.5 0.5 0.5 0.5 0.6891469 
Car 0.5 3 0 607.44104 175.83395 623.9278 193.45972 0.5 0.5 0.5 0.5 0.5 0.5 0.5 0.6880432 
Car 0.5 3 0 531.9031 179.71938 554.3786 191.27588 0.5 0.5 0.5 0.5 0.5 0.5 0.5 0.5007977 
