Car 0.5 3 0 788.52045 192.3799 1231.457 374.79736 0.5 0.5 0.5 0.5 0.5 0.5 0.5 0.99841046 
Car 0.5 3 0 74.140274 198.18684 324.93576 308.89688 0.5 0.5 0.5 0.5 0.5 0.5 0.5 0.9975915 
Car 0.5 3 0 720.8748 177.79741 871.85443 287.94244 0.5 0.5 0.5 0.5 0.5 0.5 0.5 0.993834 
Car 0.5 3 0 311.7264 192.09552 403.32724 258.37592 0.5 0.5 0.5 0.5 0.5 0.5 0.5 0.9924953 
Car 0.5 3 0 676.41034 181.496 736.2993 235.83333 0.5 0.5 0.5 0.5 0.5 0.5 0.5 0.9907266 
Car 0.5 3 0 414.6006 185.1708 481.01294 228.4053 0.5 0.5 0.5 0.5 0.5 0.5 0.5 0.9855537 
Car 0.5 3 0 0.6377372 189.82637 41.49656 237.5174 0.5 0.5 0.5 0.5 0.5 0.5 0.5 0.9832548 
Car 0.5 3 0 644.452 177.83803 679.0887 209.59657 0.5 0.5 0.5 0.5 0.5 0.5 0.5 0.9721773 
Car 0.5 3 0 487.2269 179.49016 531.4991 206.28596 0.5 0.5 0.5 0.5 0.5 0.5 0.5 0.95884895 
Car 0.5 3 0 539.3411 172.36299 583.5476 194.74747 0.5 0.5 0.5 0.5 0.5 0.5 0.5 0.8787116 
Car 0.5 3 0 659.16425 179.92775 686.731 222.4622 0.5 0.5 0.5 0.5 0.5 0.5 0.5 0.8639618 
Car 0.5 3 0 1146.4408 194.26419 1242.0 294.42795 0.5 0.5 0.5 0.5 0.5 0.5 0.5 0.861258 
Car 0.5 3 0 256.23465 184.41167 287.5012 199.66054 0.5 0.5 0.5 0.5 0.5 0.5 0.5 0.5972445 
Car 0.5 3 0 585.0329 169.1136 607.6655 185.40338 0.5 0.5 0.5 0.5 0.5 0.5 0.5 0.54429746 
