Car 0.5 3 0 763.46747 206.47374 987.066 335.53098 0.5 0.5 0.5 0.5 0.5 0.5 0.5 0.9984987 
Car 0.5 3 0 441.6462 190.44923 514.6554 240.06429 0.5 0.5 0.5 0.5 0.5 0.5 0.5 0.9968117 
Car 0.5 3 0 718.66266 190.60277 824.1599 268.12726 0.5 0.5 0.5 0.5 0.5 0.5 0.5 0.9932227 
Car 0.5 3 0 1039.286 184.78561 1242.0 250.7631 0.5 0.5 0.5 0.5 0.5 0.5 0.5 0.99094194 
Car 0.5 3 0 499.0381 188.4489 537.60297 229.30748 0.5 0.5 0.5 0.5 0.5 0.5 0.5 0.97253597 
Car 0.5 3 0 534.4169 189.64671 565.6908 221.00688 0.5 0.5 0.5 0.5 0.5 0.5 0.5 0.9703124 
Car 0.5 3 0 684.38904 182.31265 716.86456 209.8505 0.5 0.5 0.5 0.5 0.5 0.5 0.5 0.89435977 
Car 0.5 3 0 634.35297 186.78026 647.4523 196.60402 0.5 0.5 0.5 0.5 0.5 0.5 0.5 0.8616491 
Car 0.5 3 0 596.6716 188.81577 615.2745 202.7723 0.5 0.5 0.5 0.5 0.5 0.5 0.5 0.7934856 
Car 0.5 3 0 531.0986 192.64368 552.3623 223.1085 0.5 0.5 0.5 0.5 0.5 0.5 0.5 0.78383857 
Car 0.5 3 0 562.17224 184.71971 585.44525 197.98134 0.5 0.5 0.5 0.5 0.5 0.5 0.5 0.60052097 
