Car 0.5 3 0 926.8289 222.37566 1241.1108 373.46576 0.5 0.5 0.5 0.5 0.5 0.5 0.5 0.99801886 
Car 0.5 3 0 408.37503 181.30424 480.71454 229.46349 0.5 0.5 0.5 0.5 0.5 0.5 0.5 0.9974498 
Car 0.5 3 0 464.83255 179.8155 508.11172 217.58022 0.5 0.5 0.5 0.5 0.5 0.5 0.5 0.99330294 
Car 0.5 3 0 767.12555 193.67375 1055.8987 357.69962 0.5 0.5 0.5 0.5 0.5 0.5 0.5 0.99117494 
Car 0.5 3 0 2.2615309 206.60936 266.95566 370.83612 0.5 0.5 0.5 0.5 0.5 0.5 0.5 0.9893833 
Car 0.5 3 0 719.1059 183.23671 830.3645 271.67664 0.5 0.5 0.5 0.5 0.5 0.5 0.5 0.9823559 
Car 0.5 3 0 578.0881 175.00273 615.62573 192.52179 0.5 0.5 0.5 0.5 0.5 0.5 0.5 0.97188777 
Car 0.5 3 0 691.1421 184.56233 757.83356 239.51505 0.5 0.5 0.5 0.5 0.5 0.5 0.5 0.9566694 
Car 0.5 3 0 689.5901 180.42963 727.9849 232.54152 0.5 0.5 0.5 0.5 0.5 0.5 0.5 0.9505345 
Car 0.5 3 0 672.42645 173.85852 694.25085 190.33752 0.5 0.5 0.5 0.5 0.5 0.5 0.5 0.8807428 
Car 0.5 3 0 1036.5697 177.23709 1146.7156 222.8759 0.5 0.5 0.5 0.5 0.5 0.5 0.5 0.83665794 
Car 0.5 3 0 686.047 178.31061 711.05865 221.50496 0.5 0.5 0.5 0.5 0.5 0.5 0.5 0.7134016 
Car 0.5 3 0 1099.8577 177.66751 1146.6035 220.11246 0.5 0.5 0.5 0.5 0.5 0.5 0.5 0.60058254 
