Car 0.5 3 0 829.7068 210.27628 1236.7229 373.62167 0.5 0.5 0.5 0.5 0.5 0.5 0.5 0.9963146 
Car 0.5 3 0 325.33664 194.55597 423.72058 253.5383 0.5 0.5 0.5 0.5 0.5 0.5 0.5 0.99284357 
Car 0.5 3 0 716.8686 183.74983 903.48883 308.1224 0.5 0.5 0.5 0.5 0.5 0.5 0.5 0.9909054 
Car 0.5 3 0 685.0662 179.57773 754.35724 249.62163 0.5 0.5 0.5 0.5 0.5 0.5 0.5 0.9725097 
Car 0.5 3 0 515.14233 180.60765 540.5526 202.32788 0.5 0.5 0.5 0.5 0.5 0.5 0.5 0.9507933 
Car 0.5 3 0 571.1313 176.72766 599.08795 193.61217 0.5 0.5 0.5 0.5 0.5 0.5 0.5 0.93544775 
Car 0.5 3 0 477.93158 186.06679 520.43994 210.12192 0.5 0.5 0.5 0.5 0.5 0.5 0.5 0.91577023 
Car 0.5 3 0 316.01486 192.71826 353.25397 215.86539 0.5 0.5 0.5 0.5 0.5 0.5 0.5 0.86540216 
Car 0.5 3 0 546.13477 180.25809 562.1771 193.81151 0.5 0.5 0.5 0.5 0.5 0.5 0.5 0.8307127 
Car 0.5 3 0 627.8306 178.07605 671.447 201.50876 0.5 0.5 0.5 0.5 0.5 0.5 0.5 0.73592263 
Car 0.5 3 0 658.26263 169.53662 684.00525 181.51648 0.5 0.5 0.5 0.5 0.5 0.5 0.5 0.6664521 
Car 0.5 3 0 618.04956 177.41772 631.0095 188.53023 0.5 0.5 0.5 0.5 0.5 0.5 0.5 0.5980193 
Car 0.5 3 0 501.99042 185.28853 527.48987 206.92085 0.5 0.5 0.5 0.5 0.5 0.5 0.5 0.55185914 
