Car 0.5 3 0 742.43604 194.09567 891.93256 291.53107 0.5 0.5 0.5 0.5 0.5 0.5 0.5 0.9973455 
Car 0.5 3 0 459.0416 187.08148 527.97455 232.00754 0.5 0.5 0.5 0.5 0.5 0.5 0.5 0.99452 
Car 0.5 3 0 707.2772 186.31706 789.2681 252.43578 0.5 0.5 0.5 0.5 0.5 0.5 0.5 0.9896572 
Car 0.5 3 0 979.0617 176.28508 1198.2059 230.9153 0.5 0.5 0.5 0.5 0.5 0.5 0.5 0.985457 
Car 0.5 3 0 1121.1211 181.02376 1238.4592 241.89522 0.5 0.5 0.5 0.5 0.5 0.5 0.5 0.96598035 
Car 0.5 3 0 510.86594 186.55452 545.34735 221.24133 0.5 0.5 0.5 0.5 0.5 0.5 0.5 0.958291 
Car 0.5 3 0 540.6117 186.58435 570.7115 214.00337 0.5 0.5 0.5 0.5 0.5 0.5 0.5 0.9406313 
Car 0.5 3 0 683.277 178.8775 712.4869 206.7772 0.5 0.5 0.5 0.5 0.5 0.5 0.5 0.9226517 
Car 0.5 3 0 598.01654 184.06026 617.9764 198.88655 0.5 0.5 0.5 0.5 0.5 0.5 0.5 0.8733556 
Car 0.5 3 0 635.44696 182.6542 651.91956 192.48918 0.5 0.5 0.5 0.5 0.5 0.5 0.5 0.8406541 
Car 0.5 3 0 535.92114 187.66534 559.1627 217.70338 0.5 0.5 0.5 0.5 0.5 0.5 0.5 0.775516 
Car 0.5 3 0 565.9209 180.36737 588.96356 194.85992 0.5 0.5 0.5 0.5 0.5 0.5 0.5 0.63932973 
Car 0.5 3 0 616.3593 183.1363 631.2261 195.62398 0.5 0.5 0.5 0.5 0.5 0.5 0.5 0.6064981 
Car 0.5 3 0 976.8481 187.28098 1054.5043 221.40636 0.5 0.5 0.5 0.5 0.5 0.5 0.5 0.50913835 
