Car 0.5 3 0 133.329 201.90788 317.09824 296.72742 0.5 0.5 0.5 0.5 0.5 0.5 0.5 0.9937919 
Car 0.5 3 0 305.46158 195.17856 406.72946 256.10812 0.5 0.5 0.5 0.5 0.5 0.5 0.5 0.9937645 
Car 0.5 3 0 551.76807 177.65292 577.7783 197.55324 0.5 0.5 0.5 0.5 0.5 0.5 0.5 0.9866202 
Car 0.5 3 0 674.4798 178.94437 768.125 251.46573 0.5 0.5 0.5 0.5 0.5 0.5 0.5 0.98597217 
Car 0.5 3 0 627.7583 176.91298 650.8575 194.86522 0.5 0.5 0.5 0.5 0.5 0.5 0.5 0.95561945 
Car 0.5 3 0 452.7787 182.13403 490.50018 217.75598 0.5 0.5 0.5 0.5 0.5 0.5 0.5 0.9368063 
Car 0.5 3 0 518.9929 180.42378 544.62354 198.8128 0.5 0.5 0.5 0.5 0.5 0.5 0.5 0.92770725 
Car 0.5 3 0 401.4238 179.79222 467.09235 228.32498 0.5 0.5 0.5 0.5 0.5 0.5 0.5 0.9266389 
Car 0.5 3 0 489.51614 180.97572 517.496 209.7665 0.5 0.5 0.5 0.5 0.5 0.5 0.5 0.89458907 
Car 0.5 3 0 594.954 174.32722 607.9956 185.7035 0.5 0.5 0.5 0.5 0.5 0.5 0.5 0.7036945 
Car 0.5 3 0 670.8454 167.5847 739.6486 191.59247 0.5 0.5 0.5 0.5 0.5 0.5 0.5 0.66764414 
