Car 0.5 3 0 39.25613 192.88835 329.58493 352.7035 0.5 0.5 0.5 0.5 0.5 0.5 0.5 0.9986632 
Car 0.5 3 0 418.28134 193.29002 477.96542 249.633 0.5 0.5 0.5 0.5 0.5 0.5 0.5 0.99123853 
Car 0.5 3 0 458.42825 187.8326 510.12793 234.29042 0.5 0.5 0.5 0.5 0.5 0.5 0.5 0.990238 
Car 0.5 3 0 563.135 180.29831 599.5572 202.20454 0.5 0.5 0.5 0.5 0.5 0.5 0.5 0.9754243 
Car 0.5 3 0 315.16818 187.13078 433.1732 276.4546 0.5 0.5 0.5 0.5 0.5 0.5 0.5 0.9691526 
Car 0.5 3 0 118.13191 180.2575 219.04054 219.60693 0.5 0.5 0.5 0.5 0.5 0.5 0.5 0.95751935 
Car 0.5 3 0 614.2749 180.0991 632.5897 191.7003 0.5 0.5 0.5 0.5 0.5 0.5 0.5 0.9168907 
Car 0.5 3 0 692.4897 175.11118 751.3042 222.66289 0.5 0.5 0.5 0.5 0.5 0.5 0.5 0.88009393 
Car 0.5 3 0 686.64197 177.514 708.74414 207.18002 0.5 0.5 0.5 0.5 0.5 0.5 0.5 0.85943747 
Car 0.5 3 0 589.489 180.08748 608.2804 198.58505 0.5 0.5 0.5 0.5 0.5 0.5 0.5 0.7689939 
Pedestrian 0.5 3 0 119.245255 189.82062 147.61588 220.01648 0.5 0.5 0.5 0.5 0.5 0.5 0.5 0.7541694 
Car 0.5 3 0 598.76917 179.56294 613.12366 197.36821 0.5 0.5 0.5 0.5 0.5 0.5 0.5 0.6820548 
