Car 0.5 3 0 288.9859 192.0397 417.79974 257.23807 0.5 0.5 0.5 0.5 0.5 0.5 0.5 0.9966149 
Car 0.5 3 0 19.94488 204.09636 290.47055 322.37695 0.5 0.5 0.5 0.5 0.5 0.5 0.5 0.9956703 
Car 0.5 3 0 707.4918 180.27625 849.24603 272.3574 0.5 0.5 0.5 0.5 0.5 0.5 0.5 0.9951002 
Car 0.5 3 0 678.8267 178.638 748.03314 245.70923 0.5 0.5 0.5 0.5 0.5 0.5 0.5 0.9937644 
Car 0.5 3 0 1003.01465 146.04662 1218.36 241.98845 0.5 0.5 0.5 0.5 0.5 0.5 0.5 0.99357444 
Car 0.5 3 0 1147.9272 141.70988 1239.3505 255.82513 0.5 0.5 0.5 0.5 0.5 0.5 0.5 0.9885427 
Car 0.5 3 0 658.4341 180.51302 698.36664 218.25015 0.5 0.5 0.5 0.5 0.5 0.5 0.5 0.9790122 
Car 0.5 3 0 638.6223 177.36275 667.9488 206.60243 0.5 0.5 0.5 0.5 0.5 0.5 0.5 0.9784025 
Car 0.5 3 0 567.85895 175.21301 603.42255 193.51836 0.5 0.5 0.5 0.5 0.5 0.5 0.5 0.9671574 
Car 0.5 3 0 405.3537 187.94218 458.05356 235.79541 0.5 0.5 0.5 0.5 0.5 0.5 0.5 0.96263295 
Car 0.5 3 0 457.40662 183.56908 505.92325 217.81903 0.5 0.5 0.5 0.5 0.5 0.5 0.5 0.9419648 
Car 0.5 3 0 505.54337 179.96497 542.24426 203.03494 0.5 0.5 0.5 0.5 0.5 0.5 0.5 0.9324349 
Car 0.5 3 0 967.2293 157.52425 1075.6819 230.35168 0.5 0.5 0.5 0.5 0.5 0.5 0.5 0.9274315 
Car 0.5 3 0 648.17993 180.9007 666.6093 213.23203 0.5 0.5 0.5 0.5 0.5 0.5 0.5 0.7119577 
Car 0.5 3 0 649.9995 180.57333 684.6982 214.31282 0.5 0.5 0.5 0.5 0.5 0.5 0.5 0.5712596 
Car 0.5 3 0 379.045 192.82104 419.65656 239.50662 0.5 0.5 0.5 0.5 0.5 0.5 0.5 0.5425836 
Car 0.5 3 0 589.6012 174.41023 605.2427 191.25491 0.5 0.5 0.5 0.5 0.5 0.5 0.5 0.53607666 
Car 0.5 3 0 889.2401 186.61687 922.4823 210.78258 0.5 0.5 0.5 0.5 0.5 0.5 0.5 0.50267494 
