Car 0.5 3 0 0.0 215.3829 233.0246 357.1837 0.5 0.5 0.5 0.5 0.5 0.5 0.5 0.99799997 
Car 0.5 3 0 818.35 190.03229 1234.1713 368.86914 0.5 0.5 0.5 0.5 0.5 0.5 0.5 0.9912356 
Car 0.5 3 0 229.04178 197.94186 278.2175 226.86572 0.5 0.5 0.5 0.5 0.5 0.5 0.5 0.98615694 
Car 0.5 3 0 602.15314 176.5932 641.9832 196.75868 0.5 0.5 0.5 0.5 0.5 0.5 0.5 0.98292416 
Car 0.5 3 0 433.2573 188.82536 483.52203 223.99785 0.5 0.5 0.5 0.5 0.5 0.5 0.5 0.969907 
Car 0.5 3 0 492.2919 180.03857 522.496 208.14223 0.5 0.5 0.5 0.5 0.5 0.5 0.5 0.96959835 
Car 0.5 3 0 469.87708 187.50423 500.80045 216.76836 0.5 0.5 0.5 0.5 0.5 0.5 0.5 0.9670671 
Car 0.5 3 0 173.43126 198.40807 235.57945 226.27426 0.5 0.5 0.5 0.5 0.5 0.5 0.5 0.960674 
Car 0.5 3 0 538.9278 180.08768 557.6221 195.04114 0.5 0.5 0.5 0.5 0.5 0.5 0.5 0.89357704 
Car 0.5 3 0 667.8559 167.27393 702.5334 183.72734 0.5 0.5 0.5 0.5 0.5 0.5 0.5 0.8404795 
Car 0.5 3 0 568.0234 178.60272 586.34674 190.55943 0.5 0.5 0.5 0.5 0.5 0.5 0.5 0.7972257 
Car 0.5 3 0 637.6658 175.18568 679.3208 208.20547 0.5 0.5 0.5 0.5 0.5 0.5 0.5 0.7859334 
Car 0.5 3 0 89.181046 203.51433 150.81804 216.76807 0.5 0.5 0.5 0.5 0.5 0.5 0.5 0.6788121 
Car 0.5 3 0 23.78676 207.61038 78.295876 237.9802 0.5 0.5 0.5 0.5 0.5 0.5 0.5 0.6611388 
Car 0.5 3 0 521.78357 182.02597 541.56323 201.78758 0.5 0.5 0.5 0.5 0.5 0.5 0.5 0.58258927 
