Car 0.5 3 0 175.90866 192.5023 242.33673 229.55298 0.5 0.5 0.5 0.5 0.5 0.5 0.5 0.99734914 
Car 0.5 3 0 762.7336 179.8561 859.7521 235.159 0.5 0.5 0.5 0.5 0.5 0.5 0.5 0.9963314 
Car 0.5 3 0 293.465 199.27866 414.03912 262.2982 0.5 0.5 0.5 0.5 0.5 0.5 0.5 0.99432737 
Car 0.5 3 0 159.38174 190.18925 202.5481 223.21976 0.5 0.5 0.5 0.5 0.5 0.5 0.5 0.9898123 
Car 0.5 3 0 419.64676 170.4874 670.4383 307.85205 0.5 0.5 0.5 0.5 0.5 0.5 0.5 0.9778165 
Car 0.5 3 0 368.83185 180.08553 455.0794 213.64638 0.5 0.5 0.5 0.5 0.5 0.5 0.5 0.9747239 
Car 0.5 3 0 840.1703 174.35457 971.92224 208.2584 0.5 0.5 0.5 0.5 0.5 0.5 0.5 0.9694374 
Car 0.5 3 0 132.51617 186.97528 162.98816 207.12886 0.5 0.5 0.5 0.5 0.5 0.5 0.5 0.958836 
Car 0.5 3 0 680.61395 178.93228 746.3076 225.18854 0.5 0.5 0.5 0.5 0.5 0.5 0.5 0.9426136 
Car 0.5 3 0 0.0 191.96242 12.754855 216.68327 0.5 0.5 0.5 0.5 0.5 0.5 0.5 0.86116797 
Car 0.5 3 0 27.3115 189.57198 53.63558 205.46167 0.5 0.5 0.5 0.5 0.5 0.5 0.5 0.78509957 
Car 0.5 3 0 740.1481 176.15677 781.73065 219.559 0.5 0.5 0.5 0.5 0.5 0.5 0.5 0.6939034 
Car 0.5 3 0 65.75659 189.94673 83.01605 200.20265 0.5 0.5 0.5 0.5 0.5 0.5 0.5 0.6923902 
Car 0.5 3 0 659.6731 176.93063 678.9213 198.70253 0.5 0.5 0.5 0.5 0.5 0.5 0.5 0.55349284 
Car 0.5 3 0 68.22785 187.85591 90.24196 199.47568 0.5 0.5 0.5 0.5 0.5 0.5 0.5 0.52579635 
Car 0.5 3 0 50.909206 193.46901 68.73096 204.07877 0.5 0.5 0.5 0.5 0.5 0.5 0.5 0.5112003 
