Car 0.5 3 0 136.12036 201.78502 382.44055 340.48666 0.5 0.5 0.5 0.5 0.5 0.5 0.5 0.99598855 
Car 0.5 3 0 819.89197 169.8127 1022.043 232.79361 0.5 0.5 0.5 0.5 0.5 0.5 0.5 0.99454606 
Car 0.5 3 0 0.0 284.50723 81.70054 374.16992 0.5 0.5 0.5 0.5 0.5 0.5 0.5 0.99099815 
Car 0.5 3 0 746.0213 167.83723 834.28705 213.32536 0.5 0.5 0.5 0.5 0.5 0.5 0.5 0.9838172 
Car 0.5 3 0 468.6341 185.88435 503.4254 213.30663 0.5 0.5 0.5 0.5 0.5 0.5 0.5 0.9755872 
Car 0.5 3 0 312.80188 195.87685 389.20078 250.86235 0.5 0.5 0.5 0.5 0.5 0.5 0.5 0.97409475 
Car 0.5 3 0 643.9253 183.6779 702.2772 227.32219 0.5 0.5 0.5 0.5 0.5 0.5 0.5 0.95063806 
Car 0.5 3 0 693.5249 170.84894 748.20685 192.48505 0.5 0.5 0.5 0.5 0.5 0.5 0.5 0.94334304 
Car 0.5 3 0 800.58026 160.1613 949.71625 217.93315 0.5 0.5 0.5 0.5 0.5 0.5 0.5 0.9193229 
Car 0.5 3 0 385.7709 204.35144 435.13815 236.10284 0.5 0.5 0.5 0.5 0.5 0.5 0.5 0.9111117 
Car 0.5 3 0 497.4259 185.63187 517.15686 207.99365 0.5 0.5 0.5 0.5 0.5 0.5 0.5 0.87343913 
Car 0.5 3 0 592.28937 177.93665 608.1389 190.7041 0.5 0.5 0.5 0.5 0.5 0.5 0.5 0.86679345 
Car 0.5 3 0 616.5464 180.39644 652.9926 200.05357 0.5 0.5 0.5 0.5 0.5 0.5 0.5 0.83297104 
Car 0.5 3 0 1012.2098 151.55482 1081.2513 189.24161 0.5 0.5 0.5 0.5 0.5 0.5 0.5 0.81345403 
Car 0.5 3 0 1074.1578 148.35971 1114.1162 189.64755 0.5 0.5 0.5 0.5 0.5 0.5 0.5 0.77125144 
Car 0.5 3 0 407.3959 189.84618 460.48535 230.28847 0.5 0.5 0.5 0.5 0.5 0.5 0.5 0.7362708 
Car 0.5 3 0 479.79486 185.45601 515.9736 208.95013 0.5 0.5 0.5 0.5 0.5 0.5 0.5 0.7334977 
Car 0.5 3 0 1112.3789 140.58772 1236.6602 186.34886 0.5 0.5 0.5 0.5 0.5 0.5 0.5 0.7193837 
Car 0.5 3 0 515.65674 184.887 535.62714 204.66801 0.5 0.5 0.5 0.5 0.5 0.5 0.5 0.7135754 
Car 0.5 3 0 988.49493 157.15302 1046.8655 185.64488 0.5 0.5 0.5 0.5 0.5 0.5 0.5 0.65751565 
Car 0.5 3 0 953.991 160.3939 1004.91833 181.02222 0.5 0.5 0.5 0.5 0.5 0.5 0.5 0.5346859 
Car 0.5 3 0 787.58234 165.15976 866.5145 219.08737 0.5 0.5 0.5 0.5 0.5 0.5 0.5 0.5289932 
