Car 0.5 3 0 944.6904 147.2167 1239.111 254.74973 0.5 0.5 0.5 0.5 0.5 0.5 0.5 0.9970355 
Car 0.5 3 0 722.3436 184.90903 905.8369 302.03906 0.5 0.5 0.5 0.5 0.5 0.5 0.5 0.9968258 
Car 0.5 3 0 396.7093 185.39809 473.17673 229.30324 0.5 0.5 0.5 0.5 0.5 0.5 0.5 0.99594206 
Car 0.5 3 0 743.7391 160.59343 823.6542 193.17532 0.5 0.5 0.5 0.5 0.5 0.5 0.5 0.97681385 
Car 0.5 3 0 455.82828 183.832 494.4561 217.68265 0.5 0.5 0.5 0.5 0.5 0.5 0.5 0.97183716 
Car 0.5 3 0 516.41174 179.51706 547.2991 201.49606 0.5 0.5 0.5 0.5 0.5 0.5 0.5 0.9567691 
Car 0.5 3 0 498.41354 181.25037 524.574 207.20358 0.5 0.5 0.5 0.5 0.5 0.5 0.5 0.94513243 
Car 0.5 3 0 199.42136 188.73941 366.85645 281.6668 0.5 0.5 0.5 0.5 0.5 0.5 0.5 0.9339179 
Car 0.5 3 0 951.5076 152.77087 1022.63934 179.7449 0.5 0.5 0.5 0.5 0.5 0.5 0.5 0.9069514 
Car 0.5 3 0 612.1435 172.04651 628.9352 186.42094 0.5 0.5 0.5 0.5 0.5 0.5 0.5 0.90162665 
Car 0.5 3 0 479.03217 183.13913 509.97632 213.76585 0.5 0.5 0.5 0.5 0.5 0.5 0.5 0.69981205 
Car 0.5 3 0 636.0213 173.6655 666.1626 194.83821 0.5 0.5 0.5 0.5 0.5 0.5 0.5 0.65403545 
Car 0.5 3 0 968.98224 149.48827 1050.1738 181.504 0.5 0.5 0.5 0.5 0.5 0.5 0.5 0.6531984 
Car 0.5 3 0 55.38612 225.13373 234.51935 309.9194 0.5 0.5 0.5 0.5 0.5 0.5 0.5 0.6385919 
Car 0.5 3 0 636.1449 174.20914 650.61566 192.70831 0.5 0.5 0.5 0.5 0.5 0.5 0.5 0.624899 
Car 0.5 3 0 539.10724 176.38733 564.20386 195.36972 0.5 0.5 0.5 0.5 0.5 0.5 0.5 0.57794166 
