Car 0.5 3 0 0.0 214.45488 131.27075 362.63663 0.5 0.5 0.5 0.5 0.5 0.5 0.5 0.9982364 
Car 0.5 3 0 117.304955 200.33421 317.4811 302.63574 0.5 0.5 0.5 0.5 0.5 0.5 0.5 0.9958872 
Car 0.5 3 0 351.42578 183.55783 449.23282 240.28064 0.5 0.5 0.5 0.5 0.5 0.5 0.5 0.9943445 
Car 0.5 3 0 788.5436 182.2801 1242.0 369.368 0.5 0.5 0.5 0.5 0.5 0.5 0.5 0.99406934 
Car 0.5 3 0 694.7258 183.87381 793.4389 253.10445 0.5 0.5 0.5 0.5 0.5 0.5 0.5 0.99385816 
Car 0.5 3 0 465.68298 175.89401 518.16925 208.93936 0.5 0.5 0.5 0.5 0.5 0.5 0.5 0.9928449 
Car 0.5 3 0 647.9341 177.55559 691.492 216.27448 0.5 0.5 0.5 0.5 0.5 0.5 0.5 0.989272 
Car 0.5 3 0 670.78174 180.13849 727.3586 235.16408 0.5 0.5 0.5 0.5 0.5 0.5 0.5 0.9864145 
Car 0.5 3 0 516.5521 173.66331 549.6265 195.0792 0.5 0.5 0.5 0.5 0.5 0.5 0.5 0.94542855 
Car 0.5 3 0 119.974 187.65645 198.67065 219.65031 0.5 0.5 0.5 0.5 0.5 0.5 0.5 0.7946356 
Car 0.5 3 0 0.53353995 179.612 148.25473 247.40538 0.5 0.5 0.5 0.5 0.5 0.5 0.5 0.73302275 
Car 0.5 3 0 581.22064 168.35759 607.07086 184.57275 0.5 0.5 0.5 0.5 0.5 0.5 0.5 0.5941912 
