Car 0.5 3 0 239.41931 193.49184 375.72513 285.69968 0.5 0.5 0.5 0.5 0.5 0.5 0.5 0.99719536 
Pedestrian 0.5 3 0 843.2419 163.12193 879.96356 268.59775 0.5 0.5 0.5 0.5 0.5 0.5 0.5 0.9879034 
Car 0.5 3 0 218.87845 179.29988 314.8029 228.22012 0.5 0.5 0.5 0.5 0.5 0.5 0.5 0.9834398 
Car 0.5 3 0 617.8967 174.14612 713.3267 204.82544 0.5 0.5 0.5 0.5 0.5 0.5 0.5 0.97898716 
Car 0.5 3 0 513.98627 177.68616 567.9533 209.69139 0.5 0.5 0.5 0.5 0.5 0.5 0.5 0.9501859 
Car 0.5 3 0 127.12488 180.47688 215.07967 215.84605 0.5 0.5 0.5 0.5 0.5 0.5 0.5 0.932473 
Pedestrian 0.5 3 0 837.6033 174.09116 853.76776 227.03773 0.5 0.5 0.5 0.5 0.5 0.5 0.5 0.81148237 
Pedestrian 0.5 3 0 381.02466 182.07683 391.15875 210.91064 0.5 0.5 0.5 0.5 0.5 0.5 0.5 0.8108436 
Car 0.5 3 0 169.9659 177.42955 221.52698 207.61182 0.5 0.5 0.5 0.5 0.5 0.5 0.5 0.61614645 
Car 0.5 3 0 471.28882 177.23581 519.1722 212.9615 0.5 0.5 0.5 0.5 0.5 0.5 0.5 0.54030156 
