Car 0.5 3 0 735.1964 189.9641 951.19104 325.985 0.5 0.5 0.5 0.5 0.5 0.5 0.5 0.9978765 
Car 0.5 3 0 853.20593 220.5919 1241.7236 374.18124 0.5 0.5 0.5 0.5 0.5 0.5 0.5 0.9969766 
Car 0.5 3 0 0.0 207.36171 200.89395 350.67978 0.5 0.5 0.5 0.5 0.5 0.5 0.5 0.99518955 
Car 0.5 3 0 262.1113 177.64648 379.6644 222.20186 0.5 0.5 0.5 0.5 0.5 0.5 0.5 0.9837118 
Pedestrian 0.5 3 0 807.59674 149.88702 844.94916 194.75183 0.5 0.5 0.5 0.5 0.5 0.5 0.5 0.97987217 
Pedestrian 0.5 3 0 854.75635 146.56656 885.8493 194.98917 0.5 0.5 0.5 0.5 0.5 0.5 0.5 0.96881986 
Car 0.5 3 0 133.73576 195.36821 208.77448 223.92558 0.5 0.5 0.5 0.5 0.5 0.5 0.5 0.9655429 
Car 0.5 3 0 1100.9381 159.9645 1166.3016 187.34225 0.5 0.5 0.5 0.5 0.5 0.5 0.5 0.8726145 
Car 0.5 3 0 1055.2135 157.33669 1104.6978 175.49237 0.5 0.5 0.5 0.5 0.5 0.5 0.5 0.79960483 
Car 0.5 3 0 378.3636 186.24953 396.79837 202.6489 0.5 0.5 0.5 0.5 0.5 0.5 0.5 0.7100741 
Car 0.5 3 0 199.70772 183.09306 237.11441 208.14807 0.5 0.5 0.5 0.5 0.5 0.5 0.5 0.53763944 
Car 0.5 3 0 250.87712 184.66133 283.42426 207.82944 0.5 0.5 0.5 0.5 0.5 0.5 0.5 0.51756746 
