Car 0.5 3 0 970.91125 232.21217 1242.0 375.0 0.5 0.5 0.5 0.5 0.5 0.5 0.5 0.9976776 
Car 0.5 3 0 776.0366 189.25845 1017.1982 332.24362 0.5 0.5 0.5 0.5 0.5 0.5 0.5 0.99737966 
Car 0.5 3 0 2.1125214 202.45207 285.32465 364.8985 0.5 0.5 0.5 0.5 0.5 0.5 0.5 0.9958776 
Car 0.5 3 0 262.80716 191.72192 408.86737 275.28183 0.5 0.5 0.5 0.5 0.5 0.5 0.5 0.9949851 
Car 0.5 3 0 490.271 178.99397 533.2069 210.67523 0.5 0.5 0.5 0.5 0.5 0.5 0.5 0.9918162 
Car 0.5 3 0 566.6341 173.87976 626.872 189.91197 0.5 0.5 0.5 0.5 0.5 0.5 0.5 0.98776823 
Car 0.5 3 0 382.8571 188.5345 460.95273 245.76723 0.5 0.5 0.5 0.5 0.5 0.5 0.5 0.9844151 
Car 0.5 3 0 715.07086 183.04276 823.1937 262.8621 0.5 0.5 0.5 0.5 0.5 0.5 0.5 0.9828639 
Car 0.5 3 0 525.17883 179.03522 550.35504 205.292 0.5 0.5 0.5 0.5 0.5 0.5 0.5 0.9793758 
Car 0.5 3 0 695.83966 180.35168 747.8832 237.66037 0.5 0.5 0.5 0.5 0.5 0.5 0.5 0.97783524 
Car 0.5 3 0 679.3315 176.48372 727.5929 215.8748 0.5 0.5 0.5 0.5 0.5 0.5 0.5 0.9685819 
Car 0.5 3 0 1094.0272 175.5112 1197.7399 218.97122 0.5 0.5 0.5 0.5 0.5 0.5 0.5 0.9677256 
Car 0.5 3 0 677.02496 175.72894 698.6789 214.24628 0.5 0.5 0.5 0.5 0.5 0.5 0.5 0.8084751 
Car 0.5 3 0 505.55383 178.34172 545.33154 207.64339 0.5 0.5 0.5 0.5 0.5 0.5 0.5 0.80633193 
Car 0.5 3 0 692.67114 179.29468 722.3098 231.00606 0.5 0.5 0.5 0.5 0.5 0.5 0.5 0.7225263 
Car 0.5 3 0 1045.6278 173.03246 1091.769 211.36125 0.5 0.5 0.5 0.5 0.5 0.5 0.5 0.68866897 
Car 0.5 3 0 928.79346 176.05893 993.4529 207.70401 0.5 0.5 0.5 0.5 0.5 0.5 0.5 0.67960775 
Car 0.5 3 0 712.8838 181.59383 770.94104 251.28188 0.5 0.5 0.5 0.5 0.5 0.5 0.5 0.62938505 
Car 0.5 3 0 996.05914 171.82716 1080.2877 212.56136 0.5 0.5 0.5 0.5 0.5 0.5 0.5 0.62661636 
