Car 0.5 3 0 226.23001 197.4288 380.55243 275.26984 0.5 0.5 0.5 0.5 0.5 0.5 0.5 0.99348056 
Car 0.5 3 0 452.9715 184.83057 491.7032 219.72266 0.5 0.5 0.5 0.5 0.5 0.5 0.5 0.98975617 
Car 0.5 3 0 782.6604 156.2262 904.2784 198.00713 0.5 0.5 0.5 0.5 0.5 0.5 0.5 0.98880744 
Car 0.5 3 0 486.27554 183.4668 520.18146 211.52751 0.5 0.5 0.5 0.5 0.5 0.5 0.5 0.9796521 
Car 0.5 3 0 416.53964 188.35677 466.193 232.57956 0.5 0.5 0.5 0.5 0.5 0.5 0.5 0.97951347 
Car 0.5 3 0 362.5611 191.17784 430.06125 245.66158 0.5 0.5 0.5 0.5 0.5 0.5 0.5 0.9788207 
Car 0.5 3 0 1045.8412 142.15276 1099.8071 175.01979 0.5 0.5 0.5 0.5 0.5 0.5 0.5 0.9487421 
Car 0.5 3 0 1072.9994 142.30142 1133.4885 175.96347 0.5 0.5 0.5 0.5 0.5 0.5 0.5 0.9238051 
Car 0.5 3 0 761.4366 160.05492 807.7058 193.36696 0.5 0.5 0.5 0.5 0.5 0.5 0.5 0.9196239 
Car 0.5 3 0 1151.6951 131.72998 1238.7855 176.4575 0.5 0.5 0.5 0.5 0.5 0.5 0.5 0.9067948 
Car 0.5 3 0 608.5611 172.62437 626.34375 186.92897 0.5 0.5 0.5 0.5 0.5 0.5 0.5 0.8998345 
Car 0.5 3 0 754.4904 155.90149 853.3995 194.52066 0.5 0.5 0.5 0.5 0.5 0.5 0.5 0.8382431 
Car 0.5 3 0 650.88116 175.22653 684.89954 204.65724 0.5 0.5 0.5 0.5 0.5 0.5 0.5 0.83386195 
Car 0.5 3 0 637.6712 174.40137 654.0277 195.1841 0.5 0.5 0.5 0.5 0.5 0.5 0.5 0.83062094 
Car 0.5 3 0 521.8303 180.51668 550.345 200.36766 0.5 0.5 0.5 0.5 0.5 0.5 0.5 0.7237035 
Car 0.5 3 0 733.9126 161.39911 795.3676 191.9837 0.5 0.5 0.5 0.5 0.5 0.5 0.5 0.67128277 
