Car 0.5 3 0 355.20367 197.16931 441.0997 249.35657 0.5 0.5 0.5 0.5 0.5 0.5 0.5 0.9972249 
Car 0.5 3 0 762.4682 190.32022 1240.845 371.89432 0.5 0.5 0.5 0.5 0.5 0.5 0.5 0.9960407 
Car 0.5 3 0 674.6185 183.76074 733.478 243.20721 0.5 0.5 0.5 0.5 0.5 0.5 0.5 0.9898784 
Car 0.5 3 0 701.3617 184.3803 825.8917 283.64755 0.5 0.5 0.5 0.5 0.5 0.5 0.5 0.98789746 
Car 0.5 3 0 518.64465 185.1371 543.6381 205.75655 0.5 0.5 0.5 0.5 0.5 0.5 0.5 0.96203727 
Car 0.5 3 0 484.6472 189.93741 522.91113 212.98651 0.5 0.5 0.5 0.5 0.5 0.5 0.5 0.9381835 
Car 0.5 3 0 571.60895 181.21931 597.0503 198.84012 0.5 0.5 0.5 0.5 0.5 0.5 0.5 0.9245947 
Car 0.5 3 0 1144.2277 138.00867 1192.9025 163.0344 0.5 0.5 0.5 0.5 0.5 0.5 0.5 0.9156851 
Car 0.5 3 0 1084.4575 144.96701 1145.5065 167.01544 0.5 0.5 0.5 0.5 0.5 0.5 0.5 0.88898885 
Car 0.5 3 0 630.1615 180.20793 659.6922 203.33807 0.5 0.5 0.5 0.5 0.5 0.5 0.5 0.873709 
Car 0.5 3 0 508.2232 189.56335 529.31274 209.74275 0.5 0.5 0.5 0.5 0.5 0.5 0.5 0.7516358 
Car 0.5 3 0 616.4274 180.39651 630.19336 192.4769 0.5 0.5 0.5 0.5 0.5 0.5 0.5 0.6892486 
Car 0.5 3 0 657.03076 173.90877 681.40375 196.75412 0.5 0.5 0.5 0.5 0.5 0.5 0.5 0.6057561 
Car 0.5 3 0 547.62744 186.11694 565.2791 198.29146 0.5 0.5 0.5 0.5 0.5 0.5 0.5 0.5735386 
