Car 0.5 3 0 839.42175 150.78804 1015.13513 210.79951 0.5 0.5 0.5 0.5 0.5 0.5 0.5 0.99484044 
Car 0.5 3 0 0.0044286316 221.81189 153.84666 363.9971 0.5 0.5 0.5 0.5 0.5 0.5 0.5 0.99203265 
Car 0.5 3 0 138.13441 204.21461 319.03552 304.3253 0.5 0.5 0.5 0.5 0.5 0.5 0.5 0.99156284 
Car 0.5 3 0 437.52808 188.04523 486.8664 225.65154 0.5 0.5 0.5 0.5 0.5 0.5 0.5 0.98853 
Car 0.5 3 0 1155.2566 133.4583 1240.8262 179.51869 0.5 0.5 0.5 0.5 0.5 0.5 0.5 0.98674995 
Car 0.5 3 0 799.52075 158.62115 868.08856 203.06299 0.5 0.5 0.5 0.5 0.5 0.5 0.5 0.9845403 
Car 0.5 3 0 380.3322 190.97441 443.03903 237.37172 0.5 0.5 0.5 0.5 0.5 0.5 0.5 0.98054594 
Car 0.5 3 0 304.0359 196.10086 390.89825 261.99554 0.5 0.5 0.5 0.5 0.5 0.5 0.5 0.9663023 
Car 0.5 3 0 760.309 160.5188 840.1119 200.53517 0.5 0.5 0.5 0.5 0.5 0.5 0.5 0.9600587 
Car 0.5 3 0 657.0889 175.93361 713.06934 219.52934 0.5 0.5 0.5 0.5 0.5 0.5 0.5 0.95810634 
Car 0.5 3 0 593.635 173.91957 615.4468 190.67302 0.5 0.5 0.5 0.5 0.5 0.5 0.5 0.9489272 
Car 0.5 3 0 650.78503 175.92747 687.68176 213.42775 0.5 0.5 0.5 0.5 0.5 0.5 0.5 0.8473083 
Car 0.5 3 0 635.7045 177.40953 656.25385 203.32852 0.5 0.5 0.5 0.5 0.5 0.5 0.5 0.84198374 
Car 0.5 3 0 628.88696 176.88087 649.16034 199.49574 0.5 0.5 0.5 0.5 0.5 0.5 0.5 0.8045259 
Car 0.5 3 0 499.6751 182.2112 528.92145 207.41418 0.5 0.5 0.5 0.5 0.5 0.5 0.5 0.8028881 
Car 0.5 3 0 646.3539 177.15791 667.9493 211.33441 0.5 0.5 0.5 0.5 0.5 0.5 0.5 0.7516734 
Car 0.5 3 0 521.4523 179.89412 549.6911 196.99577 0.5 0.5 0.5 0.5 0.5 0.5 0.5 0.7281168 
Car 0.5 3 0 753.5976 153.70917 907.36865 202.18417 0.5 0.5 0.5 0.5 0.5 0.5 0.5 0.6888852 
Car 0.5 3 0 473.62637 185.9687 505.16473 214.96904 0.5 0.5 0.5 0.5 0.5 0.5 0.5 0.6077543 
Car 0.5 3 0 470.44382 187.78555 489.76648 218.91237 0.5 0.5 0.5 0.5 0.5 0.5 0.5 0.5358684 
