Car 0.5 3 0 728.5918 180.11023 819.55804 235.16936 0.5 0.5 0.5 0.5 0.5 0.5 0.5 0.9969304 
Car 0.5 3 0 137.64973 192.40761 208.06567 230.80945 0.5 0.5 0.5 0.5 0.5 0.5 0.5 0.9957983 
Car 0.5 3 0 262.00174 199.01292 381.9364 261.47183 0.5 0.5 0.5 0.5 0.5 0.5 0.5 0.9943197 
Car 0.5 3 0 649.24164 181.442 710.8696 225.52118 0.5 0.5 0.5 0.5 0.5 0.5 0.5 0.97526634 
Car 0.5 3 0 121.37542 192.34032 165.93823 224.0407 0.5 0.5 0.5 0.5 0.5 0.5 0.5 0.9747307 
Car 0.5 3 0 336.1928 181.28069 425.17148 219.16986 0.5 0.5 0.5 0.5 0.5 0.5 0.5 0.97038686 
Car 0.5 3 0 389.8488 174.69571 631.46277 303.53467 0.5 0.5 0.5 0.5 0.5 0.5 0.5 0.96884537 
Car 0.5 3 0 801.94977 175.30757 923.7495 208.06802 0.5 0.5 0.5 0.5 0.5 0.5 0.5 0.9683981 
Car 0.5 3 0 90.281395 189.21608 121.5448 209.08598 0.5 0.5 0.5 0.5 0.5 0.5 0.5 0.95867765 
Car 0.5 3 0 18.462614 191.2886 37.65846 200.84863 0.5 0.5 0.5 0.5 0.5 0.5 0.5 0.87720263 
Car 0.5 3 0 626.9507 178.65318 651.10724 209.62126 0.5 0.5 0.5 0.5 0.5 0.5 0.5 0.6939722 
Car 0.5 3 0 705.5991 187.90187 738.7776 229.87332 0.5 0.5 0.5 0.5 0.5 0.5 0.5 0.58999395 
