Car 0.5 3 0 768.11383 202.41783 1130.7494 373.0933 0.5 0.5 0.5 0.5 0.5 0.5 0.5 0.9965777 
Car 0.5 3 0 1.4997778 226.21727 71.966675 361.40125 0.5 0.5 0.5 0.5 0.5 0.5 0.5 0.9944153 
Car 0.5 3 0 233.99005 178.48491 357.37704 227.50276 0.5 0.5 0.5 0.5 0.5 0.5 0.5 0.99166495 
Pedestrian 0.5 3 0 842.7883 145.019 885.4372 211.21288 0.5 0.5 0.5 0.5 0.5 0.5 0.5 0.99123913 
Pedestrian 0.5 3 0 888.83044 149.34634 934.10815 203.09512 0.5 0.5 0.5 0.5 0.5 0.5 0.5 0.9754351 
Car 0.5 3 0 355.5771 178.52475 423.40695 206.59749 0.5 0.5 0.5 0.5 0.5 0.5 0.5 0.9566158 
Car 0.5 3 0 81.64461 200.1305 151.56445 233.05775 0.5 0.5 0.5 0.5 0.5 0.5 0.5 0.95300204 
Car 0.5 3 0 52.70654 207.34053 133.26276 238.9466 0.5 0.5 0.5 0.5 0.5 0.5 0.5 0.94808537 
Car 0.5 3 0 792.90875 172.49889 847.93994 204.5306 0.5 0.5 0.5 0.5 0.5 0.5 0.5 0.91863143 
Car 0.5 3 0 212.49846 186.39543 258.6629 210.92049 0.5 0.5 0.5 0.5 0.5 0.5 0.5 0.88329995 
Car 0.5 3 0 796.1976 166.272 896.32477 207.80873 0.5 0.5 0.5 0.5 0.5 0.5 0.5 0.7731736 
Car 0.5 3 0 1152.7865 160.99928 1237.0806 182.4914 0.5 0.5 0.5 0.5 0.5 0.5 0.5 0.7327315 
Car 0.5 3 0 1100.2163 157.92874 1151.5762 175.38231 0.5 0.5 0.5 0.5 0.5 0.5 0.5 0.6695178 
Car 0.5 3 0 167.7907 192.40686 205.27739 212.71873 0.5 0.5 0.5 0.5 0.5 0.5 0.5 0.6603068 
Car 0.5 3 0 758.9141 181.97649 803.3747 197.54279 0.5 0.5 0.5 0.5 0.5 0.5 0.5 0.50003844 
