Car 0.5 3 0 1094.1688 154.98369 1237.3578 240.5827 0.5 0.5 0.5 0.5 0.5 0.5 0.5 0.997006 
Car 0.5 3 0 398.6252 181.09097 453.943 218.5727 0.5 0.5 0.5 0.5 0.5 0.5 0.5 0.9951331 
Car 0.5 3 0 2.929117 204.14922 130.56169 295.70554 0.5 0.5 0.5 0.5 0.5 0.5 0.5 0.99482334 
Car 0.5 3 0 214.63225 183.16045 263.05127 214.96523 0.5 0.5 0.5 0.5 0.5 0.5 0.5 0.9921942 
Car 0.5 3 0 0.47641203 221.92152 63.529186 331.86462 0.5 0.5 0.5 0.5 0.5 0.5 0.5 0.9912204 
Car 0.5 3 0 488.5235 187.25084 617.48083 265.6748 0.5 0.5 0.5 0.5 0.5 0.5 0.5 0.99091375 
Car 0.5 3 0 1004.95135 159.75172 1075.1887 224.07187 0.5 0.5 0.5 0.5 0.5 0.5 0.5 0.98701257 
Car 0.5 3 0 579.5658 165.85072 665.9717 202.12189 0.5 0.5 0.5 0.5 0.5 0.5 0.5 0.966004 
Car 0.5 3 0 618.5414 149.8837 1024.9003 363.99042 0.5 0.5 0.5 0.5 0.5 0.5 0.5 0.96132386 
Car 0.5 3 0 389.37946 181.21498 410.04514 210.07056 0.5 0.5 0.5 0.5 0.5 0.5 0.5 0.9243856 
Car 0.5 3 0 376.1156 178.98357 398.19803 194.4112 0.5 0.5 0.5 0.5 0.5 0.5 0.5 0.89555717 
Car 0.5 3 0 332.0236 179.37254 347.3654 188.69612 0.5 0.5 0.5 0.5 0.5 0.5 0.5 0.8827626 
Car 0.5 3 0 300.62753 180.30084 321.57343 194.59702 0.5 0.5 0.5 0.5 0.5 0.5 0.5 0.8755358 
Car 0.5 3 0 262.0713 182.21928 284.39334 204.99852 0.5 0.5 0.5 0.5 0.5 0.5 0.5 0.8687535 
Car 0.5 3 0 313.6021 180.36105 330.0026 192.10542 0.5 0.5 0.5 0.5 0.5 0.5 0.5 0.69653285 
Car 0.5 3 0 247.91692 183.28506 272.99954 208.16266 0.5 0.5 0.5 0.5 0.5 0.5 0.5 0.68548167 
Car 0.5 3 0 391.1917 180.20271 430.1302 211.88275 0.5 0.5 0.5 0.5 0.5 0.5 0.5 0.64164054 
Car 0.5 3 0 1059.9716 156.97723 1120.0834 209.04903 0.5 0.5 0.5 0.5 0.5 0.5 0.5 0.60920805 
Car 0.5 3 0 552.90704 172.12645 588.5426 191.03911 0.5 0.5 0.5 0.5 0.5 0.5 0.5 0.55277705 
