Car 0.5 3 0 0.58181417 219.9978 223.22238 357.98868 0.5 0.5 0.5 0.5 0.5 0.5 0.5 0.9973832 
Car 0.5 3 0 565.03046 188.88528 631.7136 233.083 0.5 0.5 0.5 0.5 0.5 0.5 0.5 0.99669266 
Car 0.5 3 0 678.3015 209.70844 891.9345 329.04987 0.5 0.5 0.5 0.5 0.5 0.5 0.5 0.9951068 
Car 0.5 3 0 392.90106 190.72096 440.40942 222.77985 0.5 0.5 0.5 0.5 0.5 0.5 0.5 0.9892453 
Car 0.5 3 0 786.53 172.67352 903.2083 218.3728 0.5 0.5 0.5 0.5 0.5 0.5 0.5 0.9768613 
Car 0.5 3 0 999.1231 191.53859 1241.6271 374.91724 0.5 0.5 0.5 0.5 0.5 0.5 0.5 0.97337735 
Car 0.5 3 0 1090.3397 173.97482 1218.5026 246.08179 0.5 0.5 0.5 0.5 0.5 0.5 0.5 0.95537955 
Car 0.5 3 0 443.53766 190.86209 467.78195 212.11249 0.5 0.5 0.5 0.5 0.5 0.5 0.5 0.9423797 
Car 0.5 3 0 428.5225 190.95822 450.87863 215.8071 0.5 0.5 0.5 0.5 0.5 0.5 0.5 0.90865546 
Car 0.5 3 0 714.23334 180.86047 800.4563 208.86491 0.5 0.5 0.5 0.5 0.5 0.5 0.5 0.8623743 
Car 0.5 3 0 518.9534 187.33672 530.81085 195.84839 0.5 0.5 0.5 0.5 0.5 0.5 0.5 0.85163844 
Car 0.5 3 0 433.83237 190.48521 461.57233 214.20172 0.5 0.5 0.5 0.5 0.5 0.5 0.5 0.84097207 
Car 0.5 3 0 488.16092 189.17827 504.57224 201.28612 0.5 0.5 0.5 0.5 0.5 0.5 0.5 0.82773423 
Car 0.5 3 0 454.26028 191.2578 468.14722 209.20177 0.5 0.5 0.5 0.5 0.5 0.5 0.5 0.7850711 
Car 0.5 3 0 562.81696 188.47072 588.7924 222.98749 0.5 0.5 0.5 0.5 0.5 0.5 0.5 0.78263694 
Car 0.5 3 0 557.05963 188.29749 575.2142 204.44438 0.5 0.5 0.5 0.5 0.5 0.5 0.5 0.59260416 
Car 0.5 3 0 0.0 284.29504 67.94102 373.67117 0.5 0.5 0.5 0.5 0.5 0.5 0.5 0.5197695 
Car 0.5 3 0 504.96622 187.91692 517.3759 197.50227 0.5 0.5 0.5 0.5 0.5 0.5 0.5 0.50085515 
