Car 0.5 3 0 1.8515164 218.96146 222.1232 373.8008 0.5 0.5 0.5 0.5 0.5 0.5 0.5 0.9971433 
Car 0.5 3 0 604.16406 187.63194 671.7918 234.79373 0.5 0.5 0.5 0.5 0.5 0.5 0.5 0.99674314 
Car 0.5 3 0 726.8701 212.44511 1011.164 363.47903 0.5 0.5 0.5 0.5 0.5 0.5 0.5 0.9951662 
Car 0.5 3 0 425.1836 188.03204 476.3331 220.65276 0.5 0.5 0.5 0.5 0.5 0.5 0.5 0.9854248 
Car 0.5 3 0 758.45264 177.01828 855.8814 209.77577 0.5 0.5 0.5 0.5 0.5 0.5 0.5 0.969546 
Car 0.5 3 0 834.6189 169.80986 970.08777 219.07185 0.5 0.5 0.5 0.5 0.5 0.5 0.5 0.96119255 
Car 0.5 3 0 476.67838 187.20226 501.9224 209.71127 0.5 0.5 0.5 0.5 0.5 0.5 0.5 0.9270723 
Car 0.5 3 0 598.70764 186.23904 623.73865 223.00664 0.5 0.5 0.5 0.5 0.5 0.5 0.5 0.87235177 
Car 0.5 3 0 459.5576 187.73164 480.73456 213.43849 0.5 0.5 0.5 0.5 0.5 0.5 0.5 0.84532917 
Car 0.5 3 0 591.9017 183.41805 610.5326 201.51164 0.5 0.5 0.5 0.5 0.5 0.5 0.5 0.8341834 
Car 0.5 3 0 523.9428 184.95541 541.70935 197.86722 0.5 0.5 0.5 0.5 0.5 0.5 0.5 0.82625437 
Car 0.5 3 0 467.84973 187.98642 492.68933 211.69293 0.5 0.5 0.5 0.5 0.5 0.5 0.5 0.820565 
Car 0.5 3 0 555.7458 184.09631 567.46515 192.99161 0.5 0.5 0.5 0.5 0.5 0.5 0.5 0.8072826 
Car 0.5 3 0 536.958 184.0955 553.2754 195.96805 0.5 0.5 0.5 0.5 0.5 0.5 0.5 0.55397576 
