Car 0.5 3 0 859.6011 170.48653 938.9106 211.98593 0.5 0.5 0.5 0.5 0.5 0.5 0.5 0.9962059 
Pedestrian 0.5 3 0 1030.3475 127.51384 1115.832 326.12753 0.5 0.5 0.5 0.5 0.5 0.5 0.5 0.9961922 
Pedestrian 0.5 3 0 1101.5582 119.279816 1190.6504 326.93185 0.5 0.5 0.5 0.5 0.5 0.5 0.5 0.9942742 
Car 0.5 3 0 2.0421183 209.6035 61.105125 249.07309 0.5 0.5 0.5 0.5 0.5 0.5 0.5 0.9941202 
Car 0.5 3 0 974.19104 165.43732 1039.725 207.55502 0.5 0.5 0.5 0.5 0.5 0.5 0.5 0.9714461 
Car 0.5 3 0 68.79424 197.68126 123.41491 224.35324 0.5 0.5 0.5 0.5 0.5 0.5 0.5 0.9591564 
Car 0.5 3 0 132.86188 182.90385 291.69717 244.65768 0.5 0.5 0.5 0.5 0.5 0.5 0.5 0.90239257 
Car 0.5 3 0 292.67084 193.09056 333.035 215.22227 0.5 0.5 0.5 0.5 0.5 0.5 0.5 0.88512754 
Car 0.5 3 0 310.68036 182.42336 381.03525 209.12122 0.5 0.5 0.5 0.5 0.5 0.5 0.5 0.8780548 
Pedestrian 0.5 3 0 1185.0217 139.0965 1214.8351 187.83934 0.5 0.5 0.5 0.5 0.5 0.5 0.5 0.74081284 
Cyclist 0.5 3 0 754.83716 175.76332 800.1155 208.84126 0.5 0.5 0.5 0.5 0.5 0.5 0.5 0.6985361 
Car 0.5 3 0 132.88235 193.2364 174.78033 215.13217 0.5 0.5 0.5 0.5 0.5 0.5 0.5 0.61392236 
