Car 0.5 3 0 89.137115 196.56586 347.78635 328.51093 0.5 0.5 0.5 0.5 0.5 0.5 0.5 0.99914134 
Car 0.5 3 0 864.6611 200.3911 1242.0 373.56293 0.5 0.5 0.5 0.5 0.5 0.5 0.5 0.99706393 
Car 0.5 3 0 324.09998 190.11797 433.995 260.17828 0.5 0.5 0.5 0.5 0.5 0.5 0.5 0.99505144 
Car 0.5 3 0 754.5373 187.35619 921.54236 291.0683 0.5 0.5 0.5 0.5 0.5 0.5 0.5 0.9941208 
Car 0.5 3 0 567.2562 174.45322 607.88763 189.61952 0.5 0.5 0.5 0.5 0.5 0.5 0.5 0.988326 
Car 0.5 3 0 412.01196 187.37431 476.41083 237.09215 0.5 0.5 0.5 0.5 0.5 0.5 0.5 0.98706114 
Car 0.5 3 0 500.02078 178.85092 544.2136 208.83832 0.5 0.5 0.5 0.5 0.5 0.5 0.5 0.9813291 
Car 0.5 3 0 703.61664 183.05473 794.9897 253.09756 0.5 0.5 0.5 0.5 0.5 0.5 0.5 0.97981 
Car 0.5 3 0 692.44464 178.33263 728.4656 228.95717 0.5 0.5 0.5 0.5 0.5 0.5 0.5 0.97870034 
Car 0.5 3 0 532.37115 177.80038 555.6694 203.16272 0.5 0.5 0.5 0.5 0.5 0.5 0.5 0.9287512 
Car 0.5 3 0 682.6889 176.53297 714.6506 216.49838 0.5 0.5 0.5 0.5 0.5 0.5 0.5 0.92534786 
Car 0.5 3 0 609.29443 175.11992 626.29834 188.20586 0.5 0.5 0.5 0.5 0.5 0.5 0.5 0.8973519 
Car 0.5 3 0 1050.3522 174.0427 1159.7845 206.95108 0.5 0.5 0.5 0.5 0.5 0.5 0.5 0.8118805 
Car 0.5 3 0 675.26044 178.1385 694.67865 210.39328 0.5 0.5 0.5 0.5 0.5 0.5 0.5 0.7277133 
Car 0.5 3 0 695.46826 180.45692 749.971 236.7022 0.5 0.5 0.5 0.5 0.5 0.5 0.5 0.72490615 
Car 0.5 3 0 904.6165 178.8544 969.7693 202.31624 0.5 0.5 0.5 0.5 0.5 0.5 0.5 0.65846956 
