Car 0.5 3 0 752.2172 186.82686 1097.5885 373.40784 0.5 0.5 0.5 0.5 0.5 0.5 0.5 0.99684876 
Car 0.5 3 0 1.4499255 203.22968 149.32175 353.65247 0.5 0.5 0.5 0.5 0.5 0.5 0.5 0.9956252 
Car 0.5 3 0 146.3399 195.14738 313.42017 298.72998 0.5 0.5 0.5 0.5 0.5 0.5 0.5 0.9952892 
Car 0.5 3 0 708.81036 182.5766 818.0065 277.67578 0.5 0.5 0.5 0.5 0.5 0.5 0.5 0.9919031 
Car 0.5 3 0 308.7276 176.46164 411.5298 215.50511 0.5 0.5 0.5 0.5 0.5 0.5 0.5 0.97877467 
Pedestrian 0.5 3 0 782.90424 153.83823 809.7913 192.74518 0.5 0.5 0.5 0.5 0.5 0.5 0.5 0.94617975 
Pedestrian 0.5 3 0 814.16473 154.04509 838.09235 206.04807 0.5 0.5 0.5 0.5 0.5 0.5 0.5 0.9023489 
Car 0.5 3 0 274.4442 182.00642 318.67148 207.29066 0.5 0.5 0.5 0.5 0.5 0.5 0.5 0.80239034 
Car 0.5 3 0 1007.3588 158.6834 1057.1189 176.43526 0.5 0.5 0.5 0.5 0.5 0.5 0.5 0.66504276 
Car 0.5 3 0 925.3716 164.87495 970.53375 184.15623 0.5 0.5 0.5 0.5 0.5 0.5 0.5 0.62396616 
