Car 0.5 3 0 1.1869587 211.02576 245.89154 375.0 0.5 0.5 0.5 0.5 0.5 0.5 0.5 0.9984119 
Car 0.5 3 0 791.17535 191.21095 1085.8982 361.0993 0.5 0.5 0.5 0.5 0.5 0.5 0.5 0.9970396 
Car 0.5 3 0 228.18208 192.85492 390.88644 287.7753 0.5 0.5 0.5 0.5 0.5 0.5 0.5 0.9951585 
Car 0.5 3 0 483.6992 180.05173 531.41943 211.68681 0.5 0.5 0.5 0.5 0.5 0.5 0.5 0.9912408 
Car 0.5 3 0 716.85114 185.92377 849.00616 275.0616 0.5 0.5 0.5 0.5 0.5 0.5 0.5 0.98975533 
Car 0.5 3 0 1085.1678 178.3789 1205.449 224.89006 0.5 0.5 0.5 0.5 0.5 0.5 0.5 0.9860087 
Car 0.5 3 0 699.3205 181.32262 756.4437 241.54811 0.5 0.5 0.5 0.5 0.5 0.5 0.5 0.9843072 
Car 0.5 3 0 367.42325 190.43373 450.8338 251.08755 0.5 0.5 0.5 0.5 0.5 0.5 0.5 0.98376113 
Car 0.5 3 0 585.66895 174.22198 627.35297 190.31665 0.5 0.5 0.5 0.5 0.5 0.5 0.5 0.97995913 
Car 0.5 3 0 686.02454 179.12617 733.15216 224.59412 0.5 0.5 0.5 0.5 0.5 0.5 0.5 0.9673098 
Car 0.5 3 0 1050.7954 313.2971 1241.6726 374.18668 0.5 0.5 0.5 0.5 0.5 0.5 0.5 0.9645689 
Car 0.5 3 0 521.43225 179.44566 546.066 206.28482 0.5 0.5 0.5 0.5 0.5 0.5 0.5 0.95954937 
Car 0.5 3 0 557.31104 177.50735 582.0322 189.43204 0.5 0.5 0.5 0.5 0.5 0.5 0.5 0.93376493 
Car 0.5 3 0 673.2517 177.05022 698.63794 214.82184 0.5 0.5 0.5 0.5 0.5 0.5 0.5 0.88427114 
Car 0.5 3 0 681.4499 177.76344 709.074 216.09323 0.5 0.5 0.5 0.5 0.5 0.5 0.5 0.7710635 
Car 0.5 3 0 929.32263 174.59792 1004.6736 197.31776 0.5 0.5 0.5 0.5 0.5 0.5 0.5 0.7125614 
Car 0.5 3 0 532.2767 185.57982 547.15735 205.43057 0.5 0.5 0.5 0.5 0.5 0.5 0.5 0.628436 
Car 0.5 3 0 1014.6379 173.69531 1104.9393 215.75784 0.5 0.5 0.5 0.5 0.5 0.5 0.5 0.6269372 
Car 0.5 3 0 671.2969 174.23369 698.19556 197.12903 0.5 0.5 0.5 0.5 0.5 0.5 0.5 0.5865072 
Car 0.5 3 0 516.81 179.57924 536.4403 208.01172 0.5 0.5 0.5 0.5 0.5 0.5 0.5 0.5197849 
