Car 0.5 3 0 204.18523 191.20924 395.37958 306.4944 0.5 0.5 0.5 0.5 0.5 0.5 0.5 0.997801 
Car 0.5 3 0 476.74417 186.80879 523.6364 227.0737 0.5 0.5 0.5 0.5 0.5 0.5 0.5 0.9901663 
Car 0.5 3 0 448.82083 191.9582 495.24625 239.03561 0.5 0.5 0.5 0.5 0.5 0.5 0.5 0.98918647 
Car 0.5 3 0 1014.4669 279.32285 1240.1663 375.0 0.5 0.5 0.5 0.5 0.5 0.5 0.5 0.98715615 
Car 0.5 3 0 374.2259 187.90929 459.74765 256.27344 0.5 0.5 0.5 0.5 0.5 0.5 0.5 0.9852937 
Car 0.5 3 0 173.1725 180.80716 263.8843 221.63919 0.5 0.5 0.5 0.5 0.5 0.5 0.5 0.9809187 
Car 0.5 3 0 569.4572 180.00195 604.57007 200.6877 0.5 0.5 0.5 0.5 0.5 0.5 0.5 0.97630125 
Car 0.5 3 0 616.97675 178.91028 637.8422 190.88971 0.5 0.5 0.5 0.5 0.5 0.5 0.5 0.91478276 
Car 0.5 3 0 688.2036 174.6201 740.702 216.57187 0.5 0.5 0.5 0.5 0.5 0.5 0.5 0.8718169 
Car 0.5 3 0 593.84424 179.73145 612.8935 196.80861 0.5 0.5 0.5 0.5 0.5 0.5 0.5 0.73833907 
Car 0.5 3 0 602.629 179.48294 616.3088 195.32623 0.5 0.5 0.5 0.5 0.5 0.5 0.5 0.522718 
