Car 0.5 3 0 1.4973325 207.46538 217.94095 348.97675 0.5 0.5 0.5 0.5 0.5 0.5 0.5 0.9980033 
Car 0.5 3 0 1048.3093 154.55437 1241.3589 295.52362 0.5 0.5 0.5 0.5 0.5 0.5 0.5 0.997323 
Car 0.5 3 0 677.8328 179.82256 773.4998 249.25157 0.5 0.5 0.5 0.5 0.5 0.5 0.5 0.9950663 
Car 0.5 3 0 433.38382 182.74811 488.87427 217.17769 0.5 0.5 0.5 0.5 0.5 0.5 0.5 0.99453944 
Car 0.5 3 0 943.297 139.5454 1237.7017 255.62827 0.5 0.5 0.5 0.5 0.5 0.5 0.5 0.99404657 
Car 0.5 3 0 829.1245 155.9257 1016.01166 226.25264 0.5 0.5 0.5 0.5 0.5 0.5 0.5 0.97760206 
Car 0.5 3 0 475.3935 181.57196 504.55075 210.49509 0.5 0.5 0.5 0.5 0.5 0.5 0.5 0.97095025 
Car 0.5 3 0 507.76642 179.95888 526.7322 202.73701 0.5 0.5 0.5 0.5 0.5 0.5 0.5 0.90865415 
Car 0.5 3 0 522.0526 178.75508 540.04193 197.15874 0.5 0.5 0.5 0.5 0.5 0.5 0.5 0.880158 
Car 0.5 3 0 714.34094 162.08362 785.75946 190.1957 0.5 0.5 0.5 0.5 0.5 0.5 0.5 0.76755357 
Car 0.5 3 0 603.7123 171.624 621.031 185.18442 0.5 0.5 0.5 0.5 0.5 0.5 0.5 0.69522226 
Car 0.5 3 0 261.0796 207.17351 356.7979 262.94992 0.5 0.5 0.5 0.5 0.5 0.5 0.5 0.63498473 
Car 0.5 3 0 325.28705 185.7771 423.68372 247.15628 0.5 0.5 0.5 0.5 0.5 0.5 0.5 0.53499025 
Car 0.5 3 0 499.7785 179.39851 518.4226 206.01869 0.5 0.5 0.5 0.5 0.5 0.5 0.5 0.5006525 
