Car 0.5 3 0 1.5074835 218.90657 223.34094 368.3738 0.5 0.5 0.5 0.5 0.5 0.5 0.5 0.9974342 
Car 0.5 3 0 587.2907 187.7288 651.5182 234.81354 0.5 0.5 0.5 0.5 0.5 0.5 0.5 0.9953017 
Car 0.5 3 0 703.0082 208.05583 946.6785 345.39706 0.5 0.5 0.5 0.5 0.5 0.5 0.5 0.9935777 
Car 0.5 3 0 410.1106 189.96703 460.29 221.8294 0.5 0.5 0.5 0.5 0.5 0.5 0.5 0.99027646 
Car 0.5 3 0 1158.1355 173.3156 1239.9597 253.50462 0.5 0.5 0.5 0.5 0.5 0.5 0.5 0.9743497 
Car 0.5 3 0 813.44666 171.51947 935.8301 221.04984 0.5 0.5 0.5 0.5 0.5 0.5 0.5 0.9657438 
Car 0.5 3 0 463.8161 189.83138 484.4602 211.13649 0.5 0.5 0.5 0.5 0.5 0.5 0.5 0.96397865 
Car 0.5 3 0 737.7138 176.9538 834.19293 209.35686 0.5 0.5 0.5 0.5 0.5 0.5 0.5 0.9620742 
Car 0.5 3 0 538.1334 185.71036 550.5302 194.49028 0.5 0.5 0.5 0.5 0.5 0.5 0.5 0.9044836 
Car 0.5 3 0 445.41153 190.04883 465.40494 214.6177 0.5 0.5 0.5 0.5 0.5 0.5 0.5 0.8807875 
Car 0.5 3 0 505.57938 186.50203 522.67993 199.47513 0.5 0.5 0.5 0.5 0.5 0.5 0.5 0.8432686 
Car 0.5 3 0 575.1631 184.3139 594.45703 202.08708 0.5 0.5 0.5 0.5 0.5 0.5 0.5 0.7925183 
Car 0.5 3 0 582.55206 186.64267 613.2458 223.02432 0.5 0.5 0.5 0.5 0.5 0.5 0.5 0.7780155 
Car 0.5 3 0 452.56558 190.0854 476.5198 212.80952 0.5 0.5 0.5 0.5 0.5 0.5 0.5 0.73415995 
Car 0.5 3 0 520.89795 184.41689 535.1284 197.20425 0.5 0.5 0.5 0.5 0.5 0.5 0.5 0.5789477 
