Car 0.5 3 0 713.5825 180.94827 910.7118 308.258 0.5 0.5 0.5 0.5 0.5 0.5 0.5 0.9978817 
Car 0.5 3 0 1.7354443 222.75795 78.415245 359.72702 0.5 0.5 0.5 0.5 0.5 0.5 0.5 0.997811 
Car 0.5 3 0 538.3971 176.16103 570.5524 200.25317 0.5 0.5 0.5 0.5 0.5 0.5 0.5 0.99310464 
Car 0.5 3 0 412.7916 178.61864 463.9618 224.96284 0.5 0.5 0.5 0.5 0.5 0.5 0.5 0.9826617 
Car 0.5 3 0 323.9626 178.43279 427.45218 245.39577 0.5 0.5 0.5 0.5 0.5 0.5 0.5 0.9777778 
Car 0.5 3 0 81.38137 203.65343 309.35095 305.81818 0.5 0.5 0.5 0.5 0.5 0.5 0.5 0.97604215 
Car 0.5 3 0 506.3443 178.67131 540.5219 200.75035 0.5 0.5 0.5 0.5 0.5 0.5 0.5 0.96365476 
Car 0.5 3 0 631.9098 175.49733 654.3918 192.74355 0.5 0.5 0.5 0.5 0.5 0.5 0.5 0.95468944 
Car 0.5 3 0 460.59497 180.87012 502.6349 213.8269 0.5 0.5 0.5 0.5 0.5 0.5 0.5 0.952349 
Car 0.5 3 0 681.7332 165.51079 754.71136 191.80846 0.5 0.5 0.5 0.5 0.5 0.5 0.5 0.9329062 
Car 0.5 3 0 566.9869 175.43654 580.7778 193.32759 0.5 0.5 0.5 0.5 0.5 0.5 0.5 0.7651787 
Car 0.5 3 0 976.0101 165.33928 1022.7541 184.9209 0.5 0.5 0.5 0.5 0.5 0.5 0.5 0.60127246 
