Car 0.5 3 0 113.5362 192.86351 310.62387 294.84366 0.5 0.5 0.5 0.5 0.5 0.5 0.5 0.9966468 
Car 0.5 3 0 460.92627 186.6953 522.27545 225.92299 0.5 0.5 0.5 0.5 0.5 0.5 0.5 0.9887313 
Car 0.5 3 0 688.9221 165.93515 787.42694 198.4415 0.5 0.5 0.5 0.5 0.5 0.5 0.5 0.9863213 
Car 0.5 3 0 0.57819235 197.81067 109.993355 352.70474 0.5 0.5 0.5 0.5 0.5 0.5 0.5 0.9844512 
Car 0.5 3 0 512.3517 185.72021 541.8686 211.44334 0.5 0.5 0.5 0.5 0.5 0.5 0.5 0.9835253 
Car 0.5 3 0 356.05823 193.46237 425.05325 235.72458 0.5 0.5 0.5 0.5 0.5 0.5 0.5 0.97125137 
Car 0.5 3 0 620.5591 179.45801 651.4172 203.45183 0.5 0.5 0.5 0.5 0.5 0.5 0.5 0.9699229 
Car 0.5 3 0 451.50177 186.53278 480.00732 214.16246 0.5 0.5 0.5 0.5 0.5 0.5 0.5 0.96862763 
Car 0.5 3 0 1133.8774 157.47302 1205.7174 194.64297 0.5 0.5 0.5 0.5 0.5 0.5 0.5 0.95137614 
Car 0.5 3 0 824.678 161.12462 856.6627 179.7242 0.5 0.5 0.5 0.5 0.5 0.5 0.5 0.8121193 
Car 0.5 3 0 782.5733 162.63553 825.5909 178.58928 0.5 0.5 0.5 0.5 0.5 0.5 0.5 0.8101144 
Car 0.5 3 0 883.7021 149.91277 929.60266 176.6417 0.5 0.5 0.5 0.5 0.5 0.5 0.5 0.7497226 
Car 0.5 3 0 577.19257 179.1347 591.1463 190.72925 0.5 0.5 0.5 0.5 0.5 0.5 0.5 0.5770831 
