Car 0.5 3 0 21.271679 183.26204 284.6773 315.07013 0.5 0.5 0.5 0.5 0.5 0.5 0.5 0.9951126 
Car 0.5 3 0 275.13623 184.45515 383.351 255.99579 0.5 0.5 0.5 0.5 0.5 0.5 0.5 0.99324703 
Car 0.5 3 0 684.46454 163.98746 771.4715 194.33856 0.5 0.5 0.5 0.5 0.5 0.5 0.5 0.9905095 
Car 0.5 3 0 492.81967 180.39275 539.9469 212.50105 0.5 0.5 0.5 0.5 0.5 0.5 0.5 0.9848689 
Car 0.5 3 0 531.6619 179.19757 555.4712 202.04422 0.5 0.5 0.5 0.5 0.5 0.5 0.5 0.9801589 
Car 0.5 3 0 472.36563 181.3028 502.28244 206.97688 0.5 0.5 0.5 0.5 0.5 0.5 0.5 0.975316 
Car 0.5 3 0 400.15756 183.83923 456.0968 222.79372 0.5 0.5 0.5 0.5 0.5 0.5 0.5 0.9692479 
Car 0.5 3 0 621.14105 175.06842 648.5021 197.11884 0.5 0.5 0.5 0.5 0.5 0.5 0.5 0.9461446 
Car 0.5 3 0 1049.0295 158.21045 1148.664 185.34445 0.5 0.5 0.5 0.5 0.5 0.5 0.5 0.9332142 
Car 0.5 3 0 1164.392 146.03255 1241.0106 185.17601 0.5 0.5 0.5 0.5 0.5 0.5 0.5 0.8504372 
Car 0.5 3 0 771.56067 160.39622 817.92883 178.49312 0.5 0.5 0.5 0.5 0.5 0.5 0.5 0.6431494 
Car 0.5 3 0 824.602 159.00687 845.9754 176.68532 0.5 0.5 0.5 0.5 0.5 0.5 0.5 0.5990305 
Car 0.5 3 0 649.0186 166.65193 691.8556 183.81317 0.5 0.5 0.5 0.5 0.5 0.5 0.5 0.5919454 
Car 0.5 3 0 671.35626 167.27628 693.27484 178.80731 0.5 0.5 0.5 0.5 0.5 0.5 0.5 0.5833485 
