Car 0.5 3 0 240.66556 190.97691 410.59683 292.20096 0.5 0.5 0.5 0.5 0.5 0.5 0.5 0.9971335 
Car 0.5 3 0 944.0881 221.97293 1241.6271 373.91858 0.5 0.5 0.5 0.5 0.5 0.5 0.5 0.992021 
Car 0.5 3 0 485.71 186.94568 527.4561 226.66734 0.5 0.5 0.5 0.5 0.5 0.5 0.5 0.98428124 
Car 0.5 3 0 457.59586 191.09941 502.50626 237.82199 0.5 0.5 0.5 0.5 0.5 0.5 0.5 0.98355454 
Car 0.5 3 0 390.49747 188.22195 471.01645 252.09877 0.5 0.5 0.5 0.5 0.5 0.5 0.5 0.97873086 
Car 0.5 3 0 571.27057 180.98741 607.05066 201.28983 0.5 0.5 0.5 0.5 0.5 0.5 0.5 0.9736816 
Car 0.5 3 0 194.8981 182.54544 278.4665 217.87679 0.5 0.5 0.5 0.5 0.5 0.5 0.5 0.96801007 
Car 0.5 3 0 619.21814 179.61328 639.95135 191.53769 0.5 0.5 0.5 0.5 0.5 0.5 0.5 0.8820098 
Car 0.5 3 0 687.9338 176.38762 736.8516 216.66544 0.5 0.5 0.5 0.5 0.5 0.5 0.5 0.87669224 
Car 0.5 3 0 596.81055 180.11101 616.12445 197.41216 0.5 0.5 0.5 0.5 0.5 0.5 0.5 0.8196689 
