Car 0.5 3 0 856.3271 150.14754 1043.7789 212.99359 0.5 0.5 0.5 0.5 0.5 0.5 0.5 0.9963458 
Car 0.5 3 0 0.0 229.35503 85.959816 372.01144 0.5 0.5 0.5 0.5 0.5 0.5 0.5 0.99541795 
Car 0.5 3 0 428.57492 189.12857 483.72375 226.03737 0.5 0.5 0.5 0.5 0.5 0.5 0.5 0.99233377 
Car 0.5 3 0 75.12544 207.81839 292.93582 321.98907 0.5 0.5 0.5 0.5 0.5 0.5 0.5 0.9920066 
Car 0.5 3 0 366.09952 192.16757 437.24576 243.69977 0.5 0.5 0.5 0.5 0.5 0.5 0.5 0.98990834 
Car 0.5 3 0 764.643 159.90533 853.70734 203.39272 0.5 0.5 0.5 0.5 0.5 0.5 0.5 0.9895892 
Car 0.5 3 0 811.52814 158.06335 880.28894 203.82361 0.5 0.5 0.5 0.5 0.5 0.5 0.5 0.9823109 
Car 0.5 3 0 280.4154 199.55707 376.1091 271.9824 0.5 0.5 0.5 0.5 0.5 0.5 0.5 0.9799248 
Car 0.5 3 0 654.2767 177.39264 718.528 221.9882 0.5 0.5 0.5 0.5 0.5 0.5 0.5 0.96892 
Car 0.5 3 0 1180.3552 131.00552 1240.2332 180.92761 0.5 0.5 0.5 0.5 0.5 0.5 0.5 0.9654937 
Car 0.5 3 0 591.42426 175.13658 614.8255 191.08104 0.5 0.5 0.5 0.5 0.5 0.5 0.5 0.9517701 
Car 0.5 3 0 638.94916 177.5589 659.14465 206.56938 0.5 0.5 0.5 0.5 0.5 0.5 0.5 0.8648514 
Car 0.5 3 0 499.45663 181.64714 526.1193 208.19716 0.5 0.5 0.5 0.5 0.5 0.5 0.5 0.8511943 
Car 0.5 3 0 629.0335 177.3612 649.0443 200.0254 0.5 0.5 0.5 0.5 0.5 0.5 0.5 0.77287567 
Car 0.5 3 0 647.83374 176.17053 695.7925 213.36412 0.5 0.5 0.5 0.5 0.5 0.5 0.5 0.7500433 
Car 0.5 3 0 755.0891 150.8358 934.93665 202.44342 0.5 0.5 0.5 0.5 0.5 0.5 0.5 0.6696187 
Car 0.5 3 0 469.72827 185.20691 501.55878 217.75038 0.5 0.5 0.5 0.5 0.5 0.5 0.5 0.6435149 
Car 0.5 3 0 650.2464 177.35435 673.8181 214.33748 0.5 0.5 0.5 0.5 0.5 0.5 0.5 0.6395948 
Car 0.5 3 0 859.11383 148.74083 942.90045 182.68224 0.5 0.5 0.5 0.5 0.5 0.5 0.5 0.5125749 
