Car 0.5 3 0 346.33588 190.76038 467.16135 265.83588 0.5 0.5 0.5 0.5 0.5 0.5 0.5 0.9943362 
Car 0.5 3 0 731.38196 164.25836 844.6915 205.42934 0.5 0.5 0.5 0.5 0.5 0.5 0.5 0.99408334 
Car 0.5 3 0 449.9683 185.96387 501.6274 230.62334 0.5 0.5 0.5 0.5 0.5 0.5 0.5 0.986336 
Car 0.5 3 0 622.7803 177.88837 664.8461 209.1076 0.5 0.5 0.5 0.5 0.5 0.5 0.5 0.98556685 
Car 0.5 3 0 171.10483 203.63875 324.8792 280.14127 0.5 0.5 0.5 0.5 0.5 0.5 0.5 0.9414214 
Car 0.5 3 0 488.35135 181.08601 515.6757 205.24136 0.5 0.5 0.5 0.5 0.5 0.5 0.5 0.8064124 
Car 0.5 3 0 890.4742 151.94965 935.7506 176.80345 0.5 0.5 0.5 0.5 0.5 0.5 0.5 0.7794833 
Car 0.5 3 0 698.7165 163.18053 785.2494 203.60278 0.5 0.5 0.5 0.5 0.5 0.5 0.5 0.76993245 
Car 0.5 3 0 886.015 155.35944 911.1073 174.53293 0.5 0.5 0.5 0.5 0.5 0.5 0.5 0.76780975 
Car 0.5 3 0 518.59357 182.01782 537.9296 198.6478 0.5 0.5 0.5 0.5 0.5 0.5 0.5 0.72306895 
Car 0.5 3 0 577.61163 176.12779 591.9102 188.64572 0.5 0.5 0.5 0.5 0.5 0.5 0.5 0.6984723 
Car 0.5 3 0 676.18146 168.37535 708.06384 184.58751 0.5 0.5 0.5 0.5 0.5 0.5 0.5 0.64644945 
Car 0.5 3 0 509.7768 183.19263 525.23236 200.55641 0.5 0.5 0.5 0.5 0.5 0.5 0.5 0.5324211 
