Car 0.5 3 0 312.4283 189.70499 422.76523 253.17883 0.5 0.5 0.5 0.5 0.5 0.5 0.5 0.9975472 
Car 0.5 3 0 1.8228903 208.71892 181.35059 360.807 0.5 0.5 0.5 0.5 0.5 0.5 0.5 0.99699795 
Car 0.5 3 0 880.4145 199.6759 1241.724 373.80106 0.5 0.5 0.5 0.5 0.5 0.5 0.5 0.9965745 
Car 0.5 3 0 1089.742 137.05478 1228.6661 176.96378 0.5 0.5 0.5 0.5 0.5 0.5 0.5 0.9897433 
Car 0.5 3 0 765.2751 156.73294 875.0311 193.55548 0.5 0.5 0.5 0.5 0.5 0.5 0.5 0.9836008 
Car 0.5 3 0 475.9823 183.54726 507.6115 213.36647 0.5 0.5 0.5 0.5 0.5 0.5 0.5 0.9825492 
Car 0.5 3 0 406.33734 187.11928 459.76672 231.82887 0.5 0.5 0.5 0.5 0.5 0.5 0.5 0.9801043 
Car 0.5 3 0 1009.3826 145.06256 1070.074 175.33488 0.5 0.5 0.5 0.5 0.5 0.5 0.5 0.9758354 
Car 0.5 3 0 498.77512 180.05826 536.6946 205.45856 0.5 0.5 0.5 0.5 0.5 0.5 0.5 0.9610973 
Car 0.5 3 0 443.1887 185.68617 487.1765 222.61372 0.5 0.5 0.5 0.5 0.5 0.5 0.5 0.9603437 
Car 0.5 3 0 1039.7545 139.82335 1111.611 176.02661 0.5 0.5 0.5 0.5 0.5 0.5 0.5 0.92756236 
Car 0.5 3 0 614.236 171.18251 629.7029 185.60843 0.5 0.5 0.5 0.5 0.5 0.5 0.5 0.91250485 
Car 0.5 3 0 765.0725 158.03448 811.136 192.9658 0.5 0.5 0.5 0.5 0.5 0.5 0.5 0.8419488 
Car 0.5 3 0 729.13165 159.11816 804.46484 191.69492 0.5 0.5 0.5 0.5 0.5 0.5 0.5 0.83087295 
Car 0.5 3 0 640.7726 172.62863 680.044 195.94662 0.5 0.5 0.5 0.5 0.5 0.5 0.5 0.7753515 
Car 0.5 3 0 462.4412 183.77399 501.49194 218.09941 0.5 0.5 0.5 0.5 0.5 0.5 0.5 0.7747504 
Car 0.5 3 0 426.16736 185.90996 472.02957 227.69344 0.5 0.5 0.5 0.5 0.5 0.5 0.5 0.7632627 
Car 0.5 3 0 638.74664 173.73016 655.81274 192.17221 0.5 0.5 0.5 0.5 0.5 0.5 0.5 0.74333537 
Car 0.5 3 0 533.0563 176.232 563.5544 196.92409 0.5 0.5 0.5 0.5 0.5 0.5 0.5 0.5683678 
