Car 0.5 3 0 283.86703 197.66646 396.06668 262.73386 0.5 0.5 0.5 0.5 0.5 0.5 0.5 0.995233 
Car 0.5 3 0 679.3439 180.05739 783.1021 258.1038 0.5 0.5 0.5 0.5 0.5 0.5 0.5 0.9941929 
Car 0.5 3 0 82.91863 205.02174 295.17603 309.2446 0.5 0.5 0.5 0.5 0.5 0.5 0.5 0.99416983 
Car 0.5 3 0 551.3095 178.33528 577.0499 198.2637 0.5 0.5 0.5 0.5 0.5 0.5 0.5 0.9772167 
Car 0.5 3 0 449.5284 181.4096 488.75052 219.85558 0.5 0.5 0.5 0.5 0.5 0.5 0.5 0.96270865 
Car 0.5 3 0 629.9397 177.33913 652.77155 194.77377 0.5 0.5 0.5 0.5 0.5 0.5 0.5 0.9608029 
Car 0.5 3 0 518.82355 180.08867 544.4863 199.58527 0.5 0.5 0.5 0.5 0.5 0.5 0.5 0.9397556 
Car 0.5 3 0 484.763 181.39095 514.98975 211.59814 0.5 0.5 0.5 0.5 0.5 0.5 0.5 0.9184428 
Car 0.5 3 0 392.60425 179.54669 462.18375 231.14215 0.5 0.5 0.5 0.5 0.5 0.5 0.5 0.9016765 
Car 0.5 3 0 674.2408 168.17113 743.9409 192.8265 0.5 0.5 0.5 0.5 0.5 0.5 0.5 0.9005737 
Car 0.5 3 0 595.6631 174.40285 608.38544 185.6491 0.5 0.5 0.5 0.5 0.5 0.5 0.5 0.6670915 
