Car 0.5 3 0 715.10864 182.9394 955.36 328.40915 0.5 0.5 0.5 0.5 0.5 0.5 0.5 0.9982179 
Car 0.5 3 0 534.5988 176.23259 567.1068 200.8924 0.5 0.5 0.5 0.5 0.5 0.5 0.5 0.9939493 
Car 0.5 3 0 301.5596 176.08267 415.15198 249.95416 0.5 0.5 0.5 0.5 0.5 0.5 0.5 0.98311585 
Car 0.5 3 0 400.34457 179.06525 457.5833 227.26767 0.5 0.5 0.5 0.5 0.5 0.5 0.5 0.97943497 
Car 0.5 3 0 14.878369 204.00502 281.82413 321.46503 0.5 0.5 0.5 0.5 0.5 0.5 0.5 0.97454077 
Car 0.5 3 0 630.2404 175.47665 653.69794 193.17953 0.5 0.5 0.5 0.5 0.5 0.5 0.5 0.9679574 
Car 0.5 3 0 504.0148 178.83586 538.4508 201.55177 0.5 0.5 0.5 0.5 0.5 0.5 0.5 0.96021 
Car 0.5 3 0 453.63684 179.01884 496.81857 217.6266 0.5 0.5 0.5 0.5 0.5 0.5 0.5 0.95259005 
Car 0.5 3 0 682.8126 165.73637 745.3728 191.65556 0.5 0.5 0.5 0.5 0.5 0.5 0.5 0.91777426 
Car 0.5 3 0 929.7241 161.51723 1026.4906 183.98238 0.5 0.5 0.5 0.5 0.5 0.5 0.5 0.8600583 
Car 0.5 3 0 565.08014 176.0901 577.7644 193.34537 0.5 0.5 0.5 0.5 0.5 0.5 0.5 0.697759 
Car 0.5 3 0 703.1054 166.44197 758.1527 195.27858 0.5 0.5 0.5 0.5 0.5 0.5 0.5 0.63216084 
