Car 0.5 3 0 839.7763 203.01422 1226.2976 372.2696 0.5 0.5 0.5 0.5 0.5 0.5 0.5 0.996104 
Car 0.5 3 0 428.3621 181.79262 493.3215 225.7207 0.5 0.5 0.5 0.5 0.5 0.5 0.5 0.99527454 
Car 0.5 3 0 0.0 238.56383 88.64249 374.72226 0.5 0.5 0.5 0.5 0.5 0.5 0.5 0.9929095 
Car 0.5 3 0 55.523796 201.74385 324.9871 333.12885 0.5 0.5 0.5 0.5 0.5 0.5 0.5 0.9925835 
Car 0.5 3 0 741.9506 189.15556 928.18256 308.44772 0.5 0.5 0.5 0.5 0.5 0.5 0.5 0.992222 
Car 0.5 3 0 475.66266 179.60858 517.64716 215.28677 0.5 0.5 0.5 0.5 0.5 0.5 0.5 0.9913863 
Car 0.5 3 0 710.2547 182.0981 801.17664 255.92094 0.5 0.5 0.5 0.5 0.5 0.5 0.5 0.98812276 
Car 0.5 3 0 684.97784 180.6985 732.5331 232.18172 0.5 0.5 0.5 0.5 0.5 0.5 0.5 0.9799167 
Car 0.5 3 0 0.0 188.70207 101.26553 209.3143 0.5 0.5 0.5 0.5 0.5 0.5 0.5 0.9768143 
Car 0.5 3 0 598.7863 174.31834 634.19617 190.86105 0.5 0.5 0.5 0.5 0.5 0.5 0.5 0.94414294 
Car 0.5 3 0 657.3646 173.93309 687.8625 190.61543 0.5 0.5 0.5 0.5 0.5 0.5 0.5 0.86307275 
Car 0.5 3 0 458.91968 179.23692 507.2344 218.26923 0.5 0.5 0.5 0.5 0.5 0.5 0.5 0.69087505 
Pedestrian 0.5 3 0 236.03868 219.35661 256.02744 239.89622 0.5 0.5 0.5 0.5 0.5 0.5 0.5 0.6310838 
Car 0.5 3 0 615.954 175.93979 633.49506 189.39468 0.5 0.5 0.5 0.5 0.5 0.5 0.5 0.59681904 
Car 0.5 3 0 1000.93427 175.10196 1103.9495 209.13872 0.5 0.5 0.5 0.5 0.5 0.5 0.5 0.5684102 
Car 0.5 3 0 1119.8359 208.73398 1241.7975 240.70389 0.5 0.5 0.5 0.5 0.5 0.5 0.5 0.5003956 
