Car 0.5 3 0 368.1505 190.90663 450.2919 240.3374 0.5 0.5 0.5 0.5 0.5 0.5 0.5 0.9976998 
Car 0.5 3 0 1023.2169 141.36218 1240.719 244.07079 0.5 0.5 0.5 0.5 0.5 0.5 0.5 0.9967824 
Car 0.5 3 0 230.44377 199.49397 373.09235 278.54755 0.5 0.5 0.5 0.5 0.5 0.5 0.5 0.9929497 
Car 0.5 3 0 893.7353 151.32085 1019.0026 218.53438 0.5 0.5 0.5 0.5 0.5 0.5 0.5 0.9908538 
Car 0.5 3 0 687.85614 179.4106 768.91907 243.88481 0.5 0.5 0.5 0.5 0.5 0.5 0.5 0.98779464 
Car 0.5 3 0 1.5804316 213.50658 230.14316 351.4809 0.5 0.5 0.5 0.5 0.5 0.5 0.5 0.98722214 
Car 0.5 3 0 828.98395 159.13835 945.91254 213.36336 0.5 0.5 0.5 0.5 0.5 0.5 0.5 0.9844099 
Car 0.5 3 0 974.8229 141.42383 1127.8228 227.3252 0.5 0.5 0.5 0.5 0.5 0.5 0.5 0.98188573 
Car 0.5 3 0 667.8935 177.29858 717.34766 230.26962 0.5 0.5 0.5 0.5 0.5 0.5 0.5 0.96913326 
Car 0.5 3 0 651.78845 178.45238 680.54626 212.9796 0.5 0.5 0.5 0.5 0.5 0.5 0.5 0.9273764 
Car 0.5 3 0 581.07904 174.38878 613.2807 192.64818 0.5 0.5 0.5 0.5 0.5 0.5 0.5 0.92458797 
Car 0.5 3 0 480.31628 184.83403 516.61316 214.27757 0.5 0.5 0.5 0.5 0.5 0.5 0.5 0.91918933 
Car 0.5 3 0 513.00385 180.66441 543.0745 202.55751 0.5 0.5 0.5 0.5 0.5 0.5 0.5 0.91417354 
Car 0.5 3 0 434.99582 186.46056 480.10828 227.51884 0.5 0.5 0.5 0.5 0.5 0.5 0.5 0.90370226 
Car 0.5 3 0 635.18 178.1107 658.31635 206.35657 0.5 0.5 0.5 0.5 0.5 0.5 0.5 0.89121866 
Car 0.5 3 0 653.9515 177.54411 709.9651 214.11855 0.5 0.5 0.5 0.5 0.5 0.5 0.5 0.5872681 
