Car 0.5 3 0 820.6446 202.13423 1239.6178 370.9942 0.5 0.5 0.5 0.5 0.5 0.5 0.5 0.99800855 
Car 0.5 3 0 727.25183 184.40071 910.70715 302.17566 0.5 0.5 0.5 0.5 0.5 0.5 0.5 0.99723816 
Car 0.5 3 0 4.6418033 198.19107 296.37646 330.233 0.5 0.5 0.5 0.5 0.5 0.5 0.5 0.9958555 
Car 0.5 3 0 286.82394 192.1024 391.4214 265.49573 0.5 0.5 0.5 0.5 0.5 0.5 0.5 0.99339193 
Car 0.5 3 0 678.9585 182.2453 744.50806 240.28815 0.5 0.5 0.5 0.5 0.5 0.5 0.5 0.9920614 
Car 0.5 3 0 402.90585 185.82832 475.3958 231.04846 0.5 0.5 0.5 0.5 0.5 0.5 0.5 0.98598933 
Car 0.5 3 0 645.3639 178.61537 680.8777 212.19962 0.5 0.5 0.5 0.5 0.5 0.5 0.5 0.9821477 
Car 0.5 3 0 481.25098 178.37123 531.27747 206.78593 0.5 0.5 0.5 0.5 0.5 0.5 0.5 0.96752864 
Car 0.5 3 0 536.3166 172.04199 575.3464 195.76648 0.5 0.5 0.5 0.5 0.5 0.5 0.5 0.9050077 
Car 0.5 3 0 654.962 180.66139 689.5431 220.42462 0.5 0.5 0.5 0.5 0.5 0.5 0.5 0.89620614 
Car 0.5 3 0 583.0079 168.98181 609.3022 185.64636 0.5 0.5 0.5 0.5 0.5 0.5 0.5 0.6064588 
Car 0.5 3 0 658.14355 180.51143 711.1821 225.69142 0.5 0.5 0.5 0.5 0.5 0.5 0.5 0.59800273 
