Car 0.5 3 0 841.3689 173.15117 952.06226 234.1609 0.5 0.5 0.5 0.5 0.5 0.5 0.5 0.9966259 
Car 0.5 3 0 350.14502 196.14865 466.22284 261.01852 0.5 0.5 0.5 0.5 0.5 0.5 0.5 0.99617416 
Car 0.5 3 0 239.786 190.82007 304.67297 225.80156 0.5 0.5 0.5 0.5 0.5 0.5 0.5 0.99595624 
Car 0.5 3 0 22.223497 188.94649 90.04379 223.82657 0.5 0.5 0.5 0.5 0.5 0.5 0.5 0.98326796 
Car 0.5 3 0 923.9617 165.96591 1081.7903 206.03038 0.5 0.5 0.5 0.5 0.5 0.5 0.5 0.9782371 
Car 0.5 3 0 748.0241 173.69492 817.5248 222.73346 0.5 0.5 0.5 0.5 0.5 0.5 0.5 0.97263575 
Car 0.5 3 0 230.6011 187.07289 267.6795 218.15445 0.5 0.5 0.5 0.5 0.5 0.5 0.5 0.9717156 
Car 0.5 3 0 432.51248 176.22627 511.3906 213.1208 0.5 0.5 0.5 0.5 0.5 0.5 0.5 0.96777225 
Car 0.5 3 0 207.3527 184.1618 233.65741 203.058 0.5 0.5 0.5 0.5 0.5 0.5 0.5 0.929382 
Car 0.5 3 0 466.59036 165.59186 744.2158 316.32376 0.5 0.5 0.5 0.5 0.5 0.5 0.5 0.9248261 
Car 0.5 3 0 150.08089 187.44058 165.15294 195.7189 0.5 0.5 0.5 0.5 0.5 0.5 0.5 0.8921115 
Car 0.5 3 0 113.82885 187.3182 134.42911 202.08221 0.5 0.5 0.5 0.5 0.5 0.5 0.5 0.8414339 
Car 0.5 3 0 812.62 174.28194 852.6518 218.87497 0.5 0.5 0.5 0.5 0.5 0.5 0.5 0.7896259 
Car 0.5 3 0 70.692154 188.60753 96.97146 212.33167 0.5 0.5 0.5 0.5 0.5 0.5 0.5 0.7119976 
Car 0.5 3 0 150.78737 184.85239 172.67249 195.69412 0.5 0.5 0.5 0.5 0.5 0.5 0.5 0.60171485 
Car 0.5 3 0 163.21873 184.0096 173.96788 193.96965 0.5 0.5 0.5 0.5 0.5 0.5 0.5 0.5449364 
