Car 0.5 3 0 139.44965 188.80472 331.70703 291.5693 0.5 0.5 0.5 0.5 0.5 0.5 0.5 0.9964742 
Car 0.5 3 0 752.3062 187.98058 1083.6765 364.1478 0.5 0.5 0.5 0.5 0.5 0.5 0.5 0.99552405 
Car 0.5 3 0 317.21582 183.2443 411.5505 251.71434 0.5 0.5 0.5 0.5 0.5 0.5 0.5 0.9898644 
Car 0.5 3 0 713.81445 182.62004 825.4343 271.5264 0.5 0.5 0.5 0.5 0.5 0.5 0.5 0.98355746 
Car 0.5 3 0 470.4313 175.61751 524.3071 198.97165 0.5 0.5 0.5 0.5 0.5 0.5 0.5 0.9797754 
Car 0.5 3 0 1041.8204 310.70517 1242.0 374.7794 0.5 0.5 0.5 0.5 0.5 0.5 0.5 0.96938545 
Car 0.5 3 0 591.72327 174.04782 634.4056 191.58717 0.5 0.5 0.5 0.5 0.5 0.5 0.5 0.9576044 
Car 0.5 3 0 415.7369 179.54652 457.64783 194.7859 0.5 0.5 0.5 0.5 0.5 0.5 0.5 0.87920755 
Car 0.5 3 0 643.6132 166.34914 669.44916 189.00594 0.5 0.5 0.5 0.5 0.5 0.5 0.5 0.8207778 
Pedestrian 0.5 3 0 661.66144 171.6868 674.41974 200.7781 0.5 0.5 0.5 0.5 0.5 0.5 0.5 0.75343287 
Car 0.5 3 0 279.05325 175.6122 324.96027 194.85973 0.5 0.5 0.5 0.5 0.5 0.5 0.5 0.6100404 
