Car 0.5 3 0 772.1789 200.52327 972.50433 313.30484 0.5 0.5 0.5 0.5 0.5 0.5 0.5 0.9968617 
Car 0.5 3 0 445.32266 187.705 515.4029 231.10025 0.5 0.5 0.5 0.5 0.5 0.5 0.5 0.99605334 
Car 0.5 3 0 726.0005 182.88623 824.2261 261.46454 0.5 0.5 0.5 0.5 0.5 0.5 0.5 0.98971725 
Car 0.5 3 0 704.7939 184.98305 751.3977 237.35545 0.5 0.5 0.5 0.5 0.5 0.5 0.5 0.987479 
Car 0.5 3 0 900.82837 171.09862 1242.0 371.7512 0.5 0.5 0.5 0.5 0.5 0.5 0.5 0.9666268 
Car 0.5 3 0 557.25134 182.2993 588.1026 201.88882 0.5 0.5 0.5 0.5 0.5 0.5 0.5 0.95407045 
Car 0.5 3 0 682.64484 181.28006 719.7689 217.16537 0.5 0.5 0.5 0.5 0.5 0.5 0.5 0.9451419 
Car 0.5 3 0 918.8645 177.78442 968.74066 203.16559 0.5 0.5 0.5 0.5 0.5 0.5 0.5 0.9348997 
Car 0.5 3 0 677.6417 180.44276 702.5289 214.26689 0.5 0.5 0.5 0.5 0.5 0.5 0.5 0.93412805 
Car 0.5 3 0 504.24188 185.00993 537.95374 218.64374 0.5 0.5 0.5 0.5 0.5 0.5 0.5 0.92893314 
Car 0.5 3 0 663.8442 178.58156 681.3814 191.03467 0.5 0.5 0.5 0.5 0.5 0.5 0.5 0.89999896 
Car 0.5 3 0 525.54 184.8446 551.443 213.51105 0.5 0.5 0.5 0.5 0.5 0.5 0.5 0.81074154 
Car 0.5 3 0 569.47626 180.23616 591.4401 199.25894 0.5 0.5 0.5 0.5 0.5 0.5 0.5 0.56775415 
