Car 0.5 3 0 305.4386 194.75269 404.99463 255.64111 0.5 0.5 0.5 0.5 0.5 0.5 0.5 0.99571544 
Car 0.5 3 0 394.44635 192.17511 451.43973 236.90158 0.5 0.5 0.5 0.5 0.5 0.5 0.5 0.9949516 
Car 0.5 3 0 654.55676 176.44157 721.0234 229.2451 0.5 0.5 0.5 0.5 0.5 0.5 0.5 0.97647095 
Car 0.5 3 0 1087.212 134.98279 1212.2043 183.44485 0.5 0.5 0.5 0.5 0.5 0.5 0.5 0.963477 
Car 0.5 3 0 441.23984 180.36652 487.3156 218.2318 0.5 0.5 0.5 0.5 0.5 0.5 0.5 0.94450843 
Car 0.5 3 0 559.0187 180.2065 581.1762 192.95883 0.5 0.5 0.5 0.5 0.5 0.5 0.5 0.9238911 
Car 0.5 3 0 623.26636 175.94904 643.69293 192.48781 0.5 0.5 0.5 0.5 0.5 0.5 0.5 0.91967684 
Car 0.5 3 0 525.27844 180.29616 548.0997 197.01714 0.5 0.5 0.5 0.5 0.5 0.5 0.5 0.9145024 
Car 0.5 3 0 0.0 204.89758 49.48915 234.70589 0.5 0.5 0.5 0.5 0.5 0.5 0.5 0.89171004 
Car 0.5 3 0 713.43567 168.97993 752.8155 184.71791 0.5 0.5 0.5 0.5 0.5 0.5 0.5 0.83505 
Car 0.5 3 0 502.00388 181.84648 525.4397 207.04346 0.5 0.5 0.5 0.5 0.5 0.5 0.5 0.80553037 
Car 0.5 3 0 478.59604 180.96347 500.12985 213.60327 0.5 0.5 0.5 0.5 0.5 0.5 0.5 0.78717977 
Car 0.5 3 0 0.0 204.08234 50.770004 220.3681 0.5 0.5 0.5 0.5 0.5 0.5 0.5 0.74494344 
Car 0.5 3 0 0.0 204.39081 134.54228 230.45903 0.5 0.5 0.5 0.5 0.5 0.5 0.5 0.7105514 
Car 0.5 3 0 1182.6862 116.595764 1242.0 176.18655 0.5 0.5 0.5 0.5 0.5 0.5 0.5 0.70321465 
Car 0.5 3 0 593.3065 178.60808 606.1852 185.35239 0.5 0.5 0.5 0.5 0.5 0.5 0.5 0.5502013 
Car 0.5 3 0 59.699123 204.52802 129.16133 221.6179 0.5 0.5 0.5 0.5 0.5 0.5 0.5 0.52791274 
Car 0.5 3 0 0.0 203.73775 162.95068 255.42923 0.5 0.5 0.5 0.5 0.5 0.5 0.5 0.5122794 
