Car 0.5 3 0 0.0 212.89598 292.51843 369.84384 0.5 0.5 0.5 0.5 0.5 0.5 0.5 0.9944993 
Car 0.5 3 0 269.76138 195.44304 405.47604 291.5486 0.5 0.5 0.5 0.5 0.5 0.5 0.5 0.9873031 
Car 0.5 3 0 524.9788 184.63564 569.98395 212.15237 0.5 0.5 0.5 0.5 0.5 0.5 0.5 0.98512924 
Car 0.5 3 0 705.1881 186.806 734.02155 234.50429 0.5 0.5 0.5 0.5 0.5 0.5 0.5 0.969027 
Car 0.5 3 0 679.9597 182.54985 706.5523 210.93407 0.5 0.5 0.5 0.5 0.5 0.5 0.5 0.95546925 
Car 0.5 3 0 716.4619 177.95305 827.36316 261.7783 0.5 0.5 0.5 0.5 0.5 0.5 0.5 0.9245831 
Car 0.5 3 0 560.94257 184.56163 578.2867 207.34326 0.5 0.5 0.5 0.5 0.5 0.5 0.5 0.9235678 
Car 0.5 3 0 591.70166 182.73468 618.5498 198.41866 0.5 0.5 0.5 0.5 0.5 0.5 0.5 0.908455 
Car 0.5 3 0 571.8202 184.9553 588.77014 205.0482 0.5 0.5 0.5 0.5 0.5 0.5 0.5 0.8845364 
Car 0.5 3 0 691.6915 184.78069 710.47473 220.45184 0.5 0.5 0.5 0.5 0.5 0.5 0.5 0.85096943 
Car 0.5 3 0 591.0481 187.04974 608.80774 197.88528 0.5 0.5 0.5 0.5 0.5 0.5 0.5 0.8068026 
Car 0.5 3 0 617.2651 181.2613 639.3396 192.07082 0.5 0.5 0.5 0.5 0.5 0.5 0.5 0.66146517 
Car 0.5 3 0 692.69257 185.03404 728.04913 223.07227 0.5 0.5 0.5 0.5 0.5 0.5 0.5 0.6587759 
