Car 0.5 3 0 860.313 215.72185 1241.589 373.9178 0.5 0.5 0.5 0.5 0.5 0.5 0.5 0.9979426 
Car 0.5 3 0 1.7005947 203.69875 154.2049 349.73383 0.5 0.5 0.5 0.5 0.5 0.5 0.5 0.9946036 
Car 0.5 3 0 737.05524 187.52855 978.0174 335.92386 0.5 0.5 0.5 0.5 0.5 0.5 0.5 0.9932193 
Car 0.5 3 0 137.24266 188.83809 318.93817 289.3059 0.5 0.5 0.5 0.5 0.5 0.5 0.5 0.9877628 
Car 0.5 3 0 461.84763 177.40439 514.52716 203.47946 0.5 0.5 0.5 0.5 0.5 0.5 0.5 0.9856322 
Car 0.5 3 0 361.72626 177.53648 403.5148 201.55244 0.5 0.5 0.5 0.5 0.5 0.5 0.5 0.9808919 
Car 0.5 3 0 672.33307 170.79074 718.23047 189.7531 0.5 0.5 0.5 0.5 0.5 0.5 0.5 0.9708058 
Car 0.5 3 0 563.8584 172.87328 604.1284 193.64491 0.5 0.5 0.5 0.5 0.5 0.5 0.5 0.9663067 
Car 0.5 3 0 203.91335 176.2172 260.0816 190.46503 0.5 0.5 0.5 0.5 0.5 0.5 0.5 0.5849818 
Car 0.5 3 0 150.6974 178.15733 200.48698 208.66367 0.5 0.5 0.5 0.5 0.5 0.5 0.5 0.58332926 
