Car 0.5 3 0 115.89412 198.55312 350.1627 313.48914 0.5 0.5 0.5 0.5 0.5 0.5 0.5 0.9986223 
Car 0.5 3 0 0.39842758 218.5721 132.47563 371.1606 0.5 0.5 0.5 0.5 0.5 0.5 0.5 0.99813735 
Car 0.5 3 0 843.9567 202.10718 1242.0 374.61557 0.5 0.5 0.5 0.5 0.5 0.5 0.5 0.995551 
Car 0.5 3 0 733.17316 189.9516 903.7364 294.45425 0.5 0.5 0.5 0.5 0.5 0.5 0.5 0.9925055 
Car 0.5 3 0 704.62335 183.18129 782.36743 252.73987 0.5 0.5 0.5 0.5 0.5 0.5 0.5 0.9915358 
Car 0.5 3 0 324.39636 191.70407 433.21286 262.6901 0.5 0.5 0.5 0.5 0.5 0.5 0.5 0.9809544 
Car 0.5 3 0 473.54712 181.26942 523.8066 215.7994 0.5 0.5 0.5 0.5 0.5 0.5 0.5 0.9792712 
Car 0.5 3 0 509.4859 179.40346 539.69275 210.38954 0.5 0.5 0.5 0.5 0.5 0.5 0.5 0.9742441 
Car 0.5 3 0 600.59076 174.02689 645.8273 192.90973 0.5 0.5 0.5 0.5 0.5 0.5 0.5 0.9739778 
Car 0.5 3 0 691.6298 182.49811 742.08954 233.56526 0.5 0.5 0.5 0.5 0.5 0.5 0.5 0.97037035 
Car 0.5 3 0 1129.8162 179.84824 1241.5854 225.44418 0.5 0.5 0.5 0.5 0.5 0.5 0.5 0.96945155 
Car 0.5 3 0 678.73096 180.21095 707.4634 219.72925 0.5 0.5 0.5 0.5 0.5 0.5 0.5 0.942882 
Car 0.5 3 0 941.6218 177.52 1013.20557 206.20341 0.5 0.5 0.5 0.5 0.5 0.5 0.5 0.8377641 
Car 0.5 3 0 561.6131 178.67513 582.6965 190.53058 0.5 0.5 0.5 0.5 0.5 0.5 0.5 0.76822865 
Car 0.5 3 0 547.0516 178.54924 562.12897 189.91542 0.5 0.5 0.5 0.5 0.5 0.5 0.5 0.6848015 
Car 0.5 3 0 658.9129 177.5181 671.7676 188.7021 0.5 0.5 0.5 0.5 0.5 0.5 0.5 0.5588115 
Car 0.5 3 0 673.9149 180.27687 695.52264 218.34299 0.5 0.5 0.5 0.5 0.5 0.5 0.5 0.5432827 
