Car 0.5 3 0 850.9051 173.61801 979.73346 222.88713 0.5 0.5 0.5 0.5 0.5 0.5 0.5 0.99795806 
Car 0.5 3 0 1180.5575 162.43245 1241.2903 241.698 0.5 0.5 0.5 0.5 0.5 0.5 0.5 0.98831135 
Car 0.5 3 0 29.152113 189.63301 229.42926 261.30862 0.5 0.5 0.5 0.5 0.5 0.5 0.5 0.98710865 
Car 0.5 3 0 224.15504 190.23593 285.65393 225.15314 0.5 0.5 0.5 0.5 0.5 0.5 0.5 0.9591285 
Car 0.5 3 0 0.24037412 207.20343 41.27008 236.99513 0.5 0.5 0.5 0.5 0.5 0.5 0.5 0.93511885 
Car 0.5 3 0 1006.3959 162.7025 1186.6781 214.7987 0.5 0.5 0.5 0.5 0.5 0.5 0.5 0.9340799 
Car 0.5 3 0 1122.0048 161.24016 1182.0381 208.81535 0.5 0.5 0.5 0.5 0.5 0.5 0.5 0.92283094 
Car 0.5 3 0 1001.8192 177.785 1058.559 214.75478 0.5 0.5 0.5 0.5 0.5 0.5 0.5 0.9081762 
Car 0.5 3 0 256.91492 184.98033 345.062 217.50592 0.5 0.5 0.5 0.5 0.5 0.5 0.5 0.8914917 
Cyclist 0.5 3 0 765.17554 186.169 814.614 216.40892 0.5 0.5 0.5 0.5 0.5 0.5 0.5 0.8368749 
Car 0.5 3 0 337.42355 196.92203 387.41214 220.21115 0.5 0.5 0.5 0.5 0.5 0.5 0.5 0.6317488 
