Car 0.5 3 0 0.44542226 212.4449 247.07831 357.53818 0.5 0.5 0.5 0.5 0.5 0.5 0.5 0.9987368 
Car 0.5 3 0 822.97424 153.30507 973.51953 207.46332 0.5 0.5 0.5 0.5 0.5 0.5 0.5 0.9960377 
Car 0.5 3 0 232.54898 201.41231 358.978 280.45465 0.5 0.5 0.5 0.5 0.5 0.5 0.5 0.9941707 
Car 0.5 3 0 403.9565 189.7144 458.88132 231.29874 0.5 0.5 0.5 0.5 0.5 0.5 0.5 0.9882293 
Car 0.5 3 0 1116.8634 137.22528 1194.4299 178.86865 0.5 0.5 0.5 0.5 0.5 0.5 0.5 0.9874949 
Car 0.5 3 0 446.98056 185.96425 497.76367 219.43109 0.5 0.5 0.5 0.5 0.5 0.5 0.5 0.9858743 
Car 0.5 3 0 788.6092 158.16017 846.8307 201.58798 0.5 0.5 0.5 0.5 0.5 0.5 0.5 0.9783343 
Car 0.5 3 0 598.0944 173.34741 618.443 189.88922 0.5 0.5 0.5 0.5 0.5 0.5 0.5 0.9762305 
Car 0.5 3 0 1160.0128 138.9543 1233.5446 177.92238 0.5 0.5 0.5 0.5 0.5 0.5 0.5 0.9685052 
Car 0.5 3 0 347.89178 193.66837 415.91727 253.03023 0.5 0.5 0.5 0.5 0.5 0.5 0.5 0.96367747 
Car 0.5 3 0 749.1932 161.88507 814.72296 197.28966 0.5 0.5 0.5 0.5 0.5 0.5 0.5 0.9543695 
Car 0.5 3 0 646.0999 175.54254 697.7282 210.32593 0.5 0.5 0.5 0.5 0.5 0.5 0.5 0.9148376 
Car 0.5 3 0 632.9204 177.20496 655.09216 201.00961 0.5 0.5 0.5 0.5 0.5 0.5 0.5 0.8781172 
Car 0.5 3 0 481.72247 184.1705 511.35062 213.83846 0.5 0.5 0.5 0.5 0.5 0.5 0.5 0.86438584 
Car 0.5 3 0 1197.6466 139.69905 1241.992 179.07188 0.5 0.5 0.5 0.5 0.5 0.5 0.5 0.8346366 
Car 0.5 3 0 503.10834 181.27626 535.824 203.51176 0.5 0.5 0.5 0.5 0.5 0.5 0.5 0.78649575 
Car 0.5 3 0 645.4194 176.33386 670.0173 209.08981 0.5 0.5 0.5 0.5 0.5 0.5 0.5 0.68839437 
Car 0.5 3 0 748.98126 152.58067 897.7042 200.90979 0.5 0.5 0.5 0.5 0.5 0.5 0.5 0.6103384 
Car 0.5 3 0 525.1289 179.8254 549.52435 198.2733 0.5 0.5 0.5 0.5 0.5 0.5 0.5 0.5558425 
