Car 0.5 3 0 0.35935894 210.5088 231.49557 368.4449 0.5 0.5 0.5 0.5 0.5 0.5 0.5 0.9980088 
Car 0.5 3 0 379.49756 185.61818 461.1801 235.93658 0.5 0.5 0.5 0.5 0.5 0.5 0.5 0.9952779 
Car 0.5 3 0 755.45917 184.70311 1028.6339 347.1672 0.5 0.5 0.5 0.5 0.5 0.5 0.5 0.9930266 
Car 0.5 3 0 685.1223 184.02307 766.56104 246.11249 0.5 0.5 0.5 0.5 0.5 0.5 0.5 0.99298567 
Car 0.5 3 0 645.4652 179.45781 683.3388 213.14449 0.5 0.5 0.5 0.5 0.5 0.5 0.5 0.99034554 
Car 0.5 3 0 472.8542 177.38123 525.75574 209.34267 0.5 0.5 0.5 0.5 0.5 0.5 0.5 0.9895415 
Car 0.5 3 0 220.67293 194.57123 360.00925 281.57718 0.5 0.5 0.5 0.5 0.5 0.5 0.5 0.9865593 
Car 0.5 3 0 665.30896 182.53448 713.5087 230.88867 0.5 0.5 0.5 0.5 0.5 0.5 0.5 0.97304225 
Car 0.5 3 0 523.366 174.67773 563.2324 197.7729 0.5 0.5 0.5 0.5 0.5 0.5 0.5 0.97216743 
Car 0.5 3 0 931.60095 251.47543 1242.0 372.6375 0.5 0.5 0.5 0.5 0.5 0.5 0.5 0.97057456 
Car 0.5 3 0 4.8105464 180.89096 243.89099 224.30748 0.5 0.5 0.5 0.5 0.5 0.5 0.5 0.7299496 
Car 0.5 3 0 659.73224 181.03757 699.184 219.85683 0.5 0.5 0.5 0.5 0.5 0.5 0.5 0.61050624 
Car 0.5 3 0 181.50403 187.90015 232.25935 211.14375 0.5 0.5 0.5 0.5 0.5 0.5 0.5 0.5618138 
