Car 0.5 3 0 45.912544 196.64565 294.40607 320.9061 0.5 0.5 0.5 0.5 0.5 0.5 0.5 0.9974955 
Car 0.5 3 0 0.10908971 232.0869 57.299706 372.06937 0.5 0.5 0.5 0.5 0.5 0.5 0.5 0.99644464 
Car 0.5 3 0 823.55475 184.99368 1237.4165 373.43 0.5 0.5 0.5 0.5 0.5 0.5 0.5 0.9960074 
Car 0.5 3 0 701.54584 180.96286 816.1201 258.763 0.5 0.5 0.5 0.5 0.5 0.5 0.5 0.9950405 
Car 0.5 3 0 333.13654 182.59116 441.29785 243.52719 0.5 0.5 0.5 0.5 0.5 0.5 0.5 0.99441385 
Car 0.5 3 0 649.197 175.94487 695.41345 215.11324 0.5 0.5 0.5 0.5 0.5 0.5 0.5 0.9931665 
Car 0.5 3 0 672.9762 178.92947 731.13043 233.36765 0.5 0.5 0.5 0.5 0.5 0.5 0.5 0.98792356 
Car 0.5 3 0 459.06418 174.10243 517.026 208.40108 0.5 0.5 0.5 0.5 0.5 0.5 0.5 0.97038203 
Car 0.5 3 0 82.736755 187.17351 172.10774 225.09627 0.5 0.5 0.5 0.5 0.5 0.5 0.5 0.91732913 
Car 0.5 3 0 511.07928 171.88138 539.58997 195.13861 0.5 0.5 0.5 0.5 0.5 0.5 0.5 0.8819494 
Car 0.5 3 0 338.70596 179.21754 363.83115 204.14795 0.5 0.5 0.5 0.5 0.5 0.5 0.5 0.63099134 
Car 0.5 3 0 152.09326 184.17209 205.68114 201.38696 0.5 0.5 0.5 0.5 0.5 0.5 0.5 0.5866978 
