Car 0.5 3 0 1028.9689 145.6124 1240.796 264.6902 0.5 0.5 0.5 0.5 0.5 0.5 0.5 0.9988715 
Car 0.5 3 0 376.44427 186.93219 460.33466 235.15634 0.5 0.5 0.5 0.5 0.5 0.5 0.5 0.99629444 
Car 0.5 3 0 743.00854 184.20049 1035.16 356.71008 0.5 0.5 0.5 0.5 0.5 0.5 0.5 0.99464357 
Car 0.5 3 0 764.71814 162.28249 839.8468 194.18571 0.5 0.5 0.5 0.5 0.5 0.5 0.5 0.98461664 
Car 0.5 3 0 443.44592 184.91763 484.58023 221.06203 0.5 0.5 0.5 0.5 0.5 0.5 0.5 0.97629875 
Car 0.5 3 0 493.70047 182.19757 521.0098 209.4383 0.5 0.5 0.5 0.5 0.5 0.5 0.5 0.971599 
Car 0.5 3 0 514.1776 179.89064 542.37744 203.35977 0.5 0.5 0.5 0.5 0.5 0.5 0.5 0.96454465 
Car 0.5 3 0 112.598 190.04317 326.44617 303.41995 0.5 0.5 0.5 0.5 0.5 0.5 0.5 0.93244916 
Car 0.5 3 0 993.7049 146.96338 1125.6654 182.438 0.5 0.5 0.5 0.5 0.5 0.5 0.5 0.9126188 
Car 0.5 3 0 614.33716 172.91632 629.68787 186.73763 0.5 0.5 0.5 0.5 0.5 0.5 0.5 0.8986995 
Car 0.5 3 0 0.43604606 245.34538 136.83716 357.30008 0.5 0.5 0.5 0.5 0.5 0.5 0.5 0.8756309 
Car 0.5 3 0 969.24945 153.9345 1020.9472 180.18774 0.5 0.5 0.5 0.5 0.5 0.5 0.5 0.86156857 
Car 0.5 3 0 980.92737 151.2315 1045.9443 180.13817 0.5 0.5 0.5 0.5 0.5 0.5 0.5 0.8149109 
Car 0.5 3 0 467.63657 184.42896 505.87048 215.17403 0.5 0.5 0.5 0.5 0.5 0.5 0.5 0.8067391 
Car 0.5 3 0 539.5292 176.5667 566.03375 196.25922 0.5 0.5 0.5 0.5 0.5 0.5 0.5 0.5403369 
