Car 0.5 3 0 103.76343 196.76607 355.7523 333.43402 0.5 0.5 0.5 0.5 0.5 0.5 0.5 0.99894136 
Car 0.5 3 0 430.51978 193.61063 483.69604 246.35486 0.5 0.5 0.5 0.5 0.5 0.5 0.5 0.9849191 
Car 0.5 3 0 134.95395 179.38292 235.32553 224.14655 0.5 0.5 0.5 0.5 0.5 0.5 0.5 0.9843903 
Car 0.5 3 0 337.44043 188.34134 443.85043 270.62338 0.5 0.5 0.5 0.5 0.5 0.5 0.5 0.98188615 
Car 0.5 3 0 565.69147 180.57797 601.0271 201.63675 0.5 0.5 0.5 0.5 0.5 0.5 0.5 0.9717217 
Car 0.5 3 0 463.06085 186.63637 513.32336 231.71043 0.5 0.5 0.5 0.5 0.5 0.5 0.5 0.96192265 
Car 0.5 3 0 615.28815 178.96645 636.60583 191.39957 0.5 0.5 0.5 0.5 0.5 0.5 0.5 0.90654576 
Car 0.5 3 0 689.25653 174.2567 747.44775 221.1763 0.5 0.5 0.5 0.5 0.5 0.5 0.5 0.87212324 
Car 0.5 3 0 592.08655 180.36757 612.5086 197.75627 0.5 0.5 0.5 0.5 0.5 0.5 0.5 0.8427996 
Car 0.5 3 0 600.7255 179.98425 614.1719 196.5631 0.5 0.5 0.5 0.5 0.5 0.5 0.5 0.7819608 
Car 0.5 3 0 686.212 176.8384 705.9756 207.55746 0.5 0.5 0.5 0.5 0.5 0.5 0.5 0.73919505 
