Car 0.5 3 0 1.6196494 218.53372 213.5291 374.09482 0.5 0.5 0.5 0.5 0.5 0.5 0.5 0.9973507 
Car 0.5 3 0 620.9017 185.72595 690.483 236.37119 0.5 0.5 0.5 0.5 0.5 0.5 0.5 0.9947463 
Car 0.5 3 0 757.1986 212.90541 1087.5204 372.81293 0.5 0.5 0.5 0.5 0.5 0.5 0.5 0.9896778 
Car 0.5 3 0 437.46957 186.60754 483.2283 217.15784 0.5 0.5 0.5 0.5 0.5 0.5 0.5 0.98213196 
Car 0.5 3 0 856.062 168.70956 995.6956 217.60536 0.5 0.5 0.5 0.5 0.5 0.5 0.5 0.96296656 
Car 0.5 3 0 779.0475 177.57358 880.48615 207.27554 0.5 0.5 0.5 0.5 0.5 0.5 0.5 0.9533443 
Car 0.5 3 0 471.84506 185.71283 496.8143 211.62828 0.5 0.5 0.5 0.5 0.5 0.5 0.5 0.94885457 
Car 0.5 3 0 492.94736 185.33301 516.2355 207.94759 0.5 0.5 0.5 0.5 0.5 0.5 0.5 0.90723455 
Car 0.5 3 0 536.88025 182.64569 559.63 196.2436 0.5 0.5 0.5 0.5 0.5 0.5 0.5 0.88808286 
Car 0.5 3 0 613.08527 183.98726 648.6943 222.44026 0.5 0.5 0.5 0.5 0.5 0.5 0.5 0.8538579 
Car 0.5 3 0 606.5492 180.2489 634.98816 199.90738 0.5 0.5 0.5 0.5 0.5 0.5 0.5 0.7767516 
Car 0.5 3 0 487.20062 185.5151 507.27554 209.52925 0.5 0.5 0.5 0.5 0.5 0.5 0.5 0.7362794 
Car 0.5 3 0 571.4128 181.66843 586.2765 191.22253 0.5 0.5 0.5 0.5 0.5 0.5 0.5 0.7283157 
Car 0.5 3 0 482.53098 186.02031 500.1734 211.08757 0.5 0.5 0.5 0.5 0.5 0.5 0.5 0.68516743 
Car 0.5 3 0 246.14922 191.1164 296.54163 211.98685 0.5 0.5 0.5 0.5 0.5 0.5 0.5 0.63325113 
Car 0.5 3 0 511.00485 182.09192 529.27496 193.6623 0.5 0.5 0.5 0.5 0.5 0.5 0.5 0.5711013 
Car 0.5 3 0 570.2125 183.83957 580.502 191.74394 0.5 0.5 0.5 0.5 0.5 0.5 0.5 0.54874843 
