Car 0.5 3 0 153.59026 201.4824 286.38187 261.586 0.5 0.5 0.5 0.5 0.5 0.5 0.5 0.9980261 
Car 0.5 3 0 5.5719404 196.12405 86.710594 236.74673 0.5 0.5 0.5 0.5 0.5 0.5 0.5 0.9938798 
Car 0.5 3 0 620.5625 183.23958 702.6428 231.53789 0.5 0.5 0.5 0.5 0.5 0.5 0.5 0.99147755 
Car 0.5 3 0 301.0282 176.4115 527.3623 291.66678 0.5 0.5 0.5 0.5 0.5 0.5 0.5 0.97672427 
Car 0.5 3 0 546.3104 181.84805 605.91473 222.97664 0.5 0.5 0.5 0.5 0.5 0.5 0.5 0.9607106 
Car 0.5 3 0 233.3767 183.85512 324.18558 235.49356 0.5 0.5 0.5 0.5 0.5 0.5 0.5 0.9507705 
Car 0.5 3 0 0.0 195.40385 39.303375 228.10669 0.5 0.5 0.5 0.5 0.5 0.5 0.5 0.9463813 
Car 0.5 3 0 692.52563 175.80699 789.3814 205.42413 0.5 0.5 0.5 0.5 0.5 0.5 0.5 0.9421025 
Car 0.5 3 0 241.17757 182.86357 324.17346 211.2975 0.5 0.5 0.5 0.5 0.5 0.5 0.5 0.6041487 
Car 0.5 3 0 522.43256 179.98398 547.7898 212.44629 0.5 0.5 0.5 0.5 0.5 0.5 0.5 0.5607662 
Car 0.5 3 0 530.2927 178.62581 548.7917 198.19492 0.5 0.5 0.5 0.5 0.5 0.5 0.5 0.54284453 
