Car 0.5 3 0 87.75183 192.33362 305.00714 303.69043 0.5 0.5 0.5 0.5 0.5 0.5 0.5 0.9962049 
Car 0.5 3 0 468.21448 177.41832 521.2469 200.21097 0.5 0.5 0.5 0.5 0.5 0.5 0.5 0.9924469 
Car 0.5 3 0 291.18195 185.35008 397.0614 258.99304 0.5 0.5 0.5 0.5 0.5 0.5 0.5 0.9906775 
Car 0.5 3 0 764.3115 192.974 1174.8875 372.9919 0.5 0.5 0.5 0.5 0.5 0.5 0.5 0.9884311 
Car 0.5 3 0 720.1388 182.58238 851.40247 282.26004 0.5 0.5 0.5 0.5 0.5 0.5 0.5 0.986986 
Car 0.5 3 0 582.9722 174.30223 632.8887 192.62471 0.5 0.5 0.5 0.5 0.5 0.5 0.5 0.970791 
Car 0.5 3 0 407.84714 180.47076 438.8184 195.33826 0.5 0.5 0.5 0.5 0.5 0.5 0.5 0.9009824 
Pedestrian 0.5 3 0 658.69745 172.20505 674.8698 204.38031 0.5 0.5 0.5 0.5 0.5 0.5 0.5 0.86597323 
Car 0.5 3 0 631.38715 165.15614 666.6243 187.81247 0.5 0.5 0.5 0.5 0.5 0.5 0.5 0.6587312 
Car 0.5 3 0 263.9674 175.70274 310.80563 196.20145 0.5 0.5 0.5 0.5 0.5 0.5 0.5 0.5442372 
