Car 0.5 3 0 417.8267 186.01315 498.3137 234.36136 0.5 0.5 0.5 0.5 0.5 0.5 0.5 0.99745125 
Car 0.5 3 0 825.11926 210.42744 1189.6769 375.0 0.5 0.5 0.5 0.5 0.5 0.5 0.5 0.99657625 
Car 0.5 3 0 745.73346 182.83177 886.52814 280.01138 0.5 0.5 0.5 0.5 0.5 0.5 0.5 0.9861633 
Car 0.5 3 0 716.7885 184.30191 777.7522 246.2095 0.5 0.5 0.5 0.5 0.5 0.5 0.5 0.9836691 
Car 0.5 3 0 546.5503 178.93413 583.7042 200.69928 0.5 0.5 0.5 0.5 0.5 0.5 0.5 0.96944606 
Car 0.5 3 0 680.1445 178.72398 708.82404 213.94202 0.5 0.5 0.5 0.5 0.5 0.5 0.5 0.96802884 
Car 0.5 3 0 482.45877 184.90111 522.79315 221.70169 0.5 0.5 0.5 0.5 0.5 0.5 0.5 0.96213347 
Car 0.5 3 0 696.951 182.457 748.37054 225.92998 0.5 0.5 0.5 0.5 0.5 0.5 0.5 0.95765895 
Car 0.5 3 0 515.4763 184.61153 541.9745 213.19154 0.5 0.5 0.5 0.5 0.5 0.5 0.5 0.9183229 
Car 0.5 3 0 675.115 178.21558 694.24225 211.51288 0.5 0.5 0.5 0.5 0.5 0.5 0.5 0.78306687 
Car 0.5 3 0 938.33813 175.51187 991.2201 203.6946 0.5 0.5 0.5 0.5 0.5 0.5 0.5 0.7640095 
Car 0.5 3 0 685.25226 180.25339 730.2754 219.46387 0.5 0.5 0.5 0.5 0.5 0.5 0.5 0.72898746 
Car 0.5 3 0 504.8086 183.98265 535.8186 217.19432 0.5 0.5 0.5 0.5 0.5 0.5 0.5 0.6419787 
Car 0.5 3 0 566.81134 178.32407 584.65814 198.14441 0.5 0.5 0.5 0.5 0.5 0.5 0.5 0.6265895 
Car 0.5 3 0 575.31714 179.37408 587.61847 197.16685 0.5 0.5 0.5 0.5 0.5 0.5 0.5 0.59198594 
