Car 0.5 3 0 706.9324 186.29393 814.4794 260.6197 0.5 0.5 0.5 0.5 0.5 0.5 0.5 0.99773204 
Car 0.5 3 0 468.4277 181.15906 524.12915 218.71425 0.5 0.5 0.5 0.5 0.5 0.5 0.5 0.99423164 
Car 0.5 3 0 1076.7482 161.1798 1241.1257 240.14937 0.5 0.5 0.5 0.5 0.5 0.5 0.5 0.9902715 
Car 0.5 3 0 686.1147 179.46844 752.53516 233.42879 0.5 0.5 0.5 0.5 0.5 0.5 0.5 0.9857151 
Car 0.5 3 0 510.70914 179.02107 544.2631 211.7622 0.5 0.5 0.5 0.5 0.5 0.5 0.5 0.97787136 
Car 0.5 3 0 916.7923 173.17848 1074.2279 213.23221 0.5 0.5 0.5 0.5 0.5 0.5 0.5 0.9677346 
Car 0.5 3 0 537.84344 179.72902 567.4724 204.92674 0.5 0.5 0.5 0.5 0.5 0.5 0.5 0.9656447 
Car 0.5 3 0 671.53796 173.88469 699.66235 198.15587 0.5 0.5 0.5 0.5 0.5 0.5 0.5 0.9176901 
Car 0.5 3 0 628.6687 176.91037 641.96674 185.96495 0.5 0.5 0.5 0.5 0.5 0.5 0.5 0.86365956 
Car 0.5 3 0 592.5588 178.61476 609.4602 191.30504 0.5 0.5 0.5 0.5 0.5 0.5 0.5 0.79446626 
Car 0.5 3 0 534.3218 182.48114 555.7718 207.49394 0.5 0.5 0.5 0.5 0.5 0.5 0.5 0.7745802 
Car 0.5 3 0 1031.0062 172.95363 1142.8225 217.09276 0.5 0.5 0.5 0.5 0.5 0.5 0.5 0.7258289 
Car 0.5 3 0 913.3039 179.91049 969.7716 207.6369 0.5 0.5 0.5 0.5 0.5 0.5 0.5 0.57373387 
Car 0.5 3 0 609.6426 176.89198 623.758 189.42366 0.5 0.5 0.5 0.5 0.5 0.5 0.5 0.5703249 
Car 0.5 3 0 594.3037 175.98471 621.8557 191.3434 0.5 0.5 0.5 0.5 0.5 0.5 0.5 0.5456256 
