Car 0.5 3 0 0.71476555 209.55087 236.88054 344.70776 0.5 0.5 0.5 0.5 0.5 0.5 0.5 0.99747074 
Car 0.5 3 0 687.2167 179.24474 827.74493 273.58084 0.5 0.5 0.5 0.5 0.5 0.5 0.5 0.99317944 
Car 0.5 3 0 228.01927 199.00206 368.7961 276.1966 0.5 0.5 0.5 0.5 0.5 0.5 0.5 0.99291587 
Car 0.5 3 0 548.7722 177.80989 575.4898 198.96028 0.5 0.5 0.5 0.5 0.5 0.5 0.5 0.98311484 
Car 0.5 3 0 516.3809 179.44911 542.57043 200.23372 0.5 0.5 0.5 0.5 0.5 0.5 0.5 0.96203274 
Car 0.5 3 0 631.1816 176.1798 654.65106 194.84135 0.5 0.5 0.5 0.5 0.5 0.5 0.5 0.9541626 
Car 0.5 3 0 441.32614 181.18245 480.98645 221.35619 0.5 0.5 0.5 0.5 0.5 0.5 0.5 0.942729 
Car 0.5 3 0 371.07904 178.6769 453.62854 235.33511 0.5 0.5 0.5 0.5 0.5 0.5 0.5 0.93312967 
Car 0.5 3 0 837.2443 165.05025 920.3892 183.90584 0.5 0.5 0.5 0.5 0.5 0.5 0.5 0.87677443 
Car 0.5 3 0 678.82434 166.4123 751.3943 192.79938 0.5 0.5 0.5 0.5 0.5 0.5 0.5 0.86441 
Car 0.5 3 0 477.33856 181.3872 511.32907 213.76955 0.5 0.5 0.5 0.5 0.5 0.5 0.5 0.8577338 
Car 0.5 3 0 596.598 174.25143 608.93066 185.7107 0.5 0.5 0.5 0.5 0.5 0.5 0.5 0.6297612 
Car 0.5 3 0 677.1788 171.29466 704.46027 190.27652 0.5 0.5 0.5 0.5 0.5 0.5 0.5 0.5362665 
