Car 0.5 3 0 901.6667 163.9887 1178.8547 251.70164 0.5 0.5 0.5 0.5 0.5 0.5 0.5 0.99625504 
Car 0.5 3 0 0.0 230.1636 162.01515 371.46524 0.5 0.5 0.5 0.5 0.5 0.5 0.5 0.9953961 
Car 0.5 3 0 159.2047 200.1667 333.12347 287.9824 0.5 0.5 0.5 0.5 0.5 0.5 0.5 0.9952845 
Car 0.5 3 0 658.1814 181.39085 729.2834 233.78944 0.5 0.5 0.5 0.5 0.5 0.5 0.5 0.98499227 
Car 0.5 3 0 452.03772 184.3508 500.30716 215.1827 0.5 0.5 0.5 0.5 0.5 0.5 0.5 0.9802198 
Car 0.5 3 0 780.6796 162.61673 911.1942 218.72868 0.5 0.5 0.5 0.5 0.5 0.5 0.5 0.9745929 
Car 0.5 3 0 846.0228 151.52538 1050.1212 236.80843 0.5 0.5 0.5 0.5 0.5 0.5 0.5 0.94683534 
Car 0.5 3 0 487.97263 183.4533 510.73022 209.20534 0.5 0.5 0.5 0.5 0.5 0.5 0.5 0.94542134 
Car 0.5 3 0 376.2102 187.09003 449.1674 234.82507 0.5 0.5 0.5 0.5 0.5 0.5 0.5 0.9340447 
Car 0.5 3 0 1219.1046 137.17267 1241.1014 185.26831 0.5 0.5 0.5 0.5 0.5 0.5 0.5 0.9190178 
Car 0.5 3 0 511.43564 181.94214 530.519 204.03046 0.5 0.5 0.5 0.5 0.5 0.5 0.5 0.85427094 
Car 0.5 3 0 598.4274 175.03159 613.7104 187.86873 0.5 0.5 0.5 0.5 0.5 0.5 0.5 0.8294415 
Car 0.5 3 0 338.62634 202.8291 406.2374 244.59201 0.5 0.5 0.5 0.5 0.5 0.5 0.5 0.82238495 
Car 0.5 3 0 1163.6353 142.62686 1217.3483 188.53651 0.5 0.5 0.5 0.5 0.5 0.5 0.5 0.78735304 
Car 0.5 3 0 522.47644 180.60359 541.1568 198.59619 0.5 0.5 0.5 0.5 0.5 0.5 0.5 0.77301085 
Car 0.5 3 0 700.2017 168.05312 767.0071 190.24591 0.5 0.5 0.5 0.5 0.5 0.5 0.5 0.6161906 
Car 0.5 3 0 1062.2307 147.89615 1178.2686 188.95518 0.5 0.5 0.5 0.5 0.5 0.5 0.5 0.54218966 
Car 0.5 3 0 621.52515 176.43948 662.96893 198.46202 0.5 0.5 0.5 0.5 0.5 0.5 0.5 0.53036946 
