Car 0.5 3 0 943.3675 249.40224 1241.086 372.67093 0.5 0.5 0.5 0.5 0.5 0.5 0.5 0.99651426 
Car 0.5 3 0 365.83865 186.35997 472.7461 254.53009 0.5 0.5 0.5 0.5 0.5 0.5 0.5 0.9962962 
Car 0.5 3 0 773.0157 195.02412 1032.3259 331.63248 0.5 0.5 0.5 0.5 0.5 0.5 0.5 0.9950222 
Car 0.5 3 0 441.48523 181.65634 507.49927 235.86751 0.5 0.5 0.5 0.5 0.5 0.5 0.5 0.96506417 
Car 0.5 3 0 582.434 180.18953 618.3426 198.51836 0.5 0.5 0.5 0.5 0.5 0.5 0.5 0.9615389 
Car 0.5 3 0 511.6792 183.8851 548.33057 219.69247 0.5 0.5 0.5 0.5 0.5 0.5 0.5 0.9614955 
Car 0.5 3 0 499.25064 185.74017 539.71747 224.06111 0.5 0.5 0.5 0.5 0.5 0.5 0.5 0.9512999 
Car 0.5 3 0 270.83966 178.47597 341.96515 207.85548 0.5 0.5 0.5 0.5 0.5 0.5 0.5 0.94781554 
Car 0.5 3 0 69.716644 192.1417 198.06917 239.11229 0.5 0.5 0.5 0.5 0.5 0.5 0.5 0.8570534 
Car 0.5 3 0 685.50543 176.13857 725.79114 210.31888 0.5 0.5 0.5 0.5 0.5 0.5 0.5 0.8432644 
Car 0.5 3 0 626.58606 180.66289 641.36945 190.68555 0.5 0.5 0.5 0.5 0.5 0.5 0.5 0.83152616 
Car 0.5 3 0 604.2955 180.04497 622.434 195.4547 0.5 0.5 0.5 0.5 0.5 0.5 0.5 0.6988871 
Car 0.5 3 0 612.943 180.96419 626.0901 194.35753 0.5 0.5 0.5 0.5 0.5 0.5 0.5 0.57471734 
