Car 0.5 3 0 833.0017 195.90497 1236.7983 373.13605 0.5 0.5 0.5 0.5 0.5 0.5 0.5 0.99810636 
Car 0.5 3 0 506.66016 178.99323 547.63 207.04509 0.5 0.5 0.5 0.5 0.5 0.5 0.5 0.9936609 
Car 0.5 3 0 324.1208 180.54633 409.55612 244.58034 0.5 0.5 0.5 0.5 0.5 0.5 0.5 0.9881642 
Car 0.5 3 0 682.59546 163.69131 767.60504 192.2847 0.5 0.5 0.5 0.5 0.5 0.5 0.5 0.9778284 
Car 0.5 3 0 541.0797 177.04587 561.6556 198.1537 0.5 0.5 0.5 0.5 0.5 0.5 0.5 0.97324187 
Car 0.5 3 0 138.15395 179.53752 333.98233 288.2151 0.5 0.5 0.5 0.5 0.5 0.5 0.5 0.9710117 
Car 0.5 3 0 480.21216 179.69765 510.3405 204.27338 0.5 0.5 0.5 0.5 0.5 0.5 0.5 0.96726525 
Car 0.5 3 0 624.16077 174.62283 650.1274 194.94478 0.5 0.5 0.5 0.5 0.5 0.5 0.5 0.9545844 
Car 0.5 3 0 412.72333 183.25722 470.02972 218.99643 0.5 0.5 0.5 0.5 0.5 0.5 0.5 0.93419534 
Car 0.5 3 0 0.4293507 255.97128 27.65908 343.20737 0.5 0.5 0.5 0.5 0.5 0.5 0.5 0.9203492 
Car 0.5 3 0 1067.5785 149.41933 1240.3619 195.44424 0.5 0.5 0.5 0.5 0.5 0.5 0.5 0.8156631 
Car 0.5 3 0 853.3904 151.52278 886.71783 173.16948 0.5 0.5 0.5 0.5 0.5 0.5 0.5 0.7922895 
Car 0.5 3 0 583.75665 174.42438 596.7519 185.14853 0.5 0.5 0.5 0.5 0.5 0.5 0.5 0.6402241 
Car 0.5 3 0 670.4694 167.00291 693.27246 182.5627 0.5 0.5 0.5 0.5 0.5 0.5 0.5 0.5802801 
Car 0.5 3 0 812.00543 159.1305 846.9179 176.24174 0.5 0.5 0.5 0.5 0.5 0.5 0.5 0.51628345 
