Car 0.5 3 0 0.0 191.34283 228.6061 371.47983 0.5 0.5 0.5 0.5 0.5 0.5 0.5 0.99488384 
Car 0.5 3 0 374.70917 191.28917 451.32062 259.05435 0.5 0.5 0.5 0.5 0.5 0.5 0.5 0.9918024 
Car 0.5 3 0 201.63684 183.91826 386.51492 302.03528 0.5 0.5 0.5 0.5 0.5 0.5 0.5 0.98812056 
Car 0.5 3 0 427.92236 183.19029 491.6065 237.51004 0.5 0.5 0.5 0.5 0.5 0.5 0.5 0.9878414 
Car 0.5 3 0 554.4004 176.92409 590.8574 199.17389 0.5 0.5 0.5 0.5 0.5 0.5 0.5 0.9871651 
Car 0.5 3 0 50.265236 173.75052 172.7204 200.35753 0.5 0.5 0.5 0.5 0.5 0.5 0.5 0.97287273 
Car 0.5 3 0 609.1197 174.57668 633.881 188.70486 0.5 0.5 0.5 0.5 0.5 0.5 0.5 0.9244062 
Car 0.5 3 0 687.6938 174.18846 711.8005 204.28482 0.5 0.5 0.5 0.5 0.5 0.5 0.5 0.9168598 
Car 0.5 3 0 585.2221 176.91147 602.5387 195.43637 0.5 0.5 0.5 0.5 0.5 0.5 0.5 0.90439516 
Car 0.5 3 0 700.04224 170.64204 764.7239 225.50656 0.5 0.5 0.5 0.5 0.5 0.5 0.5 0.82497793 
Car 0.5 3 0 592.8659 177.32307 606.41315 194.00775 0.5 0.5 0.5 0.5 0.5 0.5 0.5 0.6843071 
