Car 0.5 3 0 768.31104 184.93376 1242.0 371.20288 0.5 0.5 0.5 0.5 0.5 0.5 0.5 0.99620396 
Car 0.5 3 0 517.9426 179.59946 556.1959 205.73924 0.5 0.5 0.5 0.5 0.5 0.5 0.5 0.9899929 
Car 0.5 3 0 361.11856 180.73177 431.06445 236.71072 0.5 0.5 0.5 0.5 0.5 0.5 0.5 0.9898198 
Car 0.5 3 0 1.0630991 219.48439 166.3885 347.9077 0.5 0.5 0.5 0.5 0.5 0.5 0.5 0.9897321 
Car 0.5 3 0 683.7804 167.26736 763.412 192.28021 0.5 0.5 0.5 0.5 0.5 0.5 0.5 0.9769787 
Car 0.5 3 0 626.7681 174.87283 652.9658 195.55078 0.5 0.5 0.5 0.5 0.5 0.5 0.5 0.97589546 
Car 0.5 3 0 220.69182 179.13876 376.13846 269.19302 0.5 0.5 0.5 0.5 0.5 0.5 0.5 0.9694901 
Car 0.5 3 0 488.25757 179.82779 524.3142 203.45445 0.5 0.5 0.5 0.5 0.5 0.5 0.5 0.9658784 
Car 0.5 3 0 420.22537 180.80247 481.33954 222.07072 0.5 0.5 0.5 0.5 0.5 0.5 0.5 0.92676616 
Car 0.5 3 0 552.1254 178.08398 568.4348 196.28223 0.5 0.5 0.5 0.5 0.5 0.5 0.5 0.90067106 
Car 0.5 3 0 1006.296 156.55412 1168.2914 187.52032 0.5 0.5 0.5 0.5 0.5 0.5 0.5 0.8806652 
Car 0.5 3 0 669.44293 166.93674 693.11414 181.7945 0.5 0.5 0.5 0.5 0.5 0.5 0.5 0.75327885 
Car 0.5 3 0 772.96326 156.29854 806.4308 176.94203 0.5 0.5 0.5 0.5 0.5 0.5 0.5 0.6408918 
Car 0.5 3 0 586.993 174.08054 599.7652 185.34323 0.5 0.5 0.5 0.5 0.5 0.5 0.5 0.5620463 
