Car 0.5 3 0 822.5499 196.94199 1242.0 369.7162 0.5 0.5 0.5 0.5 0.5 0.5 0.5 0.997556 
Car 0.5 3 0 697.2394 180.91644 828.6682 270.68933 0.5 0.5 0.5 0.5 0.5 0.5 0.5 0.9954704 
Car 0.5 3 0 318.10617 187.30281 420.89807 252.29471 0.5 0.5 0.5 0.5 0.5 0.5 0.5 0.9948802 
Car 0.5 3 0 405.09903 187.29752 456.55685 233.255 0.5 0.5 0.5 0.5 0.5 0.5 0.5 0.9900573 
Car 0.5 3 0 670.9216 175.82791 744.2746 233.81496 0.5 0.5 0.5 0.5 0.5 0.5 0.5 0.97588027 
Car 0.5 3 0 1.4294565 196.22223 79.25646 251.61435 0.5 0.5 0.5 0.5 0.5 0.5 0.5 0.96501464 
Pedestrian 0.5 3 0 723.21686 159.84238 742.5243 179.40955 0.5 0.5 0.5 0.5 0.5 0.5 0.5 0.8670502 
Car 0.5 3 0 78.60124 191.38506 151.08276 231.09067 0.5 0.5 0.5 0.5 0.5 0.5 0.5 0.82563114 
Car 0.5 3 0 160.51959 193.57103 217.6767 208.32426 0.5 0.5 0.5 0.5 0.5 0.5 0.5 0.680852 
Car 0.5 3 0 9.873297 191.72028 162.09785 246.09283 0.5 0.5 0.5 0.5 0.5 0.5 0.5 0.6330755 
