Car 0.5 3 0 743.69 180.765 1140.9669 369.88712 0.5 0.5 0.5 0.5 0.5 0.5 0.5 0.9972971 
Car 0.5 3 0 367.3815 194.48695 446.04492 244.59448 0.5 0.5 0.5 0.5 0.5 0.5 0.5 0.992424 
Car 0.5 3 0 693.2801 183.84227 801.8299 272.8186 0.5 0.5 0.5 0.5 0.5 0.5 0.5 0.99111664 
Car 0.5 3 0 669.9256 183.43332 721.1735 239.48419 0.5 0.5 0.5 0.5 0.5 0.5 0.5 0.9905753 
Car 0.5 3 0 572.7308 179.48033 592.9425 196.44894 0.5 0.5 0.5 0.5 0.5 0.5 0.5 0.9077084 
Car 0.5 3 0 520.36646 182.75793 543.6593 204.86772 0.5 0.5 0.5 0.5 0.5 0.5 0.5 0.90407896 
Car 0.5 3 0 626.4694 180.39156 662.6255 202.60263 0.5 0.5 0.5 0.5 0.5 0.5 0.5 0.8965857 
Car 0.5 3 0 486.09964 188.33128 522.61316 210.89972 0.5 0.5 0.5 0.5 0.5 0.5 0.5 0.8939665 
Car 0.5 3 0 1075.1328 141.92642 1149.0846 169.12021 0.5 0.5 0.5 0.5 0.5 0.5 0.5 0.6338646 
Car 0.5 3 0 1134.7983 141.75963 1160.234 161.55594 0.5 0.5 0.5 0.5 0.5 0.5 0.5 0.57217777 
Car 0.5 3 0 548.3808 185.18773 565.67145 198.1583 0.5 0.5 0.5 0.5 0.5 0.5 0.5 0.5224397 
