Car 0.5 3 0 715.06464 182.69821 904.8121 303.83176 0.5 0.5 0.5 0.5 0.5 0.5 0.5 0.9978351 
Car 0.5 3 0 254.1727 190.48532 384.65866 270.56442 0.5 0.5 0.5 0.5 0.5 0.5 0.5 0.99610126 
Car 0.5 3 0 683.6409 179.90167 774.23047 247.72249 0.5 0.5 0.5 0.5 0.5 0.5 0.5 0.9920655 
Car 0.5 3 0 372.98608 189.65942 434.59375 244.25851 0.5 0.5 0.5 0.5 0.5 0.5 0.5 0.99118805 
Pedestrian 0.5 3 0 737.16327 159.62474 757.3134 181.48683 0.5 0.5 0.5 0.5 0.5 0.5 0.5 0.9186217 
Car 0.5 3 0 0.20554219 192.461 57.72211 235.46103 0.5 0.5 0.5 0.5 0.5 0.5 0.5 0.794306 
Car 0.5 3 0 1055.6278 329.78387 1240.0034 373.80194 0.5 0.5 0.5 0.5 0.5 0.5 0.5 0.77614397 
Car 0.5 3 0 679.0108 180.59494 733.6398 243.50041 0.5 0.5 0.5 0.5 0.5 0.5 0.5 0.6979515 
Car 0.5 3 0 104.93822 199.48698 169.75044 215.84499 0.5 0.5 0.5 0.5 0.5 0.5 0.5 0.6404628 
Pedestrian 0.5 3 0 758.1787 160.31 774.5151 181.67303 0.5 0.5 0.5 0.5 0.5 0.5 0.5 0.6341163 
