Car 0.5 3 0 35.858562 206.05511 180.98492 268.03754 0.5 0.5 0.5 0.5 0.5 0.5 0.5 0.9977919 
Car 0.5 3 0 522.4729 185.4825 597.36755 230.33295 0.5 0.5 0.5 0.5 0.5 0.5 0.5 0.99119544 
Car 0.5 3 0 201.79225 180.05417 430.28085 290.21664 0.5 0.5 0.5 0.5 0.5 0.5 0.5 0.9839399 
Car 0.5 3 0 123.78816 187.52486 216.23778 226.84163 0.5 0.5 0.5 0.5 0.5 0.5 0.5 0.97404546 
Car 0.5 3 0 450.0211 184.38457 502.80142 224.23729 0.5 0.5 0.5 0.5 0.5 0.5 0.5 0.96503854 
Car 0.5 3 0 584.37274 177.1532 682.44 206.70609 0.5 0.5 0.5 0.5 0.5 0.5 0.5 0.9293565 
Car 0.5 3 0 493.95148 192.02966 531.655 225.32088 0.5 0.5 0.5 0.5 0.5 0.5 0.5 0.8256678 
Pedestrian 0.5 3 0 70.53657 187.42589 87.58861 204.8642 0.5 0.5 0.5 0.5 0.5 0.5 0.5 0.6995666 
Car 0.5 3 0 30.954811 201.24777 82.9774 216.05867 0.5 0.5 0.5 0.5 0.5 0.5 0.5 0.65763956 
Car 0.5 3 0 27.476917 192.5791 140.05122 217.71747 0.5 0.5 0.5 0.5 0.5 0.5 0.5 0.65517426 
Car 0.5 3 0 429.20898 181.1037 454.8454 215.26263 0.5 0.5 0.5 0.5 0.5 0.5 0.5 0.57441026 
