Car 0.5 3 0 1085.7986 138.04216 1241.6232 289.57706 0.5 0.5 0.5 0.5 0.5 0.5 0.5 0.9962351 
Car 0.5 3 0 891.0998 151.23726 1154.2838 233.90715 0.5 0.5 0.5 0.5 0.5 0.5 0.5 0.9953442 
Car 0.5 3 0 0.45880768 238.18124 40.928143 370.91278 0.5 0.5 0.5 0.5 0.5 0.5 0.5 0.99434125 
Car 0.5 3 0 413.10114 184.5562 481.87314 223.35101 0.5 0.5 0.5 0.5 0.5 0.5 0.5 0.99326384 
Car 0.5 3 0 699.45764 181.66338 838.4635 277.37686 0.5 0.5 0.5 0.5 0.5 0.5 0.5 0.99249905 
Car 0.5 3 0 465.77966 182.75105 497.9975 214.86922 0.5 0.5 0.5 0.5 0.5 0.5 0.5 0.97613055 
Car 0.5 3 0 518.07733 178.73083 542.6821 200.60718 0.5 0.5 0.5 0.5 0.5 0.5 0.5 0.9440657 
Car 0.5 3 0 501.59018 181.05807 526.91425 206.09094 0.5 0.5 0.5 0.5 0.5 0.5 0.5 0.9107713 
Car 0.5 3 0 263.31042 185.38536 394.25754 263.14362 0.5 0.5 0.5 0.5 0.5 0.5 0.5 0.9005893 
Car 0.5 3 0 726.053 162.17397 802.93744 186.91612 0.5 0.5 0.5 0.5 0.5 0.5 0.5 0.8255542 
Car 0.5 3 0 489.79297 181.33586 512.20447 210.32927 0.5 0.5 0.5 0.5 0.5 0.5 0.5 0.7918422 
Car 0.5 3 0 1139.6735 143.6119 1203.0023 179.11938 0.5 0.5 0.5 0.5 0.5 0.5 0.5 0.78837734 
Car 0.5 3 0 609.4031 172.75842 626.4712 186.17043 0.5 0.5 0.5 0.5 0.5 0.5 0.5 0.6961884 
Car 0.5 3 0 163.10072 212.16084 299.63544 285.42957 0.5 0.5 0.5 0.5 0.5 0.5 0.5 0.6494528 
Car 0.5 3 0 630.57367 173.26056 665.5679 194.86713 0.5 0.5 0.5 0.5 0.5 0.5 0.5 0.55851424 
