Car 0.5 3 0 495.2685 178.34496 547.82965 211.22406 0.5 0.5 0.5 0.5 0.5 0.5 0.5 0.9949669 
Car 0.5 3 0 2.4101212 197.95734 239.19281 371.9902 0.5 0.5 0.5 0.5 0.5 0.5 0.5 0.9929357 
Car 0.5 3 0 723.30896 184.18268 779.0412 242.03416 0.5 0.5 0.5 0.5 0.5 0.5 0.5 0.99118114 
Car 0.5 3 0 698.82666 175.80293 766.6001 227.06053 0.5 0.5 0.5 0.5 0.5 0.5 0.5 0.98303795 
Car 0.5 3 0 677.1817 173.65506 705.21796 202.43535 0.5 0.5 0.5 0.5 0.5 0.5 0.5 0.9505289 
Car 0.5 3 0 576.14014 174.0516 606.2106 191.78084 0.5 0.5 0.5 0.5 0.5 0.5 0.5 0.94929266 
Car 0.5 3 0 539.0494 176.92871 559.7294 204.37332 0.5 0.5 0.5 0.5 0.5 0.5 0.5 0.9415627 
Car 0.5 3 0 555.35486 177.39662 572.5486 200.62813 0.5 0.5 0.5 0.5 0.5 0.5 0.5 0.92515826 
Car 0.5 3 0 629.8215 171.16734 658.40424 183.96489 0.5 0.5 0.5 0.5 0.5 0.5 0.5 0.91925234 
Car 0.5 3 0 694.0801 176.35423 718.30505 212.6067 0.5 0.5 0.5 0.5 0.5 0.5 0.5 0.9110356 
Car 0.5 3 0 752.5304 162.75131 959.9112 298.36563 0.5 0.5 0.5 0.5 0.5 0.5 0.5 0.7084822 
