Car 0.5 3 0 694.03827 179.83072 846.8743 284.15106 0.5 0.5 0.5 0.5 0.5 0.5 0.5 0.99629056 
Car 0.5 3 0 0.0 212.41852 199.74352 361.31628 0.5 0.5 0.5 0.5 0.5 0.5 0.5 0.9942473 
Car 0.5 3 0 546.15924 177.93652 573.3975 199.2859 0.5 0.5 0.5 0.5 0.5 0.5 0.5 0.9858385 
Car 0.5 3 0 184.91634 201.20998 357.64926 284.26855 0.5 0.5 0.5 0.5 0.5 0.5 0.5 0.9766385 
Car 0.5 3 0 632.4028 175.98337 655.6691 195.01285 0.5 0.5 0.5 0.5 0.5 0.5 0.5 0.96805245 
Car 0.5 3 0 513.2675 180.41151 541.99445 201.3323 0.5 0.5 0.5 0.5 0.5 0.5 0.5 0.9646956 
Car 0.5 3 0 359.9277 179.26375 443.80118 238.84474 0.5 0.5 0.5 0.5 0.5 0.5 0.5 0.96000147 
Car 0.5 3 0 433.61127 180.17151 479.1066 223.24345 0.5 0.5 0.5 0.5 0.5 0.5 0.5 0.9477173 
Car 0.5 3 0 478.52277 182.30867 510.13495 212.27858 0.5 0.5 0.5 0.5 0.5 0.5 0.5 0.93596065 
Car 0.5 3 0 682.435 166.0797 753.56885 193.37419 0.5 0.5 0.5 0.5 0.5 0.5 0.5 0.8532109 
Car 0.5 3 0 870.8228 165.74165 931.2735 183.32886 0.5 0.5 0.5 0.5 0.5 0.5 0.5 0.78395385 
Car 0.5 3 0 678.40857 170.3498 710.82153 190.5939 0.5 0.5 0.5 0.5 0.5 0.5 0.5 0.6441114 
Car 0.5 3 0 596.5901 174.84288 608.9476 185.71149 0.5 0.5 0.5 0.5 0.5 0.5 0.5 0.58583415 
