Car 0.5 3 0 957.119 161.70107 1242.0 268.05157 0.5 0.5 0.5 0.5 0.5 0.5 0.5 0.9986975 
Car 0.5 3 0 54.48412 203.07265 285.53052 310.76804 0.5 0.5 0.5 0.5 0.5 0.5 0.5 0.9971795 
Car 0.5 3 0 666.0592 182.65192 749.13586 242.47087 0.5 0.5 0.5 0.5 0.5 0.5 0.5 0.99560225 
Car 0.5 3 0 443.5311 184.0239 496.01477 215.85948 0.5 0.5 0.5 0.5 0.5 0.5 0.5 0.9903453 
Car 0.5 3 0 924.94775 151.66135 1145.8801 253.27713 0.5 0.5 0.5 0.5 0.5 0.5 0.5 0.9769449 
Car 0.5 3 0 800.8929 159.37572 963.1123 221.38869 0.5 0.5 0.5 0.5 0.5 0.5 0.5 0.9717097 
Car 0.5 3 0 701.2668 165.31648 776.45557 189.68237 0.5 0.5 0.5 0.5 0.5 0.5 0.5 0.9401412 
Car 0.5 3 0 483.19858 183.18016 508.73627 209.77283 0.5 0.5 0.5 0.5 0.5 0.5 0.5 0.9289465 
Car 0.5 3 0 351.38623 185.37683 437.094 241.36638 0.5 0.5 0.5 0.5 0.5 0.5 0.5 0.87316126 
Car 0.5 3 0 510.06253 181.71733 529.3499 203.95712 0.5 0.5 0.5 0.5 0.5 0.5 0.5 0.87166435 
Car 0.5 3 0 520.5906 179.81201 539.2404 199.44157 0.5 0.5 0.5 0.5 0.5 0.5 0.5 0.8356222 
Car 0.5 3 0 600.4722 174.47078 616.54584 187.78372 0.5 0.5 0.5 0.5 0.5 0.5 0.5 0.7932493 
Car 0.5 3 0 308.48013 203.13731 384.1365 254.53716 0.5 0.5 0.5 0.5 0.5 0.5 0.5 0.7412757 
