Car 0.5 3 0 692.4154 169.63591 794.56226 203.10237 0.5 0.5 0.5 0.5 0.5 0.5 0.5 0.99601644 
Car 0.5 3 0 52.514618 198.85382 283.6802 310.74585 0.5 0.5 0.5 0.5 0.5 0.5 0.5 0.99220943 
Car 0.5 3 0 506.77664 186.63293 537.84283 215.69254 0.5 0.5 0.5 0.5 0.5 0.5 0.5 0.98936915 
Car 0.5 3 0 453.49567 187.6887 516.5016 230.33655 0.5 0.5 0.5 0.5 0.5 0.5 0.5 0.9893076 
Car 0.5 3 0 619.4395 180.80904 652.8059 206.75014 0.5 0.5 0.5 0.5 0.5 0.5 0.5 0.9774504 
Car 0.5 3 0 0.16407974 220.39462 38.424072 370.6195 0.5 0.5 0.5 0.5 0.5 0.5 0.5 0.97322714 
Car 0.5 3 0 1138.2024 156.3352 1239.7789 206.8948 0.5 0.5 0.5 0.5 0.5 0.5 0.5 0.95847446 
Car 0.5 3 0 446.90582 190.56923 471.57074 218.16833 0.5 0.5 0.5 0.5 0.5 0.5 0.5 0.9342897 
Car 0.5 3 0 339.98648 195.61922 416.9004 245.21924 0.5 0.5 0.5 0.5 0.5 0.5 0.5 0.92627656 
Car 0.5 3 0 783.19727 164.61 830.3325 182.5785 0.5 0.5 0.5 0.5 0.5 0.5 0.5 0.88060415 
Car 0.5 3 0 827.2062 162.55185 864.4582 181.09798 0.5 0.5 0.5 0.5 0.5 0.5 0.5 0.77932155 
Car 0.5 3 0 881.1164 150.85645 937.813 179.11658 0.5 0.5 0.5 0.5 0.5 0.5 0.5 0.69599974 
Car 0.5 3 0 576.70123 179.1242 590.34467 191.95251 0.5 0.5 0.5 0.5 0.5 0.5 0.5 0.6718645 
Car 0.5 3 0 686.51404 172.79448 715.01306 195.70575 0.5 0.5 0.5 0.5 0.5 0.5 0.5 0.57429874 
