Car 0.5 3 0 748.0651 184.82854 1109.0996 370.1237 0.5 0.5 0.5 0.5 0.5 0.5 0.5 0.995587 
Car 0.5 3 0 522.6685 179.55293 558.55774 204.86652 0.5 0.5 0.5 0.5 0.5 0.5 0.5 0.9941303 
Car 0.5 3 0 375.79727 180.62314 440.56332 233.6838 0.5 0.5 0.5 0.5 0.5 0.5 0.5 0.9893198 
Car 0.5 3 0 254.49835 179.61842 388.25067 262.9463 0.5 0.5 0.5 0.5 0.5 0.5 0.5 0.98026717 
Car 0.5 3 0 494.9527 179.69234 530.14996 204.3849 0.5 0.5 0.5 0.5 0.5 0.5 0.5 0.9707738 
Car 0.5 3 0 683.3804 167.5433 754.20435 191.56021 0.5 0.5 0.5 0.5 0.5 0.5 0.5 0.9683509 
Car 0.5 3 0 433.42377 181.47644 488.38388 220.22275 0.5 0.5 0.5 0.5 0.5 0.5 0.5 0.96080184 
Car 0.5 3 0 627.74567 175.55775 653.56256 195.66464 0.5 0.5 0.5 0.5 0.5 0.5 0.5 0.9578672 
Car 0.5 3 0 0.0 213.96025 211.10435 360.30472 0.5 0.5 0.5 0.5 0.5 0.5 0.5 0.940872 
Car 0.5 3 0 556.6739 179.47816 572.9153 195.45952 0.5 0.5 0.5 0.5 0.5 0.5 0.5 0.9281605 
Car 0.5 3 0 974.6815 158.5035 1100.1177 183.25858 0.5 0.5 0.5 0.5 0.5 0.5 0.5 0.91549563 
Car 0.5 3 0 669.92377 167.95421 693.9297 182.06274 0.5 0.5 0.5 0.5 0.5 0.5 0.5 0.70123833 
