Car 0.5 3 0 0.40247235 210.73138 189.38567 359.38025 0.5 0.5 0.5 0.5 0.5 0.5 0.5 0.99806255 
Car 0.5 3 0 769.8852 185.33994 1118.1324 369.35574 0.5 0.5 0.5 0.5 0.5 0.5 0.5 0.99461347 
Car 0.5 3 0 648.2914 178.91402 687.6329 214.176 0.5 0.5 0.5 0.5 0.5 0.5 0.5 0.99436307 
Car 0.5 3 0 688.997 183.51985 779.95166 250.0908 0.5 0.5 0.5 0.5 0.5 0.5 0.5 0.9927539 
Car 0.5 3 0 178.90611 196.93042 340.90384 290.42346 0.5 0.5 0.5 0.5 0.5 0.5 0.5 0.9925639 
Car 0.5 3 0 369.59766 184.43303 455.44977 238.61134 0.5 0.5 0.5 0.5 0.5 0.5 0.5 0.9912846 
Car 0.5 3 0 470.91653 177.969 520.9271 209.77916 0.5 0.5 0.5 0.5 0.5 0.5 0.5 0.98832405 
Car 0.5 3 0 667.47125 181.13634 719.78107 232.12752 0.5 0.5 0.5 0.5 0.5 0.5 0.5 0.9758271 
Car 0.5 3 0 519.738 173.9501 558.63837 197.46179 0.5 0.5 0.5 0.5 0.5 0.5 0.5 0.95993817 
Car 0.5 3 0 158.73277 188.39697 209.64352 212.47572 0.5 0.5 0.5 0.5 0.5 0.5 0.5 0.6682587 
Car 0.5 3 0 3.399547 178.85289 197.65266 229.08167 0.5 0.5 0.5 0.5 0.5 0.5 0.5 0.53500473 
Car 0.5 3 0 579.9213 169.20244 607.30054 186.43974 0.5 0.5 0.5 0.5 0.5 0.5 0.5 0.5288253 
