Car 0.5 3 0 947.23883 226.77849 1242.0 372.97214 0.5 0.5 0.5 0.5 0.5 0.5 0.5 0.99807286 
Car 0.5 3 0 738.4342 188.2002 1020.43524 338.5792 0.5 0.5 0.5 0.5 0.5 0.5 0.5 0.99516207 
Car 0.5 3 0 185.76816 189.79979 358.85147 280.47894 0.5 0.5 0.5 0.5 0.5 0.5 0.5 0.9925379 
Car 0.5 3 0 477.10663 174.88855 522.7872 198.03474 0.5 0.5 0.5 0.5 0.5 0.5 0.5 0.9882692 
Car 0.5 3 0 710.6047 180.39513 811.7327 262.72247 0.5 0.5 0.5 0.5 0.5 0.5 0.5 0.98749954 
Car 0.5 3 0 590.124 174.03438 640.0285 191.8081 0.5 0.5 0.5 0.5 0.5 0.5 0.5 0.98402816 
Car 0.5 3 0 340.36935 182.40195 424.9785 246.59299 0.5 0.5 0.5 0.5 0.5 0.5 0.5 0.9793138 
Car 0.5 3 0 430.32904 179.04312 472.9074 194.27553 0.5 0.5 0.5 0.5 0.5 0.5 0.5 0.90748173 
Car 0.5 3 0 656.7732 164.60014 679.2026 189.60628 0.5 0.5 0.5 0.5 0.5 0.5 0.5 0.72881275 
Pedestrian 0.5 3 0 663.76337 166.34901 676.7087 200.10905 0.5 0.5 0.5 0.5 0.5 0.5 0.5 0.6945709 
Pedestrian 0.5 3 0 712.4376 170.73743 720.9489 194.71376 0.5 0.5 0.5 0.5 0.5 0.5 0.5 0.6730176 
