Car 0.5 3 0 766.7168 188.49352 1201.0928 373.1143 0.5 0.5 0.5 0.5 0.5 0.5 0.5 0.9977156 
Car 0.5 3 0 0.0 212.49313 97.438286 357.4279 0.5 0.5 0.5 0.5 0.5 0.5 0.5 0.99299884 
Car 0.5 3 0 712.5369 185.02965 842.03357 286.15207 0.5 0.5 0.5 0.5 0.5 0.5 0.5 0.9907533 
Car 0.5 3 0 87.15987 200.09567 293.2817 306.15945 0.5 0.5 0.5 0.5 0.5 0.5 0.5 0.9873756 
Car 0.5 3 0 305.5936 174.7447 403.2544 215.38583 0.5 0.5 0.5 0.5 0.5 0.5 0.5 0.96316725 
Pedestrian 0.5 3 0 789.14105 150.3564 816.416 187.09163 0.5 0.5 0.5 0.5 0.5 0.5 0.5 0.95433754 
Pedestrian 0.5 3 0 818.8143 150.46068 849.0275 209.25084 0.5 0.5 0.5 0.5 0.5 0.5 0.5 0.9410562 
Car 0.5 3 0 1028.8888 156.13701 1078.9221 173.07686 0.5 0.5 0.5 0.5 0.5 0.5 0.5 0.78870475 
Car 0.5 3 0 264.75 182.10378 307.67352 212.12146 0.5 0.5 0.5 0.5 0.5 0.5 0.5 0.7672061 
Car 0.5 3 0 939.9527 163.13731 981.2224 188.35756 0.5 0.5 0.5 0.5 0.5 0.5 0.5 0.754778 
Car 0.5 3 0 398.13556 177.05511 449.5667 198.6637 0.5 0.5 0.5 0.5 0.5 0.5 0.5 0.7261803 
Car 0.5 3 0 395.80566 179.70547 415.1909 199.51158 0.5 0.5 0.5 0.5 0.5 0.5 0.5 0.52002615 
