Car 0.5 3 0 0.0 222.17758 115.9298 356.84436 0.5 0.5 0.5 0.5 0.5 0.5 0.5 0.9966781 
Car 0.5 3 0 691.2911 179.1205 814.23096 267.48663 0.5 0.5 0.5 0.5 0.5 0.5 0.5 0.9941228 
Car 0.5 3 0 419.3771 183.54643 481.69986 221.104 0.5 0.5 0.5 0.5 0.5 0.5 0.5 0.9926882 
Car 0.5 3 0 1025.3097 128.7093 1240.3723 274.83948 0.5 0.5 0.5 0.5 0.5 0.5 0.5 0.9924992 
Car 0.5 3 0 870.0275 150.69504 1102.1538 227.25516 0.5 0.5 0.5 0.5 0.5 0.5 0.5 0.99184847 
Car 0.5 3 0 468.7245 181.57352 500.2458 213.11371 0.5 0.5 0.5 0.5 0.5 0.5 0.5 0.98019284 
Car 0.5 3 0 1201.3287 213.14273 1241.8634 289.3354 0.5 0.5 0.5 0.5 0.5 0.5 0.5 0.96439326 
Car 0.5 3 0 291.53027 184.76202 403.18906 256.60562 0.5 0.5 0.5 0.5 0.5 0.5 0.5 0.95639855 
Car 0.5 3 0 502.61032 180.21045 526.9306 204.55266 0.5 0.5 0.5 0.5 0.5 0.5 0.5 0.94858956 
Car 0.5 3 0 519.2153 177.88347 540.81213 198.5831 0.5 0.5 0.5 0.5 0.5 0.5 0.5 0.92085695 
Car 0.5 3 0 718.2532 161.21571 798.9187 184.7908 0.5 0.5 0.5 0.5 0.5 0.5 0.5 0.83381104 
Car 0.5 3 0 200.76234 210.40384 322.57416 275.9516 0.5 0.5 0.5 0.5 0.5 0.5 0.5 0.8094315 
Car 0.5 3 0 606.3671 170.87381 623.7632 184.40425 0.5 0.5 0.5 0.5 0.5 0.5 0.5 0.66473806 
Car 0.5 3 0 495.2536 180.18922 513.5681 208.50148 0.5 0.5 0.5 0.5 0.5 0.5 0.5 0.6505392 
