Car 0.5 3 0 0.60150486 205.20885 147.48444 345.00458 0.5 0.5 0.5 0.5 0.5 0.5 0.5 0.99554646 
Car 0.5 3 0 824.1432 207.39542 1242.0 371.6136 0.5 0.5 0.5 0.5 0.5 0.5 0.5 0.9945787 
Car 0.5 3 0 449.55383 182.77574 500.0044 215.4191 0.5 0.5 0.5 0.5 0.5 0.5 0.5 0.9942232 
Car 0.5 3 0 329.6787 183.81242 406.51978 211.29607 0.5 0.5 0.5 0.5 0.5 0.5 0.5 0.9874906 
Car 0.5 3 0 105.835014 183.71579 173.8135 233.51212 0.5 0.5 0.5 0.5 0.5 0.5 0.5 0.98097265 
Car 0.5 3 0 638.01263 175.26321 699.18567 197.64697 0.5 0.5 0.5 0.5 0.5 0.5 0.5 0.9620938 
Pedestrian 0.5 3 0 667.0948 175.02094 683.2584 214.25319 0.5 0.5 0.5 0.5 0.5 0.5 0.5 0.89135593 
Car 0.5 3 0 29.701967 186.28972 114.26893 206.1272 0.5 0.5 0.5 0.5 0.5 0.5 0.5 0.8304763 
Car 0.5 3 0 509.0304 170.20558 590.3522 201.26399 0.5 0.5 0.5 0.5 0.5 0.5 0.5 0.7205615 
Car 0.5 3 0 507.142 172.05597 553.2952 199.66182 0.5 0.5 0.5 0.5 0.5 0.5 0.5 0.6530511 
Pedestrian 0.5 3 0 536.03235 171.7187 550.6703 203.97804 0.5 0.5 0.5 0.5 0.5 0.5 0.5 0.53784597 
Car 0.5 3 0 636.0581 177.1655 673.3653 195.88608 0.5 0.5 0.5 0.5 0.5 0.5 0.5 0.51946557 
