Car 0.5 3 0 717.2584 181.134 882.54504 284.41187 0.5 0.5 0.5 0.5 0.5 0.5 0.5 0.99709225 
Car 0.5 3 0 269.03043 192.29955 406.15573 263.97937 0.5 0.5 0.5 0.5 0.5 0.5 0.5 0.9968995 
Car 0.5 3 0 0.33219716 205.04633 258.58276 338.1638 0.5 0.5 0.5 0.5 0.5 0.5 0.5 0.9959513 
Car 0.5 3 0 1050.4125 149.41748 1241.4014 255.20174 0.5 0.5 0.5 0.5 0.5 0.5 0.5 0.9928215 
Car 0.5 3 0 684.32587 180.08156 761.2175 253.58322 0.5 0.5 0.5 0.5 0.5 0.5 0.5 0.9914466 
Car 0.5 3 0 638.37335 177.22122 668.29376 207.426 0.5 0.5 0.5 0.5 0.5 0.5 0.5 0.98835003 
Car 0.5 3 0 659.56854 180.5782 703.5306 221.73486 0.5 0.5 0.5 0.5 0.5 0.5 0.5 0.9842933 
Car 0.5 3 0 391.11526 188.79541 450.92776 238.73058 0.5 0.5 0.5 0.5 0.5 0.5 0.5 0.9780513 
Car 0.5 3 0 563.72845 175.738 602.3386 195.39061 0.5 0.5 0.5 0.5 0.5 0.5 0.5 0.9681575 
Car 0.5 3 0 501.51743 180.27846 539.9207 203.53665 0.5 0.5 0.5 0.5 0.5 0.5 0.5 0.95895165 
Car 0.5 3 0 453.03793 186.42055 502.9987 220.6005 0.5 0.5 0.5 0.5 0.5 0.5 0.5 0.94943774 
Car 0.5 3 0 915.78723 159.36208 1126.6289 227.65219 0.5 0.5 0.5 0.5 0.5 0.5 0.5 0.8951908 
Car 0.5 3 0 915.8874 175.08781 992.60156 218.86864 0.5 0.5 0.5 0.5 0.5 0.5 0.5 0.8180151 
Car 0.5 3 0 1047.4208 158.69257 1129.9758 214.12668 0.5 0.5 0.5 0.5 0.5 0.5 0.5 0.8153988 
Car 0.5 3 0 651.2338 181.85466 669.3998 214.88603 0.5 0.5 0.5 0.5 0.5 0.5 0.5 0.5898568 
