Car 0.5 3 0 0.46993968 214.0313 172.19746 364.8156 0.5 0.5 0.5 0.5 0.5 0.5 0.5 0.99658054 
Car 0.5 3 0 683.70325 178.27118 792.7671 259.17075 0.5 0.5 0.5 0.5 0.5 0.5 0.5 0.99556255 
Car 0.5 3 0 427.6674 182.91737 488.2412 218.31157 0.5 0.5 0.5 0.5 0.5 0.5 0.5 0.99130297 
Car 0.5 3 0 978.46643 128.87303 1238.1208 265.1824 0.5 0.5 0.5 0.5 0.5 0.5 0.5 0.9884421 
Car 0.5 3 0 845.376 152.55875 1054.0374 229.0714 0.5 0.5 0.5 0.5 0.5 0.5 0.5 0.984098 
Car 0.5 3 0 1115.6772 183.03835 1242.0 285.61884 0.5 0.5 0.5 0.5 0.5 0.5 0.5 0.9813913 
Car 0.5 3 0 471.53186 181.42645 502.1755 210.82587 0.5 0.5 0.5 0.5 0.5 0.5 0.5 0.96693826 
Car 0.5 3 0 302.43033 184.38994 417.06393 251.20044 0.5 0.5 0.5 0.5 0.5 0.5 0.5 0.92609495 
Car 0.5 3 0 504.92703 179.47394 527.0783 202.90614 0.5 0.5 0.5 0.5 0.5 0.5 0.5 0.92272973 
Car 0.5 3 0 521.35706 178.50562 541.1432 197.05879 0.5 0.5 0.5 0.5 0.5 0.5 0.5 0.9077377 
Car 0.5 3 0 711.6717 160.81331 797.4154 186.5762 0.5 0.5 0.5 0.5 0.5 0.5 0.5 0.87306994 
Car 0.5 3 0 233.73393 207.51688 339.98325 268.1286 0.5 0.5 0.5 0.5 0.5 0.5 0.5 0.86525095 
Car 0.5 3 0 605.7865 170.32379 622.5353 185.07373 0.5 0.5 0.5 0.5 0.5 0.5 0.5 0.82658166 
Car 0.5 3 0 495.59232 179.59605 513.9438 207.03008 0.5 0.5 0.5 0.5 0.5 0.5 0.5 0.5724187 
Car 0.5 3 0 711.8547 161.97481 763.7445 181.5887 0.5 0.5 0.5 0.5 0.5 0.5 0.5 0.50695354 
