Car 0.5 3 0 745.5837 196.98607 853.9099 281.553 0.5 0.5 0.5 0.5 0.5 0.5 0.5 0.99513173 
Car 0.5 3 0 472.08426 190.76642 533.4617 228.17534 0.5 0.5 0.5 0.5 0.5 0.5 0.5 0.9939314 
Car 0.5 3 0 713.7117 186.32286 792.6834 252.04163 0.5 0.5 0.5 0.5 0.5 0.5 0.5 0.9878007 
Car 0.5 3 0 564.94714 185.74092 597.81555 204.00183 0.5 0.5 0.5 0.5 0.5 0.5 0.5 0.9727754 
Car 0.5 3 0 699.89844 187.96104 732.7382 230.49829 0.5 0.5 0.5 0.5 0.5 0.5 0.5 0.95707965 
Car 0.5 3 0 678.976 184.7691 706.5606 216.97021 0.5 0.5 0.5 0.5 0.5 0.5 0.5 0.9345725 
Car 0.5 3 0 522.2304 187.90857 546.29315 218.83543 0.5 0.5 0.5 0.5 0.5 0.5 0.5 0.93067735 
Car 0.5 3 0 654.26154 181.25847 680.95355 195.56003 0.5 0.5 0.5 0.5 0.5 0.5 0.5 0.9299876 
Car 0.5 3 0 528.77374 188.09183 560.09314 215.3309 0.5 0.5 0.5 0.5 0.5 0.5 0.5 0.88542753 
Car 0.5 3 0 544.0565 189.56618 561.9328 213.07684 0.5 0.5 0.5 0.5 0.5 0.5 0.5 0.81419224 
Car 0.5 3 0 646.8721 183.74028 656.53314 193.83614 0.5 0.5 0.5 0.5 0.5 0.5 0.5 0.705751 
Car 0.5 3 0 693.0871 187.02147 713.7127 223.68683 0.5 0.5 0.5 0.5 0.5 0.5 0.5 0.6129458 
Car 0.5 3 0 583.26056 184.50522 599.73376 202.067 0.5 0.5 0.5 0.5 0.5 0.5 0.5 0.5735706 
Car 0.5 3 0 683.27466 184.9246 721.3944 221.10214 0.5 0.5 0.5 0.5 0.5 0.5 0.5 0.53953207 
