Car 0.5 3 0 353.91925 193.72969 431.596 243.70634 0.5 0.5 0.5 0.5 0.5 0.5 0.5 0.99515617 
Car 0.5 3 0 422.9851 191.66243 466.32922 228.67123 0.5 0.5 0.5 0.5 0.5 0.5 0.5 0.9938021 
Car 0.5 3 0 1042.4949 137.02982 1155.9388 180.56354 0.5 0.5 0.5 0.5 0.5 0.5 0.5 0.9792365 
Car 0.5 3 0 5.1209273 205.01808 111.38867 243.14532 0.5 0.5 0.5 0.5 0.5 0.5 0.5 0.9747673 
Car 0.5 3 0 648.6858 173.75087 707.7216 221.22954 0.5 0.5 0.5 0.5 0.5 0.5 0.5 0.94651943 
Car 0.5 3 0 457.60718 181.1423 500.60532 215.32475 0.5 0.5 0.5 0.5 0.5 0.5 0.5 0.92388564 
Car 0.5 3 0 622.5927 175.39812 641.3715 192.08752 0.5 0.5 0.5 0.5 0.5 0.5 0.5 0.90985596 
Car 0.5 3 0 530.8326 180.4759 550.43976 195.75989 0.5 0.5 0.5 0.5 0.5 0.5 0.5 0.9094005 
Car 0.5 3 0 502.74478 182.12454 530.36 205.65952 0.5 0.5 0.5 0.5 0.5 0.5 0.5 0.87282604 
Car 0.5 3 0 559.16864 179.13974 584.3751 193.0806 0.5 0.5 0.5 0.5 0.5 0.5 0.5 0.72838557 
Car 0.5 3 0 494.71432 182.57693 511.17886 209.64403 0.5 0.5 0.5 0.5 0.5 0.5 0.5 0.716163 
Car 0.5 3 0 101.59415 204.54471 154.21123 241.8646 0.5 0.5 0.5 0.5 0.5 0.5 0.5 0.67400223 
Car 0.5 3 0 1127.0254 117.84808 1220.6875 175.7371 0.5 0.5 0.5 0.5 0.5 0.5 0.5 0.63960314 
Car 0.5 3 0 696.40314 168.5433 712.9812 185.03326 0.5 0.5 0.5 0.5 0.5 0.5 0.5 0.58525616 
Car 0.5 3 0 1205.1345 145.54472 1241.9855 170.78134 0.5 0.5 0.5 0.5 0.5 0.5 0.5 0.55287945 
