Car 0.5 3 0 511.69565 188.1826 574.11786 229.9759 0.5 0.5 0.5 0.5 0.5 0.5 0.5 0.99463177 
Car 0.5 3 0 609.7509 199.04268 771.8885 296.95486 0.5 0.5 0.5 0.5 0.5 0.5 0.5 0.9944882 
Car 0.5 3 0 0.06314177 244.69939 80.91015 370.2893 0.5 0.5 0.5 0.5 0.5 0.5 0.5 0.99421257 
Car 0.5 3 0 35.15566 215.48643 212.93916 331.04602 0.5 0.5 0.5 0.5 0.5 0.5 0.5 0.9938207 
Car 0.5 3 0 339.65936 191.8279 389.76498 221.57585 0.5 0.5 0.5 0.5 0.5 0.5 0.5 0.9902176 
Car 0.5 3 0 798.7554 115.98919 1240.5742 371.63098 0.5 0.5 0.5 0.5 0.5 0.5 0.5 0.9819026 
Car 0.5 3 0 711.68555 172.08702 815.24347 211.46292 0.5 0.5 0.5 0.5 0.5 0.5 0.5 0.9801476 
Car 0.5 3 0 392.88928 190.62463 412.12048 210.43001 0.5 0.5 0.5 0.5 0.5 0.5 0.5 0.94452524 
Car 0.5 3 0 461.37158 187.9514 474.5165 196.32256 0.5 0.5 0.5 0.5 0.5 0.5 0.5 0.9016265 
Car 0.5 3 0 431.3952 188.2484 447.57245 201.59909 0.5 0.5 0.5 0.5 0.5 0.5 0.5 0.8451119 
Car 0.5 3 0 135.73462 196.51363 199.6769 218.4667 0.5 0.5 0.5 0.5 0.5 0.5 0.5 0.8425318 
Car 0.5 3 0 506.44135 189.12825 530.0407 219.62047 0.5 0.5 0.5 0.5 0.5 0.5 0.5 0.83438724 
Car 0.5 3 0 372.62714 191.2338 393.34885 215.30772 0.5 0.5 0.5 0.5 0.5 0.5 0.5 0.7659795 
Car 0.5 3 0 382.88406 190.91284 407.12634 212.89993 0.5 0.5 0.5 0.5 0.5 0.5 0.5 0.7512302 
Cyclist 0.5 3 0 815.0971 176.45789 865.7165 199.66525 0.5 0.5 0.5 0.5 0.5 0.5 0.5 0.6731766 
Car 0.5 3 0 500.5689 183.0457 528.14624 201.56107 0.5 0.5 0.5 0.5 0.5 0.5 0.5 0.5223099 
Car 0.5 3 0 499.0432 187.37909 514.31866 202.86678 0.5 0.5 0.5 0.5 0.5 0.5 0.5 0.51101375 
Car 0.5 3 0 681.0367 179.3837 725.7095 201.29846 0.5 0.5 0.5 0.5 0.5 0.5 0.5 0.5012066 
