Car 0.5 3 0 341.61826 187.58806 455.7902 253.19583 0.5 0.5 0.5 0.5 0.5 0.5 0.5 0.9975684 
Car 0.5 3 0 810.3874 187.83755 1126.0728 365.99048 0.5 0.5 0.5 0.5 0.5 0.5 0.5 0.99551916 
Car 0.5 3 0 708.9896 182.88185 781.8994 243.9224 0.5 0.5 0.5 0.5 0.5 0.5 0.5 0.9894036 
Car 0.5 3 0 436.4027 184.12794 498.9053 232.30254 0.5 0.5 0.5 0.5 0.5 0.5 0.5 0.9874835 
Car 0.5 3 0 743.22925 186.73706 867.05176 278.18427 0.5 0.5 0.5 0.5 0.5 0.5 0.5 0.9873399 
Car 0.5 3 0 530.18884 178.34024 565.02765 203.15761 0.5 0.5 0.5 0.5 0.5 0.5 0.5 0.97145754 
Car 0.5 3 0 679.9408 179.36652 711.50183 217.77773 0.5 0.5 0.5 0.5 0.5 0.5 0.5 0.9622703 
Car 0.5 3 0 483.4457 183.43556 520.94385 219.52608 0.5 0.5 0.5 0.5 0.5 0.5 0.5 0.96052974 
Car 0.5 3 0 684.9896 180.04306 725.8629 224.33481 0.5 0.5 0.5 0.5 0.5 0.5 0.5 0.95843714 
Car 0.5 3 0 638.0883 176.5327 655.13837 188.57188 0.5 0.5 0.5 0.5 0.5 0.5 0.5 0.8866443 
Car 0.5 3 0 558.1361 178.44342 573.4055 199.07074 0.5 0.5 0.5 0.5 0.5 0.5 0.5 0.8722307 
Car 0.5 3 0 698.4291 182.95563 735.56287 228.02426 0.5 0.5 0.5 0.5 0.5 0.5 0.5 0.73341715 
Car 0.5 3 0 674.1862 178.5453 699.1124 210.60135 0.5 0.5 0.5 0.5 0.5 0.5 0.5 0.6265643 
Car 0.5 3 0 1006.85175 177.97989 1067.2561 197.62862 0.5 0.5 0.5 0.5 0.5 0.5 0.5 0.52048296 
