Car 0.5 3 0 157.05899 195.19406 382.29202 317.57047 0.5 0.5 0.5 0.5 0.5 0.5 0.5 0.9985067 
Car 0.5 3 0 441.29947 191.69852 491.30136 241.58916 0.5 0.5 0.5 0.5 0.5 0.5 0.5 0.9901522 
Car 0.5 3 0 473.87543 186.78856 519.3835 229.74353 0.5 0.5 0.5 0.5 0.5 0.5 0.5 0.9876753 
Car 0.5 3 0 153.34978 180.56548 249.84737 221.99069 0.5 0.5 0.5 0.5 0.5 0.5 0.5 0.98756033 
Car 0.5 3 0 354.9869 186.4357 452.0874 263.15045 0.5 0.5 0.5 0.5 0.5 0.5 0.5 0.98258334 
Car 0.5 3 0 565.41516 179.99924 601.8814 200.55124 0.5 0.5 0.5 0.5 0.5 0.5 0.5 0.97208554 
Car 0.5 3 0 615.61017 179.12303 637.30084 190.93793 0.5 0.5 0.5 0.5 0.5 0.5 0.5 0.94168806 
Car 0.5 3 0 689.10077 174.5049 743.5747 217.99265 0.5 0.5 0.5 0.5 0.5 0.5 0.5 0.921918 
Car 0.5 3 0 593.0933 179.70467 612.622 197.0612 0.5 0.5 0.5 0.5 0.5 0.5 0.5 0.871225 
Car 0.5 3 0 601.09045 180.09781 615.8017 196.06596 0.5 0.5 0.5 0.5 0.5 0.5 0.5 0.72860503 
Car 0.5 3 0 459.7514 188.05763 501.73273 235.28256 0.5 0.5 0.5 0.5 0.5 0.5 0.5 0.70067906 
Car 0.5 3 0 685.7533 176.80528 704.4497 203.68509 0.5 0.5 0.5 0.5 0.5 0.5 0.5 0.51370496 
