Car 0.5 3 0 762.5004 182.66467 1015.9372 360.7037 0.5 0.5 0.5 0.5 0.5 0.5 0.5 0.99579865 
Car 0.5 3 0 72.51379 206.60535 299.04474 319.37155 0.5 0.5 0.5 0.5 0.5 0.5 0.5 0.9954543 
Car 0.5 3 0 593.52313 176.28937 634.36975 196.00214 0.5 0.5 0.5 0.5 0.5 0.5 0.5 0.9723913 
Car 0.5 3 0 120.760956 201.19698 171.60503 231.00984 0.5 0.5 0.5 0.5 0.5 0.5 0.5 0.9711819 
Car 0.5 3 0 446.20444 187.40324 489.62793 220.04366 0.5 0.5 0.5 0.5 0.5 0.5 0.5 0.96579146 
Car 0.5 3 0 635.564 175.22165 675.3464 205.45789 0.5 0.5 0.5 0.5 0.5 0.5 0.5 0.9651447 
Car 0.5 3 0 476.50446 185.46785 507.38553 214.18497 0.5 0.5 0.5 0.5 0.5 0.5 0.5 0.9633575 
Car 0.5 3 0 499.16513 180.28741 526.44855 204.93529 0.5 0.5 0.5 0.5 0.5 0.5 0.5 0.9626758 
Car 0.5 3 0 255.38852 195.32394 302.16306 222.04698 0.5 0.5 0.5 0.5 0.5 0.5 0.5 0.935376 
Car 0.5 3 0 800.8672 164.74455 834.0548 179.54272 0.5 0.5 0.5 0.5 0.5 0.5 0.5 0.9146707 
Car 0.5 3 0 186.02011 196.56456 256.28143 209.83592 0.5 0.5 0.5 0.5 0.5 0.5 0.5 0.9011774 
Car 0.5 3 0 541.19226 180.8587 559.4816 194.01523 0.5 0.5 0.5 0.5 0.5 0.5 0.5 0.88470453 
Car 0.5 3 0 665.91974 166.45877 699.9949 181.96158 0.5 0.5 0.5 0.5 0.5 0.5 0.5 0.82938546 
Car 0.5 3 0 567.3212 178.50706 586.95087 189.96655 0.5 0.5 0.5 0.5 0.5 0.5 0.5 0.81308234 
Car 0.5 3 0 515.11896 180.79417 534.0052 202.23323 0.5 0.5 0.5 0.5 0.5 0.5 0.5 0.69632727 
