Car 0.5 3 0 314.9251 187.50574 427.56592 261.7719 0.5 0.5 0.5 0.5 0.5 0.5 0.5 0.9960323 
Car 0.5 3 0 147.90579 181.72134 203.68279 219.81007 0.5 0.5 0.5 0.5 0.5 0.5 0.5 0.9893825 
Pedestrian 0.5 3 0 717.5991 169.88297 741.2393 227.60004 0.5 0.5 0.5 0.5 0.5 0.5 0.5 0.98585504 
Car 0.5 3 0 611.60236 174.5441 693.2093 200.35408 0.5 0.5 0.5 0.5 0.5 0.5 0.5 0.9424627 
Car 0.5 3 0 496.14633 176.65604 568.1682 205.16415 0.5 0.5 0.5 0.5 0.5 0.5 0.5 0.937973 
Car 0.5 3 0 529.3907 176.76915 569.217 202.75018 0.5 0.5 0.5 0.5 0.5 0.5 0.5 0.81111324 
Car 0.5 3 0 489.97046 179.8136 528.309 203.14113 0.5 0.5 0.5 0.5 0.5 0.5 0.5 0.63417184 
Pedestrian 0.5 3 0 503.26245 170.35133 523.8711 218.54665 0.5 0.5 0.5 0.5 0.5 0.5 0.5 0.5805457 
Car 0.5 3 0 127.33195 191.03879 161.01721 237.43512 0.5 0.5 0.5 0.5 0.5 0.5 0.5 0.5677868 
Car 0.5 3 0 322.4086 174.41216 394.73544 202.96513 0.5 0.5 0.5 0.5 0.5 0.5 0.5 0.519655 
