Car 0.5 3 0 273.00644 192.7589 423.80527 285.83768 0.5 0.5 0.5 0.5 0.5 0.5 0.5 0.997855 
Car 0.5 3 0 882.62823 212.81972 1242.0 368.5017 0.5 0.5 0.5 0.5 0.5 0.5 0.5 0.9925701 
Car 0.5 3 0 466.54922 191.41016 506.86786 237.25014 0.5 0.5 0.5 0.5 0.5 0.5 0.5 0.99018306 
Car 0.5 3 0 487.998 186.315 532.5427 228.05702 0.5 0.5 0.5 0.5 0.5 0.5 0.5 0.98889786 
Car 0.5 3 0 404.0004 188.8858 476.39847 250.35641 0.5 0.5 0.5 0.5 0.5 0.5 0.5 0.9831934 
Car 0.5 3 0 0.670728 197.42357 93.344475 243.84003 0.5 0.5 0.5 0.5 0.5 0.5 0.5 0.9780343 
Car 0.5 3 0 573.4885 181.827 606.9844 202.25552 0.5 0.5 0.5 0.5 0.5 0.5 0.5 0.9559247 
Car 0.5 3 0 214.66998 183.12129 287.4941 217.8944 0.5 0.5 0.5 0.5 0.5 0.5 0.5 0.9244931 
Car 0.5 3 0 619.0889 180.65112 641.74603 192.88643 0.5 0.5 0.5 0.5 0.5 0.5 0.5 0.9033394 
Car 0.5 3 0 594.8204 181.2496 618.046 198.51341 0.5 0.5 0.5 0.5 0.5 0.5 0.5 0.8718627 
Car 0.5 3 0 687.62604 176.92018 734.8142 217.3447 0.5 0.5 0.5 0.5 0.5 0.5 0.5 0.853292 
