Car 0.5 3 0 832.0263 151.41621 990.8716 208.87218 0.5 0.5 0.5 0.5 0.5 0.5 0.5 0.996269 
Car 0.5 3 0 0.9880256 216.0925 204.32336 364.7606 0.5 0.5 0.5 0.5 0.5 0.5 0.5 0.99409276 
Car 0.5 3 0 196.95232 199.76965 340.5195 289.56912 0.5 0.5 0.5 0.5 0.5 0.5 0.5 0.9924636 
Car 0.5 3 0 393.55716 189.48317 451.21844 234.286 0.5 0.5 0.5 0.5 0.5 0.5 0.5 0.99013525 
Car 0.5 3 0 1154.1392 136.16624 1237.1339 179.09978 0.5 0.5 0.5 0.5 0.5 0.5 0.5 0.9883145 
Car 0.5 3 0 444.68893 187.19421 491.05063 221.18747 0.5 0.5 0.5 0.5 0.5 0.5 0.5 0.987331 
Car 0.5 3 0 794.03754 158.74294 855.7133 201.47708 0.5 0.5 0.5 0.5 0.5 0.5 0.5 0.98494357 
Car 0.5 3 0 326.76846 195.56422 402.91568 255.20082 0.5 0.5 0.5 0.5 0.5 0.5 0.5 0.98000884 
Car 0.5 3 0 595.63513 172.89659 616.54877 190.03485 0.5 0.5 0.5 0.5 0.5 0.5 0.5 0.97765905 
Car 0.5 3 0 753.37585 160.60667 826.22516 198.93008 0.5 0.5 0.5 0.5 0.5 0.5 0.5 0.96507084 
Car 0.5 3 0 651.1123 175.53035 700.2831 212.1477 0.5 0.5 0.5 0.5 0.5 0.5 0.5 0.9589331 
Car 0.5 3 0 630.46716 176.59163 652.60614 199.88258 0.5 0.5 0.5 0.5 0.5 0.5 0.5 0.85375774 
Car 0.5 3 0 641.48816 174.76758 684.94794 206.27885 0.5 0.5 0.5 0.5 0.5 0.5 0.5 0.8311688 
Car 0.5 3 0 639.0358 176.55742 655.6527 203.55603 0.5 0.5 0.5 0.5 0.5 0.5 0.5 0.816175 
Car 0.5 3 0 501.0998 180.87999 530.41266 205.27426 0.5 0.5 0.5 0.5 0.5 0.5 0.5 0.7780564 
Car 0.5 3 0 646.1028 176.82086 665.782 210.69896 0.5 0.5 0.5 0.5 0.5 0.5 0.5 0.7378521 
Car 0.5 3 0 477.09793 183.37422 508.11252 212.35823 0.5 0.5 0.5 0.5 0.5 0.5 0.5 0.7098146 
Car 0.5 3 0 739.9392 152.08156 900.78986 199.24855 0.5 0.5 0.5 0.5 0.5 0.5 0.5 0.648575 
Car 0.5 3 0 526.57697 179.26207 548.6561 197.45137 0.5 0.5 0.5 0.5 0.5 0.5 0.5 0.634404 
