Car 0.5 3 0 307.60696 181.23216 417.55008 248.05493 0.5 0.5 0.5 0.5 0.5 0.5 0.5 0.9978795 
Car 0.5 3 0 797.83484 187.24966 1171.6665 369.03143 0.5 0.5 0.5 0.5 0.5 0.5 0.5 0.9930195 
Car 0.5 3 0 719.46674 182.44963 862.46124 277.63898 0.5 0.5 0.5 0.5 0.5 0.5 0.5 0.98373044 
Car 0.5 3 0 699.9822 178.37004 780.9009 236.01247 0.5 0.5 0.5 0.5 0.5 0.5 0.5 0.9812185 
Car 0.5 3 0 399.09305 177.22993 464.01688 228.80875 0.5 0.5 0.5 0.5 0.5 0.5 0.5 0.9731128 
Car 0.5 3 0 607.6504 170.7446 657.00275 187.24094 0.5 0.5 0.5 0.5 0.5 0.5 0.5 0.9549182 
Car 0.5 3 0 696.3104 163.67543 718.65234 182.51073 0.5 0.5 0.5 0.5 0.5 0.5 0.5 0.89924926 
Car 0.5 3 0 506.8183 174.02408 532.59973 188.77002 0.5 0.5 0.5 0.5 0.5 0.5 0.5 0.8549768 
Pedestrian 0.5 3 0 703.58057 164.85435 718.4816 200.53342 0.5 0.5 0.5 0.5 0.5 0.5 0.5 0.82634133 
Car 0.5 3 0 470.2225 173.94572 520.8108 192.14058 0.5 0.5 0.5 0.5 0.5 0.5 0.5 0.72868973 
Pedestrian 0.5 3 0 663.7764 168.72745 672.406 192.4369 0.5 0.5 0.5 0.5 0.5 0.5 0.5 0.56172603 
