Car 0.5 3 0 418.45844 185.77483 498.893 237.3125 0.5 0.5 0.5 0.5 0.5 0.5 0.5 0.99046504 
Car 0.5 3 0 702.3564 164.94083 808.72864 202.3235 0.5 0.5 0.5 0.5 0.5 0.5 0.5 0.98898214 
Car 0.5 3 0 0.0 205.03291 176.40561 353.68283 0.5 0.5 0.5 0.5 0.5 0.5 0.5 0.9889686 
Car 0.5 3 0 486.4651 185.18369 523.4901 217.72267 0.5 0.5 0.5 0.5 0.5 0.5 0.5 0.98343164 
Car 0.5 3 0 618.7102 178.43713 655.91174 206.26003 0.5 0.5 0.5 0.5 0.5 0.5 0.5 0.977415 
Car 0.5 3 0 698.0371 165.52838 741.98755 192.03908 0.5 0.5 0.5 0.5 0.5 0.5 0.5 0.86846244 
Car 0.5 3 0 286.66025 194.16121 384.47623 252.47643 0.5 0.5 0.5 0.5 0.5 0.5 0.5 0.8446204 
Car 0.5 3 0 575.7643 176.01944 588.89886 188.0192 0.5 0.5 0.5 0.5 0.5 0.5 0.5 0.7779713 
Car 0.5 3 0 837.69916 159.24234 877.1988 177.45872 0.5 0.5 0.5 0.5 0.5 0.5 0.5 0.73601156 
Car 0.5 3 0 860.32367 154.97726 906.4042 179.30693 0.5 0.5 0.5 0.5 0.5 0.5 0.5 0.698625 
Car 0.5 3 0 518.00726 180.60625 539.92206 195.69069 0.5 0.5 0.5 0.5 0.5 0.5 0.5 0.6973701 
Car 0.5 3 0 798.91345 159.92813 837.2766 176.65994 0.5 0.5 0.5 0.5 0.5 0.5 0.5 0.5280016 
Car 0.5 3 0 838.499 162.50418 862.1717 177.29143 0.5 0.5 0.5 0.5 0.5 0.5 0.5 0.5083779 
Car 0.5 3 0 860.0913 157.76509 885.40234 177.44044 0.5 0.5 0.5 0.5 0.5 0.5 0.5 0.5048832 
Car 0.5 3 0 924.2091 146.86522 953.9564 174.83182 0.5 0.5 0.5 0.5 0.5 0.5 0.5 0.5011456 
