Car 0.5 3 0 367.87064 190.12875 477.8291 257.01706 0.5 0.5 0.5 0.5 0.5 0.5 0.5 0.9940189 
Car 0.5 3 0 723.1432 164.60954 835.84045 205.3242 0.5 0.5 0.5 0.5 0.5 0.5 0.5 0.99302375 
Car 0.5 3 0 459.94684 187.54115 506.6625 227.75705 0.5 0.5 0.5 0.5 0.5 0.5 0.5 0.9890352 
Car 0.5 3 0 621.92206 178.30232 660.8931 208.1623 0.5 0.5 0.5 0.5 0.5 0.5 0.5 0.96990335 
Car 0.5 3 0 206.53357 201.90825 343.8276 271.55405 0.5 0.5 0.5 0.5 0.5 0.5 0.5 0.9448297 
Car 0.5 3 0 576.6513 176.5153 590.7365 188.61992 0.5 0.5 0.5 0.5 0.5 0.5 0.5 0.8083828 
Car 0.5 3 0 884.87494 151.52309 929.2569 177.94492 0.5 0.5 0.5 0.5 0.5 0.5 0.5 0.78249955 
Car 0.5 3 0 517.39124 182.10564 538.0209 198.84985 0.5 0.5 0.5 0.5 0.5 0.5 0.5 0.76318616 
Car 0.5 3 0 491.1896 183.87039 516.19385 204.43369 0.5 0.5 0.5 0.5 0.5 0.5 0.5 0.731921 
Car 0.5 3 0 937.4372 144.03966 987.0183 175.26947 0.5 0.5 0.5 0.5 0.5 0.5 0.5 0.6617742 
Car 0.5 3 0 879.26135 157.21506 902.1618 175.26764 0.5 0.5 0.5 0.5 0.5 0.5 0.5 0.6591894 
Car 0.5 3 0 656.2037 168.79805 697.05994 185.17859 0.5 0.5 0.5 0.5 0.5 0.5 0.5 0.6197267 
Car 0.5 3 0 860.3434 156.33974 900.64746 175.97275 0.5 0.5 0.5 0.5 0.5 0.5 0.5 0.5952919 
